0,1,2,3,4,5,6,7,8,9,Y
0.00269598604302461,0.05110389567183492,0.0032835091527176887,0.0013875620827865053,0.001957055590366366,0.0016384377405835573,0.07839128689779899,0.011419223491898545,0.004662227544473296,0.8434608157845161,9
0.998985569763788,2.3459602055853936e-05,1.203325813403728e-05,1.7802350865785936e-05,5.26774470215983e-06,0.00019994512150873416,0.00015694577168276865,0.0004082240394050879,0.00014582801842233622,4.492432943539967e-05,0
0.0015739299663283645,0.0008833370668675786,3.891669677539774e-05,0.00030387820192817616,0.9782345474132463,0.0012213101535036848,0.003167671768993073,0.007481611039553393,0.006887952441717486,0.00020684525108695902,4
0.0005616559622130112,0.00043587406645175533,0.8474825587249194,0.003965323965384772,0.0004789244294030649,0.01472694264397848,0.0003829449783410219,0.019023749315254995,0.015729545531062133,0.09721248038299159,2
2.394583967370701e-06,1.964353193959733e-06,3.8097888551555784e-05,6.647911654468266e-05,9.254355261576655e-07,4.280866691927907e-06,4.918681483736621e-07,0.000789925267639393,0.0004357540458093527,0.9986596865739271,9
0.8103209848147704,0.0011958258301826498,0.024001452373940614,0.09719362768771815,0.009801741374024581,0.004617294960954102,0.0015928793535344024,0.01768167831362518,0.0036442716825865543,0.02995024360866378,0
1.1514969764419668e-05,0.0005420629627987716,1.9334195273680098e-05,4.4551158477619016e-05,5.165379340520682e-05,0.020939962779238305,2.9844329591709882e-05,0.9664175074558059,0.011815894027317636,0.00012767432832672527,7
9.39763854795222e-07,2.2504190339167446e-06,9.591720060125123e-07,1.2743179276964796e-06,0.9974296033399155,0.0003963654761654845,3.4296843255019446e-05,0.0007952480196342239,0.0013292317764028892,9.830871804565582e-06,4
0.9998420553630097,2.4476017606149837e-06,2.0913493327472515e-07,6.415507351143667e-08,3.557282723509026e-07,4.0199603904411163e-07,9.759397369853826e-06,3.833441855613371e-05,0.00010574047908142968,6.317259038275984e-07,0
0.01426280208743406,0.6012367830805011,0.0010832492921665701,0.05888066104180999,0.021625050321026427,0.005308477853826023,0.27439257731850086,0.013207947373967669,0.004106586044488242,0.005895865586279384,1
0.022568700563151346,0.17722954303623809,0.006496182489484042,0.041256936341599264,0.028393883034786384,0.4704532035524036,0.03497552895646283,0.07115256390365927,0.12908018620539632,0.018393271916818842,5
0.0016547854459268603,0.007161737359287156,0.24805828168739474,0.056363065672438276,0.00470290032776495,0.0021324249879391436,0.003599651644612848,0.0031374509833357743,0.012480852481536549,0.6607088494097637,2
0.004221984110396535,0.0005508845741597428,0.01733620986501948,0.8192209764573922,0.0020733285138095437,0.013880309779881557,0.0013004453493036462,0.08502332832018022,0.0017828530044495298,0.054609680025407184,3
0.00020196386942777906,0.0014233139644779845,0.023395129354300305,0.005479740754624836,0.00022932445066411558,0.030825877867322642,0.00042214463478157995,0.20066249752431106,0.6169896463123485,0.12037036126774137,7
0.00047538170417326623,0.0009167295753531951,0.04607586224573522,0.017587340001269915,0.0005843088766390483,0.001285140339691823,0.0006095443930070012,0.007301256157786331,0.005450247836585704,0.919714188869759,9
0.010922164792654773,0.003669777901785035,0.12848971086936592,0.7771751051264794,0.012301574373402374,0.009291184367674472,0.0012761613377237813,0.026566424266335546,0.0066275928145059435,0.023680304150072277,2
1.1258617113937221e-05,6.048619735905127e-05,0.9742076631328495,0.006559876621444845,1.3112612250125607e-05,0.00016505775198285161,1.4982823856630165e-05,0.003151569699966662,0.0029878376805310154,0.012828154862645366,2
1.5072533668345598e-05,0.9875595770523397,3.6637955244342646e-05,7.134189474492998e-05,0.0002795593980295939,0.005342467512083892,0.0015932461082704627,0.005044497065301894,3.130031051223171e-05,2.6300169804794875e-05,1
7.605941486285021e-14,4.4428443022096534e-13,6.26975902194703e-14,9.739723611609392e-14,2.994922187937935e-13,1.6303739769819505e-13,0.9999997228448226,1.33194513050725e-07,6.669307737368987e-08,7.726644426857862e-08,6
0.9855091204234627,0.00031593070746415715,0.00031910835924882564,0.0005213040393927924,0.0016219971038697414,0.0029946589145701773,0.0009676940784502469,0.0008214832474763254,0.00568730984564011,0.0012413932804246621,0
0.00043356493471712645,0.11025415886013576,0.0051260094363945645,0.0776229126605922,0.0003780925496868674,0.6941090156536645,0.000676822274442,0.07657920227591658,0.020846290610744497,0.013973930743706028,5
0.0031326556996941804,0.0011948231220933103,0.01393536584963326,0.012521225856316013,0.001075699853262713,0.0014859619069717324,0.0004722504255092617,0.009079309385203582,0.005898247499706673,0.9512044604016093,9
1.3748161012591419e-05,3.079765714599798e-05,9.842488959357263e-06,9.938711597390796e-06,0.9912483761304274,9.069984173433404e-05,0.00688821247593685,0.0011317875731841052,0.0005643631582299736,1.2233801772205685e-05,4
4.273736495759517e-06,3.2925765805062824e-05,0.9896626257305904,0.004237803590504096,7.666176044793862e-06,0.0010299995667573684,5.347400468698083e-06,0.0033829095711649377,0.000550656077529906,0.0010857923846392084,2
0.016537188591497914,0.01402068037146617,0.00552922088917568,0.004846154071420026,0.9173405809097656,0.0036703686559881174,0.022586870428375462,0.008358833855219312,0.006088674441514426,0.0010214277855773995,4
2.200646300782711e-06,7.026309626256751e-07,0.00020858797924414968,0.0008518609315749127,1.9341048030259353e-06,0.0003701458960977282,3.1235615289111417e-06,0.005367810092048453,0.9926322353495667,0.0005613988078726392,8
0.00029377467151119583,0.0006805901486889536,0.010463575609514828,0.0058303714044167666,0.0036014130573992797,0.006319596307018608,0.0013151258047409023,0.009019122271601659,0.9026516204372482,0.059824810287859916,8
3.906441611973419e-09,9.655950469151983e-09,1.247342906752399e-08,2.164267296783571e-08,4.543902775626647e-09,1.1075430615040105e-08,3.5426646139639743e-09,2.1131285387291774e-08,1.0424238852693767e-08,0.9999999016039837,9
4.1643012885025137e-07,0.9989022462670046,2.729800604506491e-07,3.5169736956947203e-05,0.0005403973276425243,6.499506595208868e-05,4.304794097720826e-05,2.083102609089204e-05,0.00031314866909361885,7.947455609291257e-05,1
0.00013438313887593995,0.0009731219005057757,6.450862868390338e-05,0.0027164544003900944,0.004304033328058806,0.003477029541185589,0.9826171269626255,0.001042323445116571,0.00445697767624248,0.0002140409783149015,6
0.002801847192302143,0.003262995646339273,0.03739177919121955,0.028785782581930305,0.006613397678596513,0.0021321601384224897,0.0033742333704298156,0.008683463154065946,0.039004807807043684,0.8679495332396503,9
1.0771434949324777e-08,2.3524350200231192e-08,1.1864838457975396e-08,2.7332905138856857e-08,1.2036004949933205e-08,6.42264900711151e-08,9.92716275241381e-09,0.9999956310461031,2.5817483239222828e-06,1.627522386408296e-06,7
9.345291548044406e-05,0.0009058868226580735,0.025714903410851676,0.008674328869579466,0.0002737767436108276,0.002139863309950795,0.0006148391832635398,0.0014807128022001897,0.9193758706773666,0.04072636526503814,8
0.0037378467561696156,0.0032264037779155684,0.002939381507891232,0.18019757633155264,0.016267917085729045,0.29012266677753296,0.023989963562616935,0.2692361251654161,0.11586968346145762,0.09441243557371819,5
0.028924684011633887,0.018565785456695773,0.048104635847216685,0.6811843076236818,0.03863533844124035,0.022888165865928928,0.00682940129360717,0.020735097122948607,0.014859975856836655,0.11927260848020997,2
0.18171352228165522,0.006513123075963845,0.009812637458986816,0.2688221575561844,0.08982827062274801,0.012542095843601305,0.01893785127709046,0.26601442516088847,0.009277755372923682,0.13653816134995753,0
0.0009180429799619534,0.0006094473921577152,0.003278151037222705,0.06974448609791985,0.0012139941217804455,0.7890372648232582,0.000368332086976773,0.11526685477828454,0.005576884999496568,0.013986541682941148,5
0.0025329715918127192,0.7660030542136536,0.005548346396356265,0.09211915956742439,0.03901035309946766,0.019721630413009474,0.001714460032827418,0.03361395007727114,0.012007681590883154,0.027728393017294288,1
0.002669500832624528,0.00025260159196725855,0.0021469389026368894,0.025680459196438087,0.9331998259938901,0.002017298436686759,0.005130248680081245,0.02518240889889686,0.00045659837890013756,0.003264119087878842,4
0.0009300035604760978,0.5804463903039662,0.02327383867466919,0.09321526522096901,0.03804873949405324,0.054601877224136494,0.0020784614413812087,0.09753184639121695,0.04568782062303241,0.06418575706609958,5
7.9499670781631e-05,0.028246633923385805,0.0019908924573692264,0.010669610474349299,0.0005350708955784954,0.034915673738471806,0.0022817696365839907,0.16006438308207344,0.7583735976681814,0.002842868453225086,8
0.007384113284976368,0.03304497866839459,0.21319356425621303,0.11129587734485712,0.008021433480104338,0.20026485976581695,0.15767490447744734,0.22735813521923395,0.02356302710094211,0.018199106402014057,7
0.031873155935475066,0.04541606175876975,0.033499317001859576,0.5921741982230112,0.1404169303607962,0.022962332085179282,0.01135266557692784,0.04097077702565419,0.025280329656641377,0.056054232375685534,7
0.9936458739152491,0.0002639983249892684,3.561054628551454e-05,0.00022000474438603284,0.0006203777499377138,0.0015649172992009686,0.001939732072126205,0.0007603642772477786,0.0007292979610296613,0.00021982310954747,0
3.152535943914796e-08,0.9995056205401186,7.946956592542961e-08,6.2494292000186295e-06,3.8484035753789935e-07,0.0004839585522536295,1.9858439146294026e-07,2.72230870103436e-06,6.483641915284295e-07,1.0638586096293839e-07,1
0.0018698647999533808,0.5989137413348202,0.011391129266069853,0.0897452580683059,0.12928121376353713,0.019596264797996445,0.04980126199520107,0.029154883770415647,0.005858058373760088,0.0643883238299397,1
1.3341295771792456e-08,0.9998392689206215,3.239656882762428e-08,1.3828981031099444e-06,5.864997095585769e-07,4.354567529177725e-06,6.683963554990358e-08,3.110960994335903e-06,0.0001357214351038729,1.5462140438491134e-05,1
0.00040480729267454104,0.0004933022897691068,0.1077398534881108,0.007136016545154552,3.902737401298152e-05,0.0013297477190565314,4.3353373020026376e-05,0.0037915873559313303,0.017809783753791577,0.8612125208084785,9
3.5477429843712452e-06,0.0019197310548819408,1.2860401496903744e-05,0.0004471851255024034,0.00021041600584011005,2.8777663509543467e-05,0.987572777191061,0.0003291635053721766,0.009462666063203378,1.287524614794904e-05,6
0.03541957023427414,0.23642005128937535,0.01838975543545716,0.05701342139631951,0.06691201168984169,0.03197362877493982,0.279476264028451,0.11306457326950134,0.12704176395209593,0.03428895992974423,1
7.771533544439352e-05,0.0022838246420640537,0.0003821947607053574,0.02000076822783877,0.00012236386297268307,0.7085401197159688,0.00011706649653699648,0.2597348252970788,0.0033078167897495937,0.005433304871640661,5
0.00023820612207584282,0.02630185180617539,3.0686468582898344e-05,0.0006042833093664172,0.004311365418936655,0.0014023782343686798,0.9616566595159205,0.0008221479790510642,0.000775453158913119,0.0038569679866092533,6
6.718422879279555e-05,0.0007767528875867053,0.9277723038613745,0.004863259207031352,6.180558573137135e-05,0.005021260386227184,0.001550215274412053,0.002116155319971707,0.050107998512016874,0.007663064736855755,2
0.004250610951293686,0.01074847157678562,0.0033733612982313477,0.12265449346309684,0.5903927192830651,0.07600158453476484,0.007989430245492143,0.10469399090432184,0.03472512211374219,0.04517021562920635,4
0.00016905732829345852,0.000307919677719252,0.018280276653674474,0.003194023009912925,0.00022596467076879475,0.007868688983632586,0.00026825114517824774,0.01827568661358763,0.9342641494170023,0.01714598250023027,8
0.0009226988559680142,0.944413133740043,0.00014163953837065916,0.03117384013969069,0.014041252960615272,0.000655600007409902,0.0009066433705357231,0.003245091634816152,0.002219395764081341,0.0022807039884692893,1
1.8636592199001096e-05,7.967697507896831e-05,0.984076688866241,0.002919003298396413,3.780029113071275e-05,0.00021141914726029027,0.001384865035295671,0.00013360210467934668,0.006198570847072609,0.004939736842645979,2
0.0001643053316422009,0.01586040035599783,0.0016681174623041234,0.0026792656033493255,0.6819390710786005,0.004990540370550222,0.043025103716176225,0.01935962305171334,0.22963398371622504,0.0006795893134409351,4
0.001034185815021377,0.08293439682340102,0.00173052086618352,0.0066035237975217535,0.7709285797872896,0.07833968005927645,0.018839801691235905,0.01627718631674566,0.022111346038424434,0.0012007788048999956,4
0.003894258874053254,0.004073141864040657,0.08540641723076514,0.11883596346921917,0.03779868083141184,0.23064102256493954,0.007267367434216476,0.4830885202312553,0.00697984461818843,0.02201478288191007,7
0.00360927353157195,0.0011507633917118927,7.514654978493808e-05,0.00027369860930003594,0.9836371753364527,0.006770719830026705,0.002970662985249671,0.0009856159173651886,0.00033370816916405196,0.00019323567937263447,4
0.004014280252601047,0.004754529370551389,0.051046742520233716,0.0677771464599609,0.005911384632143128,0.1991863078109387,0.004244394796255132,0.11553184426379591,0.27418296062635916,0.2733504092671609,3
0.00020157957209204162,0.009120890939719824,0.0005096791343817974,0.001583653813478033,0.9094889316284204,0.0007141707450056905,0.018212810324688508,0.010361505759850008,0.049505239624642455,0.0003015384577209974,4
0.10221854904203893,0.07891183273837482,0.0030965064950756903,0.0066205884313766394,0.02726513421693653,0.006331503723407391,0.7633455617218123,0.008763848419085531,0.001839743784240632,0.0016067314276517774,6
0.10579149424253805,0.0470524117187412,0.02421087717981696,0.31173204451452086,0.2811488172946142,0.014254758009119767,0.019546446705885203,0.026464538462307317,0.08760311996483479,0.08219549190762063,8
1.3452726950145699e-05,0.9908148354804275,1.2412344380066665e-05,4.239764981934628e-05,0.00032577161424739967,0.00856809532400972,1.848350584481968e-05,8.44100284932927e-05,0.00010867800641462547,1.1463319413399645e-05,1
0.0017168111458250221,0.0012044565762443632,0.0003306325490886874,0.0033427082108537878,0.917756788782374,0.0033748751280287324,0.017596734381583132,0.03694860796169587,0.016457574510296346,0.001270810754009905,4
0.001225066113409011,0.08096885871693044,0.005759389231061072,0.5825349604230845,0.0020819488341917566,0.01344404265324003,0.002496212318650978,0.045106328028544,0.009919340340223215,0.2564638533406653,3
0.00019581861353876333,0.9866954314627513,0.0005472457414099721,0.0017576524257036767,0.0015684469216980137,0.003423023251907413,0.0009305216743471043,0.0010779722974415748,0.0015216833986664363,0.0022822042125354458,1
0.00037586527137616863,0.03326990155887825,0.0001284770116306484,0.0013777819868758781,0.943601435897434,0.0017754937702160291,0.006820937886498812,0.009356487285411934,0.002870501970051014,0.00042311736162720093,4
0.0032215856727226926,0.004719354747116597,0.0057957472129285615,0.27887358201401385,0.003455756076174295,0.07636600287823044,0.0048206434268534245,0.5151028672260902,0.0802340042349049,0.02741045651096492,3
2.0723469586329966e-05,0.00040411978023583724,3.572510617221502e-05,3.5450466315208616e-05,0.00381070696651865,0.0004156643226178509,0.9921253829474829,0.001330394651142283,0.0015457996897584388,0.00027603260016996673,6
0.07255775338771576,0.03486327398914447,0.03531382878169182,0.6599873664716809,0.0027901588202499847,0.12756758447236277,0.02030495996512685,0.03955572332255486,0.004877412998422241,0.0021819377910505923,3
0.00041991551720393927,0.025839734032309394,0.00022339609826636366,0.013417070609147364,0.8722851162101728,0.009873824956812681,0.0010562487426660965,0.06517940148648366,0.0090191103806398,0.0026861819662975382,4
0.00012926143993734668,0.0008510366804941647,0.0002049485873070785,0.0009398887720254906,0.0008602729202222261,0.006876972530532444,0.0005825982056557766,0.009250964694394551,0.9801511366488633,0.0001529195205672313,8
0.0001803294024945586,0.005832104799943207,0.001561306900878168,0.01595463230981126,0.00020021841930223147,0.1459823136809725,0.002012312407800076,0.047764154170959625,0.7532398730396255,0.02727275486821253,8
1.5104967357740758e-14,8.352304926979511e-14,1.4882342783683406e-14,1.5265277269880274e-14,2.1340018318468316e-14,3.874314618114751e-14,2.218062527878101e-14,9.580154628685838e-14,0.999999976237545,2.3762148009058245e-08,8
3.036464780259874e-06,2.8804762087636138e-05,0.974166363093981,0.019094032500801765,2.4784458615805466e-05,0.0004586601370561059,3.3943907532438966e-05,0.0005939898240182845,0.0019533645208338925,0.0036430203302925675,2
1.2931179764569789e-06,5.111055707191537e-06,0.9969835963988604,0.002890210768617367,9.875438651330348e-08,1.842505189499345e-05,1.2276571735790193e-06,2.7020678460178126e-05,1.786862029315594e-05,5.5147896630298544e-05,2
0.0007737014155291691,0.9016185471772662,0.000762868475838426,0.012528251920888848,0.003428164233798253,0.0440989469751434,0.013200799429618435,0.007886009191060353,0.011370936982809695,0.00433177419804718,1
0.00033881910488845965,0.0005339543505758988,0.010994160616201017,0.8944305069632545,0.00038143343366207747,0.031215527024285598,0.0022316727122498113,0.031822751078120604,0.02379543718027736,0.00425573753648445,3
1.1818985712560966e-07,0.0009002230241919947,3.305516806374965e-08,4.5945996554594645e-07,2.5514754290719196e-05,2.1329675978150783e-05,0.9984618288518997,0.0003756914056578665,0.00016578433489623356,4.901724809448995e-05,6
2.8381189883461922e-05,0.0007354530787572854,2.0228240637500815e-05,0.0004994237342339185,0.00011462207829622524,7.479780922222034e-05,0.997363359987642,0.0001251432397493466,7.23594434538359e-05,0.0009662311981243275,6
2.3424462399510742e-05,0.0004399743327613228,3.0447346048505835e-05,0.0013246162199728171,8.675775450579088e-05,0.9744579921932794,0.0009572310531795452,0.021574068240929646,0.0005634137111510726,0.0005420746857720133,5
0.00010495900798267936,0.00019966149803510622,0.005634521363121961,0.9618963775641998,0.0005734928078275181,0.00413624594204285,0.0031679868158309005,0.022036474744211863,0.0016010424949727806,0.0006492377617746829,3
0.002054929647715234,0.047910917964571066,0.0004829143172158673,0.006383978675819355,0.0047912237811226265,0.5669892923048051,0.007274001867249314,0.1638925714254786,0.18693378585876133,0.013286384157261895,5
0.8548941897923543,0.007388590753532574,0.016932565986426663,0.08589620635967254,0.007177245069239622,0.0037877355246613976,0.004224355430036019,0.004321353274407567,0.0019529213102868496,0.013424836499382975,0
4.295413035381975e-05,0.8128599114166796,0.00012197364445516875,0.00017365552557531706,5.6286145172399515e-05,0.0001932347368912441,4.894986518160783e-05,0.160546828122269,8.103296049803973e-05,0.025875173452923967,7
0.9913136239102606,0.0005815137008346528,1.3130558047079099e-05,0.00021764613308939616,0.0004884797337105811,0.002014981949905761,1.8630729245045416e-05,0.0035535725499506805,0.0008191045155031746,0.000979316219453342,0
0.00489186903555376,0.18288119309260373,0.003970904673168218,0.04416560931514089,0.01660109475708404,0.20737249166949392,0.01913713718464902,0.14807252680951213,0.270355531136676,0.10255164232611876,8
8.652671125237627e-08,1.2129629914591268e-07,6.563828803697886e-08,6.743392972525531e-08,0.9993744844066397,0.00045187980321951144,1.892179474176696e-05,0.00012840976231660362,2.5554456469317965e-05,4.088813847800393e-07,4
0.0013134108727875587,0.015740643470900637,0.0032906536945913212,0.04217727526357712,0.00143232118876059,0.049749688478300406,0.009382740893923274,0.7653877820926173,0.07553623276399875,0.03598925128054288,7
0.022424591128694677,0.007484588405455766,0.02265066602494617,0.8048365277829841,0.05278806247626013,0.00794128385215806,0.011206120640505286,0.017593809151870796,0.007241500503711316,0.04583285003341334,3
0.00025453690732922556,0.00032576308074941124,0.015584871490472416,0.013578356095808285,0.0005637306023912138,0.03259207558544931,0.00816852910466621,0.02859960621043264,0.8364940257356304,0.06383850518707154,8
0.00021764198782363281,0.0001659087926767793,0.505830077222835,0.01626551951116288,0.00045432515859907056,0.0006708498548659963,0.00017670383706525606,0.004783530444452655,0.006154898359272357,0.4652805448312465,2
7.312720688961161e-07,2.1600194473992015e-06,9.024561088841051e-07,7.779667500809732e-07,0.9977140926484376,3.028279040330888e-05,4.443702884951163e-06,0.0015732336515750065,0.0006714147135395535,1.960778784443961e-06,4
1.0412122856804342e-07,8.505461996246337e-07,2.9447650120492553e-07,1.7700770473694285e-05,6.371052759830651e-07,3.6209025997028794e-05,1.2732544128830492e-06,0.000856572120243982,0.9990782233753508,8.135204316297162e-06,8
1.4346578995058642e-05,5.656650302495592e-05,3.789054149136075e-05,4.733446711394401e-05,1.6571026555812285e-05,0.0004421698272671563,1.880331023260544e-05,0.009029012273248685,0.4658563814200302,0.52448092405204,9
0.6674551587808694,0.016693263754846865,0.002912014775728048,0.05610306431320889,0.04152044202763139,0.06500670461755763,0.015684535366405437,0.10864590247177451,0.006996104194712261,0.018982809697265336,0
0.003287135311406419,0.006086036258239817,0.28943379740349107,0.04200548744548886,0.003929770853111241,0.014110543922397852,0.004664030560052651,0.3143232269870465,0.06669462762067883,0.25546534363808693,9
2.487592959485858e-06,1.529570474728365e-05,0.9915723798324099,0.0006678758076458655,9.551190119279439e-06,0.00014642998247589844,6.673182468917193e-06,3.8554047216516786e-05,0.0018129199401608772,0.00572783271979622,2
0.002075969943526013,0.00941018995558745,0.0005245044276039349,0.010226782866333536,0.03378421212875593,0.004540810122914493,0.9312019203483684,0.0033132624129413473,0.003540762664874705,0.0013815851290935788,6
1.1053090736251004e-05,2.0281396685566846e-05,0.00015070324672883514,0.00021057438354441072,0.0005926679357709125,0.00028667921705860446,0.9981873427921931,0.0001609881390109742,0.00034180562158060685,3.7904176690283615e-05,6
4.1200384155797374e-11,0.9999941848031737,9.281519436448551e-08,2.3091123680265856e-08,9.780879736336828e-07,3.282156218062697e-07,2.8759367501820357e-07,5.421096967454947e-08,3.9524345681832315e-06,9.870649956156181e-08,1
0.0011174681558501732,0.0016146887517432121,0.0601516972865844,0.023083984163700583,0.0009602355360567159,0.003251046946709519,0.0013453242788428127,0.014354102598425091,0.4578476614434615,0.43627379083862644,8
2.4594247572815356e-08,1.6105110663749e-07,2.085766477146187e-08,3.521241507303649e-08,1.1396928757822328e-07,4.233751666066141e-08,0.9998764592849465,7.347257849277898e-06,4.2832469740249945e-06,0.00011151218799204046,6
0.9197450553676856,0.010117852678717607,0.000441760184209704,0.006929532670567582,0.005912266081166946,0.044630039738213174,0.00035856357720802064,0.0059042591723563725,0.003734935751715161,0.002225734778160211,0
0.044039636641263744,0.010508061813052787,0.02365364649869607,0.6274853019190387,0.02905607373349228,0.0653344763390055,0.06654791882514202,0.07720574604109093,0.017294548752713013,0.0388745894365048,3
0.0014262308653649487,0.06577908338051244,0.0723905564696402,0.3728907754556615,0.0033550448859603643,0.03244752050677215,0.04829706753318766,0.26818189601163356,0.013425041769266963,0.12180678312199998,7
0.04470193980290608,0.018165080085122357,0.07004535540476511,0.10984105234779559,0.08036589778954722,0.06541311093993644,0.014292179406421327,0.24795122372651424,0.0602049707061879,0.2890191897908037,7
9.806554440170041e-09,9.649062546422456e-09,2.056647652959904e-08,1.1007890578200472e-08,1.1172387842299572e-08,3.321946959377564e-08,1.6102650013047176e-08,5.2165972183382093e-08,0.9999996558859646,1.804235717651664e-07,8
0.003067209433122368,0.004999657712642786,0.00515903740717947,0.08223425900385088,0.10847437654940835,0.022933572547119526,0.004133250631777146,0.13767858803330252,0.62372552487232,0.007594523809277177,8
0.8002302119380732,0.0390858443076892,0.001901973355459944,0.011143347697852137,0.02022839143673047,0.006678724019447785,0.0036937791019875203,0.05180826624743239,0.0522485411984665,0.012980920696861353,0
0.17779954820051036,0.019135657914290963,0.028981324253269047,0.5065984958859713,0.11510055208182647,0.015596420737484417,0.01739406476121988,0.023738669739470336,0.00889958906641126,0.08675567735954609,4
0.9971988407166245,8.506241254991275e-05,3.8877837216187206e-05,0.00035629641028144313,0.00010655004417678063,0.0004585432737809399,0.0001646677227964942,0.0013806174055385541,0.0001128785143397268,9.766566269516837e-05,0
0.0029136043185342643,0.011620134796436029,0.004383715214801447,0.1450967810299213,0.07850743202342253,0.01685379829325968,0.6195589401643165,0.056556537179070165,0.05864456069585189,0.005864496284386284,6
0.000201558450395795,0.0016432408585165164,0.0582232891748929,0.0009134534609094707,0.004093015791240819,0.017392264081942,0.003614445815835447,0.025068585725946245,0.008721909989901584,0.8801282366504195,9
0.0002695338326217029,0.004542450033445838,0.005026751454231941,0.006796093172758976,0.002572923420931607,0.49469023941742607,0.002497719793862243,0.4694438441317919,0.007610336493225623,0.006550108249704074,5
0.0017628157313612956,0.03395152873634868,0.00021868810867247667,0.004599897979351546,0.0011105925318196017,0.7478847805054936,0.1804268334808679,0.02352059171282505,0.004994943426784053,0.0015293277864763507,5
0.003059268916903605,0.0004898687119135954,0.0012678849450270865,0.002520087099398191,0.9736946327246541,0.00022717623476979965,0.004993878927422275,0.004375611557290994,0.0008557891514882022,0.008515801731132278,4
0.9938510379613388,0.00034431065507554526,0.00017920453877392258,0.0006477601618058437,0.002138036438049337,0.0002826153255500021,0.0012623123449676367,0.0005988557201500036,0.0003252840078213133,0.0003705828464676243,0
5.327172068163989e-09,8.285820720732418e-09,0.9998444152607795,6.584117069310039e-06,3.3933064350382224e-08,5.915619722874617e-07,2.433370959221418e-07,1.9072403718727778e-06,0.00011592374969347263,3.0287186960604546e-05,2
0.011939480524037599,0.006229581312712278,0.0029119909759591396,0.056976734212492164,0.04652225418821695,0.016290632502590784,0.0017035522474375421,0.8146086117147929,0.0016491622881992,0.041168000033561955,7
5.91192909717292e-05,0.00027701493290452356,0.00011404739641599394,0.003864026630064992,0.0005513001766651541,0.35592163419191364,7.628841217860669e-05,0.6310496781436671,0.006224556299933305,0.0018623345252850429,5
0.0008917426878357501,0.012787034314319552,0.013852506018059084,0.7942474703339899,0.003655813595714019,0.038129098498861605,0.002250153284824046,0.061818886517260606,0.05232707974315483,0.020040215005980768,3
1.9664596134420785e-05,0.0008629944088075115,0.000889097563921511,0.0012070253208186026,0.0012022983130652197,0.0037441136260893534,0.9842936636223394,0.00303470997343716,0.004512212306936644,0.00023422026845028906,6
1.3088208018426346e-06,0.0007499881633598181,2.9417658456970632e-06,9.443138829465517e-05,0.0003049955341361786,0.00017867826571733286,0.9884564837497702,0.009980850951568953,2.4442111346407938e-05,0.00020587924915922763,6
0.024784843125895524,0.007639337740560967,0.027450499834453593,0.6823999764411026,0.030028399004447575,0.11504722484035446,0.004419043217588342,0.04502753424294944,0.007860435495251939,0.055342706057395316,9
4.2482673707027525e-07,6.863709756365323e-05,0.9923481532969339,0.00045003935503708285,7.662856388390447e-07,2.6156846666497096e-05,0.0005554194028317709,0.00026501018540641915,0.0061836804513882,0.0001017122517966405,2
0.3347487040995346,0.014513222361688406,0.013183106524997608,0.1509314925454082,0.31476449368498427,0.038053503097767595,0.04520311765396206,0.05396013495375706,0.007735612730409411,0.0269066123474912,7
0.0025411469200509137,0.0007932537975756138,0.009001068313074494,0.8499086076559444,0.00026770410207878483,0.03906817802035285,0.0007292049314529481,0.08869098742347567,0.003119789058995289,0.0058800597769991456,3
0.00015683834390081073,0.013738418955188833,0.0004707719618011488,0.8788603955977364,0.006620785850276815,0.004021929439059132,0.002099692590168369,0.07129655731563095,0.00651777140371855,0.01621683854251915,3
0.000330201066493135,0.0016520439609351073,0.0008117193454358166,0.0009560134687551575,0.04664404925026968,0.43189958084179236,0.001610148223990351,0.040166265107616415,0.475293190624017,0.0006367881106949458,8
0.00019325705898391268,0.001280316038206059,6.716744336668937e-05,0.0028120055878258186,0.00019620271471286103,0.8075991248036917,0.00036446636771443657,0.1851940615399167,0.002060077629193621,0.00023332081638828995,5
0.00040291779909884664,0.00020404675099886153,0.0005993033400390401,0.000633605845292182,0.00018566753867553458,0.012174321729935723,0.00012598919949029518,0.12392907208447616,0.3383213354007983,0.5234237403111951,9
3.1306013387051745e-06,7.773392611147792e-06,0.0006900386685508411,0.0001595247019972451,3.856714248034353e-05,0.0010739699296471355,0.9921603342958029,0.005307577642403678,0.0004932393389418747,6.584428622609083e-05,6
0.0020574885736220497,0.032432127489325856,0.00024000748124330615,0.0021735751056267327,0.9169445657681701,0.012125270940587013,0.00596711613485345,0.024551591053775777,0.002509599120336331,0.0009986583324595644,4
0.05745693051537184,0.0263144508171904,0.022224432848536205,0.5812005287675361,0.03093869020087755,0.02909342605167029,0.028574226860531366,0.04243876354790234,0.02846944327075444,0.15328910711962979,8
0.0006727612312345158,0.823959865028671,0.0006431273666159936,0.001341259977929707,0.00274427725849512,0.09460082371446986,0.06420283462775109,0.005173719059445721,0.005707321556192891,0.0009540101791940212,1
0.16651770511241495,0.009075145350159974,0.0035632961550879773,0.035890270126479336,0.6679720662441685,0.012084985525409805,0.009652068432225408,0.034758788863195174,0.01714191340098621,0.04334376078987211,4
0.0007060672035607674,0.004708164799367003,0.004513740437606541,0.0038151094835066224,0.9580762568139243,0.004135057371076234,0.01210552161744888,0.007726097689237114,0.0023732458743995918,0.0018407387098732324,4
8.767300896539286e-14,6.9501218554063e-13,1.1174714111542738e-13,1.508407361620344e-13,9.136299634363921e-14,2.719067487225593e-13,0.9999995723262973,3.102129741582694e-08,3.754574413077529e-07,2.1193555497771036e-08,6
0.0005775718919394921,0.004144340493619173,0.003171332337460532,0.0055873384368464365,0.053271465577506,0.0012884277571501772,0.9129073955539546,0.01761930006807607,0.00034755553044797004,0.00108527235299981,6
0.001891053443390996,0.003721151460760831,0.09504660873621021,0.11773928077642684,0.002608044484730472,0.3040248946021663,0.0034862582616465828,0.4325843037997412,0.034570085597343675,0.004328318837583315,7
0.0029798783340897724,0.06630701357998119,0.0026120251330429985,0.002653782267110317,0.0025804637013178626,0.4117946212178764,0.04098863952642857,0.40719300395103947,0.059167407269031996,0.003723165020081301,5
0.00011580240219886196,0.002352086420927193,3.9277003713000905e-05,0.00012153538538028088,0.9736331519307814,0.000374781957717237,0.02246316217128218,0.0003017342270255578,0.000571828536306355,2.6639964668292255e-05,4
0.0009503009971649346,0.0015732296063307699,0.0012018604289921353,0.0011915238656137028,0.000874827158514702,0.1458299340927769,0.0008124832314078702,0.7670279758646914,0.0545623193548772,0.025975545399630675,5
6.844692872931625e-09,1.1191210286760845e-08,1.9864844221208775e-08,1.1096229741221112e-08,5.617304395460363e-09,3.329416147261849e-08,7.461524509589554e-09,1.6734536348944327e-08,0.9998697081076958,0.00013017978780035134,8
0.002101068849542895,0.6937025553725398,0.013523231128160913,0.05959995459316564,0.00654423393073573,0.025577621127600814,0.04333328332474153,0.07007425391952478,0.01167136367548482,0.07387243407850334,6
0.00020466205484572102,0.0007090675477794673,0.00015492104287778179,0.0021156635565956995,0.008714738311988468,0.0020688827308405822,0.9469864629260221,0.03690634634239001,0.0009420511567088418,0.0011972043299511852,6
7.752093564504793e-05,0.0006136191803160309,0.0001661692675505538,0.0011863268187866968,0.0001559200052882528,0.0006619057359871825,8.85934073982023e-05,0.04615453868800472,0.17002165493623353,0.7808737510247898,9
0.0012521462480964082,0.004157924106458993,0.08202302004057459,0.5858394359295847,0.010221844628006961,0.005611205740608806,0.02274488448636428,0.19637830651062865,0.08903948965204321,0.0027317426576330133,3
0.9762643719011165,0.0029450770025964885,0.0015061585597768246,0.0028112908340283487,0.003677380680956572,0.001105274321015878,0.005167260694444731,0.003960569971503841,0.001602731478624238,0.0009598845559361992,0
1.4247298140979666e-06,1.882923681286905e-06,0.9962228888032119,0.0006463227026388521,1.4327090960180406e-06,4.261612421383987e-05,1.4871740370573599e-06,1.923653038946787e-05,0.00024223243367557044,0.0028204758692419946,2
5.296346485555476e-07,0.0016871231382089248,4.0958172532937215e-07,1.698237363270883e-06,0.9973854230956026,0.00045029138190787025,0.00023580068040529177,0.0001979369732051728,4.055958187292218e-05,2.2769506001655294e-07,4
0.0006853890573210799,0.8644486856146774,0.01866385069484843,0.005099703767091008,0.035326916470987624,0.030030485235439303,0.004959142856306831,0.007380863358182662,0.024645515947493184,0.008759446997652296,1
1.023960096968582e-06,1.0444275813805127e-06,0.9980852284058479,0.000994455201512421,0.00017832372208414512,1.096075122414083e-05,2.5149170633289348e-05,0.00028042760854259986,0.00010656735155710997,0.00031681940092025346,2
2.0486018338532743e-09,7.814350456324645e-10,6.651614143754136e-10,1.4213054866528018e-09,0.9999501520602524,2.2159033798845383e-07,2.4717595937163506e-08,4.0840277905988744e-05,8.621272602960866e-06,1.3516480084166442e-07,4
6.212969712303e-05,0.0002829016732750137,8.816168114135275e-05,0.0008914383471808379,0.0001237138861500607,0.9708057680531306,5.514893974460383e-05,0.026878922634641034,0.0005074263040024379,0.00030438878361113036,5
1.8647367938849217e-07,0.0009123177502952985,9.819440643971839e-08,4.42754711341766e-05,8.693799071550149e-06,3.9998873353055625e-05,0.9983605522514534,0.0005709034636297328,1.1173829485896497e-05,5.17998934911708e-05,6
0.001975285338150683,0.030251965661779817,0.011164557289708834,0.11708581433855385,0.017576233757166215,0.08363242817859784,0.005579288495905941,0.3427446838760836,0.34823527033381335,0.04175447273023997,7
1.0257599059256655e-05,0.00029760724723697625,8.15373425429297e-05,0.0003907526056159314,3.209525892883816e-05,0.017837795367090375,6.0150283449995956e-05,0.19260216313877682,0.7884171482021558,0.00027049295514296136,8
0.0009805314106457693,0.0004137983460788856,0.8486625957879398,0.02159031609259764,0.00027031620878797735,0.005013503972221413,0.005148154472406411,0.001732929138381926,0.004321123427574737,0.11186673114336579,2
1.3261278767957407e-05,0.000282581606128428,4.876325368266627e-05,5.8361919084887385e-05,5.367314053071371e-06,0.9769063513873997,1.14997763916291e-06,0.021444180797233578,0.0012324774699753937,7.5049960353281374e-06,5
3.9110556590182706e-05,8.817553149523133e-05,0.9813661029047375,0.00031602440113069787,3.718594905833311e-05,0.0002048195799420579,0.0001138343074382719,0.00019914990174866218,0.00012132658953196513,0.017514270278327245,2
0.005778613205947543,0.0019102651291076583,0.047964679458343686,0.04466858718563851,0.010696394390260497,0.031853101878888485,0.03344087172076184,0.03268292714866356,0.1919510374654719,0.5990535224169163,8
0.0009195848162567484,0.0016687343768216894,0.007227304449941001,0.0018126563914367005,0.001028841994333406,0.0037361781113581976,0.010994601896014443,0.13358201085754295,0.619167622611395,0.21986246449489952,9
3.8788338508675616e-08,1.6383930567945892e-07,9.498070540720844e-08,7.87175350516023e-08,4.498747022174641e-08,1.0670120906421305e-07,3.5654360373578956e-08,2.0529718903593928e-07,1.851892759059696e-07,0.9999990458446107,9
0.005876934536938885,0.0017656997548259163,0.0017429324015886584,0.05023199108813854,0.02830148075086528,0.8476652312231239,0.010123836988723788,0.05175322112533982,0.0013150141309635915,0.0012236579994918553,5
0.9275809074287996,0.0033174163469314954,0.0032934391481293968,0.036439118523732876,0.0019818497970456013,0.003511918173651058,0.0019135137650419518,0.00593567880672662,0.004951359581173475,0.011074798428767978,0
0.06332251609905766,0.03181575502321751,0.035097276480369206,0.5785499825224145,0.07717756318590134,0.025007584234410365,0.02249616133330688,0.0414294729742951,0.013122984234577636,0.11198070391245014,7
0.008627762863104672,0.04071756920945062,0.0043944296502160165,0.15910759997081972,0.004595045828431361,0.5882855583018314,0.002011766135169164,0.030775992408255265,0.022533185883379683,0.1389510897493422,5
3.2375771101503512e-06,0.0001761909786296849,7.4115742788175185e-06,0.00046708789934993343,0.0003363217412224097,0.0001644448455772804,0.9949813413929405,0.0021121440562164705,0.0017162476413497287,3.5572293324694406e-05,6
9.784155367285243e-06,0.989268309211033,4.791504716280268e-05,0.006745134008168872,0.00031618964168389935,0.0009121209017892518,0.0015566037642945351,0.000280959003209232,7.739243156177622e-05,0.0007855918357291241,1
0.9565670550476436,0.012033227180735578,0.0005145140993510342,0.004157530968213146,0.0039111893746332635,0.012475247277480134,0.0021785198126172177,0.006239886426265129,0.0008909359999095234,0.0010318938131511552,0
0.0024331431299927713,0.0026981610061429353,0.007104569148956969,0.1262040555479072,0.009907851511051263,0.09059502719236301,0.0017389693168931614,0.6072476897122702,0.11821244620737079,0.03385808722705161,7
0.8624204846167407,0.00150317732289349,0.0073823241885566165,0.018029149573471084,0.07873566710797852,0.00804767186161757,0.0031669301393922465,0.005163198327446239,0.006026426210947193,0.009524970650956154,0
2.882605910472638e-11,4.720619638562807e-11,7.533634789294668e-11,4.6927748298472464e-11,3.3214006677396867e-11,1.0783549255174966e-10,2.5490528609167215e-11,1.779589047858674e-10,0.9999999697879202,2.9669284644425916e-08,8
1.0990447841909084e-07,4.894453004149244e-07,8.674977970635562e-08,1.1384727642048339e-07,2.6409341589735214e-07,2.7120275624301496e-07,0.9999460470670578,5.191026349641856e-06,2.8390957477893545e-05,1.9035706107540944e-05,6
0.9997477920256908,1.6672282124776102e-05,1.055227142621956e-06,1.4533042124102015e-06,4.121164967443036e-08,1.7811690451643744e-05,0.0001003502304012304,2.3148733711028615e-05,8.65557815448278e-05,5.119513071096618e-06,0
5.930883839097503e-10,1.979014609803732e-09,7.31390396186933e-10,8.733776106245607e-10,1.978978936363522e-09,3.4594516893482883e-09,0.9999763706773708,7.259597914016552e-07,2.2055756494891284e-05,8.379910412476308e-07,6
4.960917868271371e-06,0.990166886806985,0.00014518434986012874,0.0002691656776872751,0.00019898747701176415,0.005953452392491532,0.0013284777940511929,0.001209628764039552,0.0005848095001384975,0.0001384463198670137,1
3.2028030697300016e-09,1.871080639368846e-08,2.4575743729518077e-09,2.608497455907223e-09,4.6416482655355345e-09,8.240944559736408e-09,0.9999809725075188,1.4257726604668053e-05,2.9038975610222628e-06,1.82600604158296e-06,6
0.0017676518272109034,0.047249568965872756,0.0011091403809485249,0.001472874679717679,0.0017286726057092463,0.7595929729772314,0.07365594520746369,0.03654108432568075,0.07511064983075187,0.0017714391994128299,5
0.008890421989652291,0.07341784986421819,0.05469993076261288,0.05652561684908218,0.004424441711259639,0.07551474967756291,0.008813488669651887,0.03392540193945345,0.040559664006446644,0.6432284345300605,2
0.01569989721042262,0.002540396120633804,0.3046832681485489,0.027528370811165537,0.004955767285032947,0.011460667644932334,0.02061409732698229,0.022742544173593428,0.09509809647138101,0.4946768948073066,9
