0,1,2,3,4,5,6,7,8,9,Y
0.03752395942767121,0.009707202981923702,0.004019545343322441,0.025254345584591126,0.524808323677013,0.039745195923527835,0.0005573681769455383,0.20061565983717933,0.14844259944294327,0.009325799604882428,7
0.015177684762752016,0.8846169874806229,0.00042107397448524884,0.03825177200795293,0.008876812649751578,0.0162711092925307,0.0010119372513931822,0.006758062659374171,0.024239982001764377,0.004374577919372868,1
0.13140967936704293,0.02239932235391977,0.01252978554667033,0.0209632126346372,0.5340349569586378,0.04339862963163546,0.021166829841214777,0.04238018451508998,0.033142803250387036,0.13857459590076507,4
0.03294425999840601,0.003419178508991028,0.021141159762114326,0.026586079468545562,0.007853562134242497,0.007759178529397625,0.0037524410086600467,0.01100250613240601,0.8735004940421968,0.012041140415040086,7
0.0008295977409647556,1.1738399029156895e-05,0.0007227223486314504,0.9949623465663407,0.003141771093270762,1.1248648205375926e-05,2.553188259228161e-05,1.3686525933327968e-05,3.694000518806512e-06,0.00027766279451331134,3
0.054496555375747824,0.002864325776374444,0.009431523563823195,0.0423744540472547,0.018665316218256574,0.4693805397228155,0.0065307816221028565,0.11841091264064472,0.07345803321812289,0.20438755781485762,5
0.8881235410373889,0.0049267771663671096,0.001131174522965706,0.0059624134372197116,0.009121194628061399,0.002468389034917257,0.000826969278144188,0.04695680470193609,0.0319321799558362,0.008550556237164057,0
0.6218027611704966,0.0022271579859277696,0.02562213634807835,0.00697857206816249,0.06070464386234068,0.04190071917331403,0.06870458188136509,0.016472492107332943,0.06371749936094344,0.09186943604203844,0
0.1267604697364825,0.010118412383789886,0.02674488419782395,0.016104848017054536,0.5542414720443717,0.04004724582105613,0.09817516057555874,0.017543800007073247,0.014920880457363828,0.09534282675942524,4
0.021594644783562128,0.0004979750354577846,0.006695298703443791,0.026265566355391477,0.02142955296143616,0.48169768823594955,0.0005152775322700402,0.3488885521932063,0.07403240598488514,0.018383038214397667,5
0.34976482223904254,0.0036214156163996546,0.010054210525867085,0.005428425273181335,0.021695974795845143,0.037568679909667724,0.38405266965377305,0.010199731967785468,0.04478096031921603,0.13283310969922174,9
0.0006196601518934063,0.00015436179353185402,0.0007982071650141744,0.02392411110074462,0.0033990630277008715,0.3551243507267154,9.40692689056445e-05,0.6152567240723024,0.0004996976498398714,0.0001297550433518881,5
0.00017131915662671896,0.9959871658396094,0.00017322011445030053,0.00043471562297362057,5.7876139057642936e-05,0.0011257638484386313,2.828833075912304e-06,0.0013930277784340165,0.0005711599010504176,8.292276628232495e-05,1
0.0002049971023138378,0.0008343325977291599,0.9978114884723669,0.00015575784112655932,0.0003257220777839057,0.00015738910731088088,6.157181720805921e-06,0.00022437866222133144,5.068806492054511e-05,0.00022908889250614916,2
0.01378343403030498,0.005115844771365124,0.03196100176891418,0.22441030472421797,0.012906563319180867,0.013710231859800097,0.0008282272029887373,0.006087660064793654,0.011379390628360209,0.6798173416300741,9
0.0009608973426470144,0.0010389371500392787,0.0015851440474571208,0.9869838988303294,0.0006981094107520267,0.0027382377376974714,9.731598668757487e-06,0.0021695844937090667,0.0015747583265992623,0.002240701062100573,9
0.04373816888846983,0.0011033693617102944,0.0021809265074180786,0.0039493273382781415,0.013377591378628177,0.010125730306137538,0.8665423712950732,0.006894805014647962,0.007244754770022712,0.044842955139614504,6
6.277807524530188e-06,0.9938464420579564,1.40168913032849e-05,0.002042000398172702,7.749924126367891e-05,5.715041613406858e-05,2.2166428271885527e-07,0.0018634855138061233,0.0019803087161592136,0.00011259729339686468,1
0.007008302140692268,0.019075511953738352,0.011270233808804583,0.05954556022515431,0.590503427147696,0.03554761261687206,0.0029160972982405107,0.23847858830706922,0.0250067988405049,0.010647867661227852,7
9.849680767952459e-11,0.999981867172458,3.493893078048807e-07,8.932374738173154e-06,1.6705528823662424e-08,1.3195856353162868e-08,1.113208223589424e-08,8.602144520904728e-06,1.9326207544454894e-07,1.4524935227013668e-08,1
0.007863964573565288,0.8772680750651433,0.003729651290953272,0.010895553540084778,0.005329594396113534,0.013002126444655374,0.003837500423341542,0.013593133941965596,0.020199497540716812,0.04428090278346145,1
1.1696678111958623e-07,0.9992971654570477,1.362051996990853e-06,0.00026738895032362667,4.391207975465935e-06,3.4118992826944754e-07,5.977828451406124e-08,0.0004104194293827507,1.8711546373310745e-05,4.3421906098806836e-08,1
0.01243737520344967,0.6782710204990898,0.0005469745346791123,0.027815490653698555,0.0017887696761729316,0.002079989869930439,0.0005244773899530777,0.15830282360960218,0.012715140823921585,0.10551793773950296,9
0.22492663689044934,0.03749543243451342,0.07055371966591577,0.1690712533086485,0.3312695163070498,0.0406452342087304,0.018276488647923653,0.02702805999839273,0.02519425865465298,0.05553939988372359,4
0.018760768784879648,0.014918425331322744,0.05409239616174784,0.09144382958776014,0.05049599146475644,0.039035330362018866,0.051815850278493066,0.1275988221195745,0.47490162456245905,0.07693696134698756,8
0.0036120597225648182,0.923099261715667,0.0027227259364504997,0.010453570804119653,0.008565607342496541,0.002859878962935427,0.0001206757647209041,0.0074509966526945005,0.021466021367656535,0.019649201730694312,1
2.7720176216670832e-05,0.0002846638411576483,0.9902554890447328,0.007957869250709654,8.187614895555545e-05,7.780868763376813e-07,1.8652218080598605e-07,0.0011924636269924301,0.00015201855584081215,4.693474633740457e-05,2
0.20562819765013315,0.03729995006753385,0.024974006596215497,0.08215792606984404,0.17936454445413033,0.03845991923134583,0.11069216333270666,0.07703881922252553,0.06315457831969064,0.18122989505587472,0
0.12105832177772066,0.004594719863002203,0.041627134771365835,0.013362865764377278,0.14271681213442206,0.08199258415942144,0.1409644557773225,0.0808064937529477,0.34867794479603387,0.02419866720338686,8
0.05787976439802625,0.10688773971630705,0.005065611516261039,0.5900339647587117,0.00914749010554735,0.013204428037050795,0.0009991249820760877,0.03450813115435101,0.14071180981236783,0.041561935519300625,3
0.00034234401568284864,0.0005580826979473774,0.9685034028010349,0.02881802379685238,0.0007500019470519472,0.00013585773214011302,1.0786353435497406e-05,0.0003177465585456784,0.0004158221397425084,0.00014793195756640534,2
0.002093745447748951,0.015748537737945656,0.012499362637420889,0.4081819388134752,0.5279968166157819,0.003507301971188906,0.0028138854588032384,0.017874339091277235,0.004712546795084381,0.0045715254312737545,3
0.0017098166382187275,0.0009653956566738175,0.000758088161857869,0.0011313488220923824,0.00013342630619586526,0.01706163787915527,8.289157384664122e-06,0.8954005773355218,0.0826780224557546,0.00015339758714486877,7
0.0002859660214958037,0.9921378942943171,4.975426988478186e-05,0.0009436114456673346,0.0023053811450509474,0.00016829040633121355,2.2210279867542873e-05,0.000864042048699855,0.0026186534066897807,0.000604196681995519,1
0.34812934174035015,0.009033608914347546,0.006558085696388034,0.015248165676798415,0.0111005797522349,0.04414530927847225,0.03915251751770754,0.024903239890215433,0.3622399989857724,0.13948915254771338,8
0.022085424176543522,0.01024751446744765,0.8602545907037022,0.015759746635573255,0.02172028217738617,0.021741266310720847,0.019277351594742868,0.019326745019193667,0.0019172204499434912,0.007669858464746156,2
0.026766802231898805,0.006090019796735161,0.018558215243729474,0.212510330288341,0.0031995823312617605,0.2511550613153174,0.0026322877044088378,0.17084116981465727,0.26965976109273143,0.03858677018091864,7
0.2352700444087243,0.004506120723428706,0.006648742760303484,0.01302878614295918,0.008120155379891903,0.18187208789605486,0.04447718113773584,0.055385451346058864,0.050243141918206655,0.4004482882866365,0
0.01797711428812445,0.10412762225024885,0.7015242822234108,0.007932863593791417,0.03565194081558221,0.012886726166437974,0.009399717963805922,0.050796363012853944,0.04323404762378643,0.016469322061958242,2
0.04734086412372337,0.002148459195248189,0.001482251175073866,0.0686231272358827,0.007848260210969491,0.1026276722450609,0.01982280654184689,0.22668932447851442,0.009212990946758978,0.5142042438469213,9
0.14237422304423858,0.09557392072397755,0.08037126487621042,0.12018148768502503,0.19404394740811942,0.03948998173476068,0.004381265513461365,0.1230648706024819,0.15331146654257394,0.047207571869151754,7
0.5576469249092763,0.05105650975415949,0.028354228512229053,0.014665875200146308,0.24161353159105947,0.00556715887856251,0.003319007675000734,0.021580186574357466,0.03763091743929197,0.03856565946591649,0
0.5786820785939926,0.04701516644112388,0.0019995299878317265,0.016312305967292638,0.03938359082157224,0.12972714891290787,0.031446427924323936,0.07462565393186626,0.061563151633002286,0.019244945786086726,0
0.026000530871435706,0.056227904512581695,0.017226439375612735,0.25764321801212775,0.413818824329599,0.009762882633534687,0.018180463439290487,0.034751574648297326,0.05553279982006739,0.1108553623574531,4
0.0426795068324602,0.0011193464711537339,0.034242994680740296,0.1480253846725575,0.004414084812669569,0.01801625828853904,0.010522068414941422,0.7237862273202386,0.0034112250917563884,0.013782903414942649,7
0.003230800612535552,1.377334650614059e-05,0.9953596928517466,5.456759949457879e-05,7.697838207015765e-06,0.0007081033913809675,4.249615632288508e-05,0.00013612519340624335,8.439926007180321e-05,0.0003623437503281364,2
0.038137729345360166,0.0015393389910217587,0.0032157834896965757,0.007073465436402956,0.8711188414670415,0.012043860884600157,0.0001743019024413493,0.04089655303707934,0.0231162150432811,0.002683910403075255,4
0.06127054972076285,0.3802127504017799,0.004990086577422725,0.019679618346557858,0.03852088644061208,0.0336339371959401,0.007091967715940117,0.02610198726356099,0.05037117533731725,0.3781270410001062,9
0.29342311477782557,0.005986772618282344,0.008271950017919964,0.03125459644618653,0.2940135890877166,0.03036875332034134,0.13698207947951835,0.01619244855429767,0.04217479203077887,0.14133190366713297,4
0.047483886965566956,0.45059988403487955,0.025450922356530157,0.02884252795433329,0.16803806435790863,0.030500014977925004,0.013233784725394611,0.05820304020953633,0.07849513289932171,0.09915274151860434,1
0.4257825993273158,0.011506195573518256,0.009982317255311533,0.012628500466249812,0.10858522894512977,0.05701876459222231,0.03430803379767995,0.05366499405668788,0.05617512469509298,0.2303482412907919,8
0.6037478733432863,0.005558444382292236,0.002796249890805852,0.011554599424814932,0.051474596314139504,0.028249072239886052,0.14412593904909177,0.016660096939859183,0.047994203035256255,0.08783892538056769,0
0.011063476331674631,0.0014557678789850245,0.007031434273539979,0.026628115884808144,0.03665586129778617,0.00680022272913625,0.8806778722021391,0.01526123288767836,0.009915689829280205,0.004510326684971931,6
0.009959046195985904,0.002450277808222632,0.11629955685927024,0.0740810072601227,0.6735802172938069,0.02183892980945654,0.004846529938379787,0.07672957289029851,0.018037210066522008,0.0021776518779346643,4
0.06836581788512937,0.00936818255952802,0.015013661144176939,0.03140271064521325,0.06382783381735503,0.09537865498345072,0.023181325568351074,0.01575662630555734,0.012296989789675458,0.6654081973015628,9
0.05752411496634494,0.023099199582281654,0.22373664695026949,0.14932666300629038,0.31861277622940626,0.03455138958034792,0.01317345807071751,0.059590096602542476,0.0866276489372253,0.033758006074573986,2
0.029273159788348643,0.0019056717329149723,0.012311738625499813,0.019314504684212235,0.005336925818800057,0.32588436003315685,0.014360502489826277,0.014526426815272732,0.019589955185341495,0.5574967548266272,9
0.11109265692522602,0.0071238701974227,0.00719967501548699,0.017406461698903274,0.27590473672825927,0.028452829437857943,0.4096003846192107,0.03696200503571357,0.05693019572193277,0.049327184619986565,4
0.0173001431298086,0.014055828236363031,0.002090211045107203,0.847481481477429,0.03485126239583925,0.008277568793158822,0.00040825876926602923,0.035235233930236344,0.01011425699652426,0.030185755226266826,3
0.027349327545850295,0.09366708832527801,0.007236128191798229,0.08202349533557383,0.023843621237488715,0.3243247919421136,0.00346528202784642,0.3656381131193927,0.015152606704877494,0.0572995455697808,5
0.0008099733396701147,0.9695508263293011,5.245587773674593e-05,0.0020515080558632373,0.001803588560145929,0.003464523972486814,0.00017062404816981595,0.00423367797656383,0.015295543693411602,0.002567278146650994,1
0.05296949261079468,0.004647937589211353,0.0291806162536383,0.007783672052299534,0.17595067047959984,0.014397731144936756,0.003375236726202708,0.052252873159734085,0.64891488046599,0.010526889517592434,8
0.09404166260326349,0.00736437842478426,0.003086848148245764,0.01001983169848713,0.03322887336949411,0.02710057504374213,0.703133739048365,0.058294582664756456,0.011253781380860918,0.05247572761800099,6
0.35042775898372464,0.0028973451185231097,0.013707503527122456,0.011904462463356042,0.016973291836971136,0.03388323989467411,0.40382325841099553,0.007588680583274015,0.05680040005537403,0.10199405912598479,3
0.01764067362934323,0.002517690763304776,0.0022725024020636814,0.17828912178936054,0.03185333514566251,0.2033242936935847,0.001257177482474356,0.5360033428171741,0.01525959562930252,0.011582266647729626,7
0.06496090626025357,0.003670388234204648,0.0068341284740188945,0.01103557260233988,0.6846289174794409,0.039546747351016216,0.11223056126626711,0.020717186826827435,0.037307126186312635,0.019068465319318783,4
0.5323977381925822,0.005338306740058886,0.01303277293554914,0.017067082466526762,0.07757383020790468,0.01541610698543918,0.011582365128935198,0.029825318087442133,0.21261975655515744,0.08514672270040433,4
0.4848297729471223,0.07225194732259616,0.049958622617355536,0.014808975371177077,0.03608825487836752,0.10713630895811965,0.008281073860444157,0.18044408821648056,0.021576881019295797,0.02462407480904128,0
0.4873922794721086,0.0050835321214086435,0.013063902521692948,0.018538828997695506,0.015448940542447704,0.0548623395087117,0.20116804490833576,0.014065662736398669,0.10003590963229818,0.0903405595589029,2
0.09789582339792899,0.0024643108791774612,0.32806065650006594,0.1871495673419487,0.04560344669632366,0.024176282032901234,0.0025099316786224898,0.06272532768742602,0.24284508046734998,0.006569573318255662,8
0.010921049189772238,0.04901720309644086,0.022810673719111028,0.4367422910550342,0.1371563333175484,0.1308856408164298,0.004699583242189262,0.10073785496946344,0.053043574163899966,0.053985796430111165,3
0.00881522351569105,0.001260344130944974,0.10325676051191222,0.7513465727832705,0.006484143512666591,0.0022996124180054366,0.0014171631843288852,0.08968316561552236,0.019767086872911916,0.015669927454746217,3
1.898411189529123e-09,2.4093407610504354e-09,0.9999763108936405,9.572242167750276e-07,1.3391368155386624e-07,1.4920682782083433e-07,1.6861489609567858e-08,2.2309277298859885e-05,3.0801971567603694e-08,8.751312156932265e-08,2
0.03613932028241059,0.00041983488185522736,0.007042041382651017,0.005596363930525003,0.004099371613789513,0.018173180086520486,0.8571564910828297,0.005472269548456457,0.03593610346622969,0.029965023724732313,6
0.001205897108574169,0.0012934772661311001,0.005198852040538249,0.005196538951855333,0.9343083598959866,0.005326289226107022,0.0006447864831244514,0.03371467735018725,0.011483423017465856,0.0016276986600292486,4
0.31858466362978954,0.04811856244936562,0.007959006824874833,0.038673291088309296,0.031848226029734875,0.08245593331561848,0.09234993969326474,0.05266530476935956,0.055715654473731134,0.27162941772595195,9
0.8423617491598843,0.0022678659266011734,0.004285690600777762,0.021998303908064017,0.011229811790055408,0.016892593948444903,0.028369205571724045,0.010279599585196707,0.03346921100401826,0.02884596850523315,0
0.21328524910335017,0.011257207610525255,0.011898482024248928,0.007626197289913225,0.012813115125434751,0.05781342484595693,0.12610541306252226,0.015013470390002634,0.3365614299104504,0.20762601063759598,8
1.496676139158085e-09,4.0952212680318937e-10,0.9999971335816287,2.4308265305459686e-06,1.6970054918295248e-08,2.6028489752575013e-08,1.2363170282163697e-08,1.403330580622827e-07,9.689226508434041e-08,1.4109860460054425e-07,2
0.002270211419510981,0.09061134154327238,0.1398366134914905,0.15309436343244012,0.4546198447321283,0.006376600461081707,0.0024574725988571393,0.10757697252298803,0.03697518660878145,0.006181393189449089,4
0.32328041891963555,0.012598200688368267,0.007217537941081639,0.0183352136825433,0.04269320681761048,0.1564055626512923,0.02535815169750597,0.03147227922712383,0.030925900199289383,0.35171352817554935,9
0.6050863253841768,0.0015273850427107642,0.010370941708286487,0.01426271920823944,0.016225441698921244,0.1201776978836502,0.016761903402752014,0.016723269919375304,0.060208204515151326,0.13865611123673643,5
0.09726017980078097,0.019319464035802883,0.005728756125571583,0.003421601729491212,0.010809682261153553,0.022890372192881585,0.005494460281181915,0.0487153947932926,0.00564698425179341,0.7807131045280509,9
0.08827996573399616,0.0009556280521105168,0.007718167669046026,0.008931907103371226,0.02129854701479907,0.02420779964076962,0.8134452455996711,0.01562286774035962,0.0060322640000500015,0.013507607445826271,6
0.23214159936723525,0.03728172426902543,0.07801470370945887,0.06531598420572082,0.10622848112588933,0.03828208570824946,0.05508578231283502,0.046878403000325614,0.15467984996560197,0.18609138633565836,3
0.4708751787889657,0.0031370092072499594,0.09730516741371398,0.0370964842056487,0.06539755455514334,0.07118327902750211,0.03232456235237414,0.10570226791360783,0.051526822504063485,0.06545167403173044,7
0.04821211396994852,0.00411302747169844,0.016570049287909127,0.03815315412670925,0.03457861496647533,0.0931724487727638,0.002030550307184074,0.7549588946221368,0.002905468443590125,0.005305678031584867,0
0.09150279698368005,0.007154038770055959,0.12201065425974486,0.05678069004378577,0.09349868972302276,0.28588596863662485,0.007064941622826394,0.15236162164800351,0.17599781371182202,0.0077427846004337,8
0.1882566430048503,0.009635139745996637,0.020056895219331624,0.15713377575645723,0.3491387749589124,0.07539765516813092,0.011184695922649486,0.06888242391582404,0.02696439336727235,0.09334960294057543,6
0.08204368961730069,0.0042890820161592255,0.0051588218163299,0.10047289552976116,0.00939295947476312,0.031617771696621784,0.0018937144961041548,0.7375673836562766,0.02544210380475119,0.002121577891931735,5
0.0033822907464891457,0.00025003435638442853,0.0004882464939666899,0.9847432062723367,0.003974300811112365,0.00040403392436081276,0.000855088291410375,0.0014616227900500233,0.0023149670643900994,0.002126209249499516,3
0.0007006667794145047,7.790131918119397e-05,1.2599913563124964e-05,0.002826554198178842,0.00034112292321017705,0.9630854658225205,8.18918457636488e-06,0.030927336357447207,0.0018120498729688448,0.00020811362893918063,5
0.6534049226484393,0.0009769303070468777,0.002967359089063742,0.015022572868136984,0.009345118467683999,0.15011972818981537,0.0022571952461830623,0.062304870652771835,0.00964669831297282,0.09395460421788618,0
0.07839796822532454,0.1418502115651451,0.019568132743292478,0.12027145115950248,0.18046229714728174,0.018392095218419863,0.017850603492749903,0.04936221904935488,0.3291657065305883,0.04467931486834103,3
0.0034692406487975553,0.0023039909846983868,0.9564346749439679,0.0037443969904438165,0.01713393813981333,0.0038772012178204677,0.0012670790943558308,0.009684735610485608,0.0013633236564802045,0.0007214187131369763,2
0.4440975961159064,0.002436167024728323,0.02858107134874724,0.023231258963568917,0.011188644098614267,0.038478729067820565,0.0910565682240007,0.024902741810388266,0.2700046031293406,0.06602262021688497,8
0.0050821301330614905,0.07536788244475102,0.07038598702617863,0.3299982447213129,0.019429514667610153,0.005082206553001723,0.002381942718676682,0.06477835032394615,0.4201788252077125,0.007314916203748671,8
0.043692267420544904,0.010598904132535699,0.013767269347238141,0.04042814851184243,0.05270296173938406,0.3744691211914035,0.0037928709878165424,0.23771883134337427,0.06318810209203735,0.1596415232338229,5
0.9527437787973406,0.0005472955685767087,0.0010014165893702848,0.004085372812707118,0.0006497771503968606,0.025007072354156962,3.435190047941412e-05,0.004588763941260834,0.009248360493655542,0.0020938103920558017,0
0.019553750052701494,0.0011289391833149954,0.0030965070478535493,0.0026585289879958816,0.04317385043963088,0.5510533872555905,0.0020251595654988924,0.34533350961823295,0.027161356763486414,0.004815011085694899,5
0.11766801784203265,0.0039044062517849935,0.003355070929261166,0.0054252090206047595,0.03780271321021384,0.028649929794573058,0.688067090302684,0.005316417594160073,0.006029050973895388,0.10378209408079024,6
0.0002051229604917609,0.893276407624801,0.004259049384642099,0.047247403009556085,0.004575260845873495,0.0009013680746266375,5.56883657807601e-05,0.029887048604346916,0.019138256776860485,0.0004543943530210189,1
0.0828122471681701,0.003126975352712322,0.00030222253287156035,0.005339348600388767,0.0022364188650438486,0.11938941882921274,0.009868676862866133,0.006107800183245838,0.0023902068095414068,0.7684266847959468,9
0.5798227716899803,0.029364054256907655,0.013811684832730113,0.008723630246253247,0.028655223341093074,0.05093418314623336,0.06711741608655727,0.027227956267534468,0.12597454496217972,0.06836853517053111,0
0.10683472244254479,0.017101090104252845,0.0034404946279954743,0.13122080624474614,0.005087029685249226,0.024851878362310925,0.0018962091809487467,0.27397689677825743,0.01499820623051557,0.42059266634317877,9
0.4000820656027506,0.0017406841551295816,0.05701960126304037,0.24725345876260713,0.012107202667530726,0.06544313384464248,0.0021129374661714197,0.11813275493823132,0.07487949631883842,0.021228664981057726,0
0.05091998717115188,0.055587819701823644,0.0600940957649331,0.021885160499648792,0.026732012646425315,0.5745811705477232,0.010060229477592173,0.03477868044043738,0.05224297456920581,0.11311786918105873,5
0.02383760100894538,0.0002039439532573457,0.0004045368251291116,0.006608258218303582,0.0007667795220974791,0.005471591725673764,0.0007109408866747996,0.012440778795870881,0.003325846166407604,0.9462297228976402,9
0.24185790288735348,0.002546224825495299,0.006507431080447536,0.0043602048023013255,0.013444022092246277,0.03361807089067289,0.554961087891591,0.0068583566934038755,0.02910088312671562,0.10674581570977293,5
2.4650493984165737e-09,0.9998512820195805,4.744397140493441e-05,5.033439038604418e-05,2.184722735733071e-05,3.8439289499754165e-06,2.4299093317351963e-08,1.3423488463788098e-05,6.069261724004977e-06,5.728947990515966e-06,1
0.007533179358810014,0.0006169748108249504,0.010782001593315648,0.21239762481330432,0.5663002263376409,0.0018558815166730665,0.0001996577695277872,0.19358218135480826,0.006005373976829241,0.0007268984682661665,4
0.10633165619831082,0.0037624909742758317,0.008649175762537502,0.04156673026009425,0.01909235890088584,0.583699192962204,0.0406181903031516,0.06089444048813475,0.02641137631839676,0.10897438783200915,0
1.3074805440866118e-05,0.0008727153094430563,0.998058979213334,0.00040972550284933845,3.242810227967172e-05,2.6950043791630525e-06,4.670305044827738e-07,0.0005770425220084261,3.2076838282735276e-05,7.956714778534516e-07,2
0.013674638197428651,0.012879503044134346,0.018009206581888523,0.1087171743088944,0.012171694949788264,0.6072847269938394,0.005178137749933564,0.17558678289427548,0.018836306971349956,0.02766182830846743,5
0.6924904851014252,0.022890891872272452,0.008846424773491384,0.011070107593564592,0.058076226675648004,0.026366465637983054,0.015125927977383345,0.03151310734196326,0.057795083258173716,0.075825279768095,4
0.23264426510359154,0.0026348217190601043,0.007106255783067001,0.009997003562268259,0.011926476262839315,0.023693125061584504,0.6173947635133729,0.009221023904623857,0.018352735729597714,0.06702952935999515,6
0.3780495350510182,0.019643644237350964,0.027555582624476948,0.08213468031758946,0.06603317107840986,0.0236531548699385,0.158135435786614,0.0632145210255945,0.15353446266597487,0.02804581234303303,2
0.02198466834920403,0.004394811123658792,0.0456180033050014,0.16532008207867396,0.5829243930163237,0.03582519154065711,0.002473231581854684,0.12088145935457965,0.010700431304307954,0.009877728345738475,7
0.08104798814077965,0.03587227573707733,0.0024276846923851412,0.039232877471052634,0.31123348563059117,0.18235303436798053,0.04226682194409634,0.17956981595370491,0.08406992566910294,0.041926090393229226,8
8.713642798337437e-06,0.9950323506296495,1.5939744766349423e-05,0.0001284811258790457,1.0338810123516378e-05,7.581821330811444e-05,2.020753608020476e-07,0.00045699541182558673,0.0038586966847042803,0.00041246366158436657,1
0.0028658001954814786,0.00046825464846863917,0.007421041392835259,0.02946241216145346,0.9079697538267156,0.012388504446690481,0.0007149008657928138,0.03546164896162348,0.0012630981564756367,0.001984585344463259,4
0.0037421543206332822,0.0020172487963769315,0.9649625665500504,0.006940209125521392,0.01308483092791178,0.00019997273677459031,4.824635818159205e-05,0.002690193651253361,0.005917244689203443,0.00039733284409311926,2
0.002257066352680839,0.9496246198947257,0.0031039842545637596,0.006688732134507317,0.0015103697783544721,0.004553514990934025,6.726251330093234e-05,0.01899660734605938,0.006762437932140718,0.006435404802732782,1
0.3036430714622168,0.0031637160808571647,0.00859253414271421,0.006240544489926244,0.019226951513302372,0.03230137612980911,0.5041344159104554,0.007840398319602968,0.04220892288124257,0.0726480690698733,0
0.4950729640451522,0.0005246581860814245,0.006687102080845374,0.015261069196760126,0.008207399361443522,0.05579641741392293,0.001276651268237344,0.01673370518544363,0.3600401635028849,0.040399869759228546,8
0.15730963283873547,0.004568349691166348,0.022246839284903105,0.062871778553328,0.006164238303706106,0.481932948678364,0.012462720143207245,0.14059446452695817,0.034544230776628326,0.07730479720300348,5
0.4578241128907328,0.015533529130947741,0.004938643094619063,0.04178797979049747,0.021726643257970357,0.142924163013306,0.09193884669121162,0.03138008854368879,0.04062526973548071,0.1513207238515453,0
0.059033559215293546,0.01664091305744386,0.04317364155419253,0.2710044224555813,0.004449590904547731,0.020560971459456616,0.0005668472062065597,0.47098280911659873,0.09822652906129786,0.015360715969380961,5
0.05102408532307886,0.5730239929944545,0.008313785114191678,0.0632060017913508,0.02850521656350506,0.0182854138647268,0.005919416490600508,0.043754646041942964,0.0985804576742011,0.1093869841419473,0
0.005392558029907314,0.0008816047694447773,0.9517860824857381,0.015101947248459528,0.0068089900026952555,0.006093198104789971,0.0006301387879500354,0.0053600636900317635,0.004575427107334252,0.0033699897736489343,2
0.11924849856776845,0.008902314049925154,0.010725676097849897,0.1711907468617152,0.20942041661151028,0.014173931140680267,0.011111023912582212,0.14714667540324888,0.21959081146257298,0.08848990589214657,8
0.5203352318771737,0.0007558571466794317,0.017438444790986492,0.02188757802870066,0.00674923731291207,0.008084090289188071,0.004356182104438213,0.012958795850026565,0.27012054670722,0.1373140358926749,8
0.5357158120241566,0.009353119313382244,0.0047919917847854465,0.006984542388957167,0.04450379656563039,0.02715926209777393,0.2728612405830436,0.01686303174755484,0.01625123928211187,0.06551596421260422,0
0.3694761806372826,0.004055186994147937,0.02583787651784967,0.27095856366596155,0.10076883953354511,0.015631471266350023,0.02172735236046953,0.045548873698105785,0.12026285717284196,0.025732798153445684,3
0.05025624474400837,0.0034697491034437985,0.005916152416534379,0.03636053625202863,0.13335113504737542,0.45399665245540244,0.08030142501174453,0.12073426516911637,0.058282889010344244,0.057330950790001424,3
0.15629487897070682,0.004771467651128286,0.0025304271122602987,0.017901131693430473,0.06960887393894617,0.3508012471589468,0.0050788878125066815,0.0518624376153188,0.23309922052162632,0.10805142752512924,4
0.3135042488591603,0.004219669035868388,0.007024636406871762,0.004466587478845294,0.010441180900881569,0.02910730287473787,0.5315946107319214,0.008242916546957852,0.025388058776211374,0.06601078838854385,0
0.012513787573911892,0.0003500088134444896,0.9619370383683855,0.008366834710278746,0.0075491460112714175,0.0024031286470959467,0.0005106335198550533,0.0015212226646581623,0.0033058511682696945,0.0015423485228294666,2
0.017246304099569655,0.0029082085643703814,0.005884764322651623,0.14444005782295868,0.035931276036573034,0.007088393584677143,0.0004959376931774204,0.7756415610952258,0.002876040266251373,0.00748745651454445,7
0.0036300415825618066,0.0013133239836441587,0.9444083930339133,0.037236965275500404,0.0065518182644030325,0.0005294773693421903,0.0003505282905095269,0.004167290374333656,0.0013223772884609032,0.0004897845373306949,2
0.4603744257577814,0.0024903131755093524,0.0716857680241481,0.020270055568058068,0.02302255065677634,0.2725991943650128,0.044879536608538516,0.030317736234060436,0.05490514638366862,0.019455273226446437,6
0.0017556906162005139,0.21010765349251675,0.0014307317083758352,0.7230975525595527,0.03379118532926897,0.0009294341116923321,0.00019590302432470627,0.017014999219866246,0.009765174693680378,0.0019116752445218826,3
0.568778844241532,0.0020471170566700894,0.016222647978146255,0.009775224643207217,0.00464689125792634,0.02052617769379063,0.12892986204438156,0.011562011582586072,0.09418449977563591,0.1433267237261237,0
0.00010213430671360733,0.9950942587906328,0.0006654272625085708,0.00045369241930269386,3.6854815779783714e-05,6.36640898801734e-05,3.6394397665306474e-06,0.0022006715755484205,0.0012977867633623325,8.187053650495312e-05,1
0.03765947704827071,0.0006731724970632486,0.004391840806502602,0.005084977686030497,0.015102263880404015,0.017455958617691236,0.9020426599998649,0.004421651963530679,0.001999652317007542,0.011168345183634652,6
0.8882900540837205,0.0003038768259202494,0.02334936055922821,0.003228372647774983,0.0030115942937821447,0.007409939947469253,0.0008410691245863452,0.014201917670384341,0.032229148220237695,0.027134666626896377,0
0.16654175489725792,0.03197571872309597,0.01440724454480069,0.6126731472166036,0.004247427153680977,0.03570229765584285,0.0029282153214157326,0.027125223067958174,0.0884478663280989,0.015951105091245022,3
0.040686242736101705,0.09356986923034838,0.00902649471866692,0.2961213073140741,0.07437336371248761,0.08466470825316705,0.01720208422308855,0.23244882207437287,0.117760254288036,0.03414685344965659,7
0.0006343683727086971,0.9811346041857838,0.0003566499937781965,0.0024822544773765356,0.0017378857043915358,0.001049227739274163,6.850613623951142e-05,0.0037761195640696452,0.0027421252277664582,0.006018258598611794,1
1.584880781644177e-10,0.9999630782479186,9.539581947322562e-06,1.28570678437442e-06,4.938291665871051e-07,7.032470757876938e-08,1.1265509414643672e-08,2.2518057500029352e-05,2.9439450462632176e-06,5.888293163383663e-08,1
0.005836324722615477,0.9529503494752094,0.0002808561610035599,0.003126715697561792,5.769711880213669e-05,0.00020639433521090267,6.635276343293712e-06,0.036347787704383926,0.0007790302431680815,0.0004082092657016109,1
0.07736727372289548,0.00041788525675413916,0.0038597168660593245,0.002317943286009117,0.007298379875145562,0.007675852977487214,0.8439724088924169,0.02461225204557211,0.009510819428359771,0.022967467649300265,6
2.5038194501292335e-07,0.9990793819399572,5.903749853834019e-05,6.891483462265316e-05,0.00045218494818636683,2.578415853318089e-05,4.654977012457551e-07,4.894624727932035e-05,0.000222463337216741,4.2571156020253665e-05,1
0.3724138503212397,0.002839158388615519,0.026041610024485795,0.007233005467815599,0.007996736609916977,0.033162915262836164,0.40175433997678095,0.008832954777945825,0.03414052679913349,0.10558490237122954,2
0.013556959790481632,0.010667176639815338,0.000305378098912049,0.008997844284891112,0.0033674482461678473,0.8315870597332816,0.0005618372022377883,0.10958130779426453,0.0032820624161860414,0.018092925793762548,5
0.28545775448588284,0.0033071895799613757,0.016886062548187752,0.020149780000925502,0.010512078090007674,0.04023228436224314,0.3336363674781297,0.01817917725062812,0.16116037381435086,0.11047893238968316,9
0.049539502460167875,0.1843288026225275,0.2810174997842074,0.13108759871777312,0.07384435218425174,0.032711213271648366,0.001417066255212921,0.20182142483119658,0.03016309244243368,0.01406944743058143,1
4.3025602343550935e-08,2.100602520597154e-07,9.69311016396327e-08,0.9995553948276248,1.7596468893783165e-05,1.6830060408331811e-06,5.7833109844352125e-08,0.0002948806179057672,7.120935639680183e-05,5.882787307208463e-05,3
0.23826838109611317,0.004619005326835318,0.010328705891213995,0.019192705587108037,0.027890195360293208,0.07456658323500348,0.5336190195336293,0.01701888978498057,0.010666050388483983,0.06383046379633885,6
0.0070726043119982,0.038509279048630975,0.013976059490701085,0.17021011490506857,0.4514469692289631,0.03165985563691584,0.0017223121632208463,0.17880877261442663,0.07269782866447629,0.03389620393559856,4
0.009039977054569373,0.002850393499390025,0.013310407105336822,0.0097711875225908,0.010179512353926983,0.8505688997059973,0.000789875066017408,0.09435908352347719,0.005221774763060608,0.003908889405633298,5
0.018589887560888387,0.0057411479327929,0.003323668670907671,0.027952613859906845,0.010884121485184238,0.02229387845723235,0.0012416817471597203,0.028363616412265622,0.06250735902648268,0.8191020248471795,9
0.0002198452608117211,0.9805606103641658,0.0008735692876815504,0.008469656472450349,0.00022542739347435634,0.0013573432354163815,8.006850652744226e-06,0.003017318398172793,0.004033068238746191,0.0012351544984280196,1
0.019876796152957513,0.09623527501875888,0.028280268932219688,0.039375981440493216,0.027669528851346815,0.5415572807073299,0.003424312619650529,0.17373381350080766,0.033161922401419124,0.036684820375016906,5
0.018498610166358936,0.005626754994507951,0.06668587708038767,0.05267364459099103,0.6329874401248327,0.04189316423244448,0.06302668084221094,0.07871415415152266,0.028054591747821687,0.011839082068921987,4
2.5843370463051032e-14,2.4368702881150192e-14,0.9999997224179386,9.724117850510081e-08,5.89147740185419e-08,2.291605835095714e-08,1.1117358930048638e-08,5.4604185775422995e-08,1.9662504375040374e-08,1.312595123649354e-08,2
0.006303280040188688,0.00016381296744837797,0.0006231300135452361,0.05422832813528094,0.0007625872222165409,0.007447212889917855,8.842951431329725e-05,0.0060132387482689596,0.9238812122965386,0.0004887681722812977,8
0.0006429838056019215,0.9785028491060108,0.0009283929285414312,0.0036906827517829686,0.0032605397499359764,0.004055936370188324,8.135054710475284e-05,0.006361455747489577,0.0018943314084008797,0.0005814775849433948,1
6.024506613030128e-05,0.17047194304808155,0.8257980141418028,0.0030008519019391463,0.0005738525428689475,2.0520295627944318e-05,4.964057071772095e-07,5.2882751251720954e-05,1.1833325970723855e-05,9.360520619333638e-06,2
0.09249239168896932,0.0017795532557055604,0.002344764122327851,0.006293558107557648,0.014667273841184679,0.0807449304023608,0.749812875129264,0.00827771273450161,0.022202428116368876,0.021384512601759553,6
3.6200371626101453e-09,0.9998905518763732,2.5909226206857777e-08,3.204458420549506e-05,6.6483648680045e-08,1.5363168356081313e-08,1.284042822838034e-08,7.140433454758451e-05,5.858262502642682e-06,1.6725862166029978e-08,1
0.01446525116090237,0.0009411576142464151,0.9522524397476316,0.005978955416475134,0.005416777986924108,0.003183880697564038,0.0003638755882719619,0.007070408986336577,0.008006951257170804,0.0023203015444770866,2
0.02835962882096325,0.013154377706866623,0.015526465664427992,0.03516269864489157,0.002555629512900986,0.032783458009191094,0.0006561712088468673,0.06870578048457991,0.002629857785058394,0.8004659321622732,9
0.031449181678573086,0.19181730494924626,0.005730155967653611,0.02720231157753767,0.12685297814044463,0.19668705473976297,0.004158969475036319,0.08222380205898341,0.13459856390974442,0.19927967750301784,7
0.0029194466439531118,0.001188719894278154,0.0014257141742495191,0.2677745306301764,0.165321772142978,0.00014613832672176352,4.443283625668127e-05,0.5610212131244345,9.766268596482691e-05,6.0369540986754035e-05,4
0.0018038117892438517,0.993776132597095,0.00023579166774455746,0.001754904620528653,0.0003562640195601284,5.075299432755194e-05,7.629727088880056e-06,0.0006519543049758943,0.0013127910967210038,4.9967182714707647e-05,1
0.006575944207841265,0.9637742309627149,5.552262703566132e-05,0.0032509324383334943,0.0002396112601275245,0.002285825196891427,6.416140653638191e-05,0.021763753150943557,0.0009348888425821069,0.0010551299069933148,1
0.3766206410062717,0.0036380380508229462,0.015798723134342697,0.008567402525157766,0.008981347856622498,0.03193603805426456,0.43441104697568134,0.009031288115087186,0.04656321393787431,0.06445226034387468,2
0.030620038311229097,0.09565325787245084,0.0028857271419604753,0.011877548413861454,0.015499119273132446,0.7443916445134089,0.0006470102476932254,0.05382101805965889,0.005256445822638871,0.03934819034396631,5
0.3156010823023887,0.003160769738293009,0.007756761209120253,0.0057291896416261055,0.014177743427699747,0.061402346827690454,0.4648423869674986,0.007279916383789083,0.05750157604768401,0.06254822745420976,5
0.07652508535972939,0.000751664265247841,0.006063000608316909,0.04134801435445538,0.008613656403024045,0.5940062024388453,0.0061291379380914454,0.2186037355210977,0.008396516925450858,0.03956298618574117,5
0.012039466735722927,0.0017714090009428051,0.003585910893871235,0.06260755374151436,0.005471753267073935,0.7786520610014768,0.008948799819923407,0.07337984009543405,0.01354692962083303,0.03999627582320767,5
0.011212489049363936,0.006760694759639536,0.0050745749061632235,0.027948762721131,0.015133788221790923,0.7313518977863116,0.0013351456451127254,0.15842323842791112,0.015083486976608397,0.02767592150596784,5
0.009788142051412253,0.001838941844710309,0.002722062514133021,0.00263380237741431,0.005818070697783425,0.0076047438762377175,0.9490338036823694,0.01036558345048591,0.0021948668895446118,0.007999982615908771,6
0.0113389280379669,0.05062195053166112,0.009588162648943762,0.6399808038685364,0.012189456218438368,0.09437367362721506,0.0020566245559895295,0.08250890650957449,0.006016645045531067,0.0913248489561433,9
0.14535992496413674,0.011059099476951438,0.03080589378934508,0.028304330478673485,0.13187570117535447,0.0398828078480216,0.29672825987368107,0.028265438118916866,0.06179397284010276,0.22592457143481698,7
0.47142066302734775,0.0022182652220873885,0.03734809688015515,0.006393925398871222,0.028747194568367433,0.05395939840741875,0.27779914343045264,0.012695959925374409,0.034696087814919514,0.07472126532500534,2
4.7538480273609083e-11,8.971320086067657e-11,0.9999988130467841,6.88014529559936e-07,1.1520071809061877e-07,8.816160648262671e-08,3.754508076304571e-08,4.0555746977145765e-08,4.84406420614666e-08,1.6889764052794515e-07,2
0.011924648513270988,0.005871292552199974,0.9416243472248569,0.003494163330314867,0.0014000918269980352,0.004259182065130719,0.012079170387918711,0.002140695209895791,0.01298674192148755,0.004219666967926386,2
0.03905154639077514,0.014966174443905323,0.004783376961883641,0.0954863751724485,0.17227176390489943,0.10342165559366578,0.00876991761615235,0.5071737869887949,0.004560559349008499,0.04951484357846635,3
