0,1,2,3,4,5,6,7,8,9,Y
0.8932534312602262,0.01938703223139452,0.004393540864908524,0.0016402811316909582,0.0004993779918971269,0.07874829396501615,0.0003493740494163402,0.0006845788770466123,0.0007161561222338664,0.00032793350616942737,0
2.7446482772985237e-06,3.0278235462595895e-06,2.796668760563491e-06,1.1360923429091054e-05,5.205807110964156e-05,0.0003822195005460184,1.935790678327822e-05,0.0009255111184490121,1.4388970184068459e-05,0.9985865343689144,9
5.5361910358248396e-12,9.24432531861058e-12,2.2506010316901293e-11,5.49069564399827e-12,1.2791025817301642e-11,0.9999987741060934,1.1255626993590537e-08,1.6873444137218587e-07,5.030622805244439e-07,5.427859892098946e-07,5
4.934220099405616e-12,5.662823314591727e-12,1.2457850154563314e-11,3.6614323111005835e-12,7.156944964496181e-12,0.9999993199309041,1.1126955461136734e-08,2.158636054341154e-08,5.209256938860778e-07,1.2639621285246745e-07,5
0.008041104706619695,0.9392480432070519,0.010854879888317473,0.0006311934881444084,0.0005185883623347003,0.03721824015392948,0.0007142218541106775,0.0008996215488958896,0.0005623536982729718,0.0013117530923230031,1
0.9948204417268216,0.00044104407337407876,0.0005958935689499166,7.05948743841137e-05,0.0012174928829167997,0.0020477594910430627,0.0002148992534959963,0.0002992609530541322,0.00014313083388411372,0.0001494823420761069,0
0.00039902018758580213,0.00024741855259611086,0.00019751274244379855,0.00038265404991395005,0.028550203559944497,0.001788513678058534,0.001047870673391044,0.01001302410041947,0.9492221990824768,0.008151583373170273,8
0.002042873029792031,0.0010883629836521054,0.0006948014921754594,0.9825434892723433,0.004482545724784315,0.0007440247887720953,0.0012670823220310675,0.00608921078770987,0.0005358375946066845,0.000511772004133324,3
0.3364369589253522,0.08497614650421809,0.5715552624102427,0.0007812568137072271,0.0012229926808649228,0.0029248322651017665,0.0005145020322983368,0.0008119319578086001,0.0004660704066235966,0.00031004600378290847,2
0.0003548943778461817,0.0004406486821189656,4.208805678494347e-05,0.9951532040233996,0.002974920374409575,0.0002188829353170667,5.188197508431041e-05,0.0006696845347152891,3.933259364459542e-05,5.446244667961766e-05,3
0.007727834033633018,0.06306859626449049,0.0036320889767038687,0.012189421456272005,0.06937856214990784,0.004030111805385112,0.20987089557700084,0.28398948494767445,0.31907118251828004,0.027041822270652095,8
0.7717042745350371,0.01744367003592143,0.0013026757583298053,0.01785661254301571,0.017970503286190778,0.0016178219766725445,0.017088260581381926,0.03815159319989815,0.013950104569640995,0.10291448351391136,0
0.9726847886890315,0.01794147042476693,0.007716913030501361,0.0001365664516052466,0.000703237772110985,0.0003129006853091729,6.974906104129154e-05,0.00018246146354646835,7.60157224551248e-05,0.00017589669963176077,0
0.05339716146412861,0.8956230792323021,0.029476981474781876,0.0004560829595712531,0.005546695337860665,0.008976752935377745,0.0010361561976766833,0.001170145351165958,0.001408334396580054,0.0029086106505547536,1
1.7930023721471462e-05,1.5787307794401342e-05,1.2297345359105459e-05,2.8419321429528817e-05,0.008843682086507664,7.147687317268394e-05,0.0003302267357147771,0.9897292972982897,3.5373824907663765e-05,0.0009155091831031604,7
0.03349784581441464,0.7031396799747602,0.002393785194544072,0.01582155666212429,0.050428014764517956,0.001405217806207017,0.01668770919498242,0.027013396275330122,0.14241060356462543,0.007202190748493593,1
0.6834092612374566,0.21127477186097568,0.09562385196611199,0.0011842591337130803,0.001509533339830986,0.002551609792975959,0.0012295494886038496,0.0005660453770301099,0.001812445772620582,0.0008386720306811192,0
5.2917194037629305e-08,1.3936626011619083e-08,9.835046918751255e-09,3.425754519509563e-08,0.9999346438840422,2.2816873798233497e-05,2.806253703578719e-05,1.9335565152403595e-06,2.1651161888172908e-06,1.0267086007629575e-05,4
1.3687218230984318e-07,6.52920796116696e-08,2.498905669380142e-07,1.4387465806238473e-07,5.250707619614899e-08,0.99988790980815,3.5035672803671e-06,5.82605032036297e-05,2.5140437318954222e-05,2.4537247483670668e-05,5
3.880473203230651e-06,0.9974158596547182,1.6860173108957095e-06,0.0014768040653788392,0.000553577497974258,0.0001203000710308297,6.072638456304011e-05,5.988419164220468e-05,2.5929361015122214e-05,0.00028135228316342756,1
0.005699417331678907,0.00407482878076815,0.9658563618641333,0.0002259267764242373,0.0012682225964040549,0.02189337382375256,0.00011618333142276692,0.00015194075357045,0.0005660801376788482,0.00014766460416684626,2
0.004752935615245658,0.0027072746450973635,0.00045735607315233935,0.00356020403423818,0.02669037485421987,0.0008300175106184737,0.8874553058439992,0.03684890143306735,0.010408701202224781,0.026288928788136656,6
1.6247281608496588e-14,2.730070480543311e-14,8.14656575130218e-14,2.178628315311589e-14,4.425058286992139e-14,0.9999999432905647,1.1117053878076784e-08,1.5559542726794014e-08,1.7122638468110086e-08,1.2910009422600828e-08,5
0.0009286177823752636,9.091479946836552e-05,0.9977333156016576,1.4629991968182578e-05,3.264819734207541e-05,0.0011345327475086558,1.2203721516737209e-05,1.8887807669522815e-05,2.095895764574315e-05,1.3290392847532762e-05,2
0.00867368676064317,0.9753391995710012,0.0044753457486075105,0.002182470049499466,9.688345059352068e-05,0.008881929922418623,8.916962345815153e-05,9.696615515096947e-05,7.989961957403753e-05,8.444909905347707e-05,1
6.091534116471692e-11,2.5667205336288413e-11,6.308584360486504e-11,1.747775927031604e-11,1.929608019666441e-11,0.9999981971212981,1.1935519700769173e-08,2.3173611900034616e-07,3.333999351938393e-07,1.2256206857351407e-06,5
6.712633302136113e-07,3.935131593491276e-07,3.443758406935309e-07,5.441357590514202e-07,0.9991580891015477,0.00015994741378843846,0.00019201492939522032,0.00012441988800483084,0.00025673632223555,0.00010683905693902312,4
0.002925456700495829,0.0005479954170389489,6.215254117934779e-05,0.00712029574744142,0.9802961469114362,0.0007558378706681985,0.0013871112169347903,0.005370183457130835,0.0009261140998430358,0.0006087060378311786,4
0.9983872664483125,0.0006653917310145102,1.4728640609952275e-06,5.851905176836931e-06,0.0007066394311038626,4.1155765498734904e-05,7.474357149342242e-05,3.6591360103442985e-05,7.706290853377042e-05,3.8240147021659925e-06,0
2.1587466679003454e-05,0.9975753095933312,3.8901749779008546e-05,9.072965361952978e-05,0.0002704074456200111,0.0014538344791360743,4.8429755838727236e-06,0.0004508650716743248,6.541107228235527e-05,2.811049229422582e-05,1
0.004584331104901036,0.007811917571469673,0.002329254459213089,0.006552077357471025,0.026062149236396045,0.0034181662972965674,0.26249756334732,0.049321484858149515,0.6052380323741349,0.03218502339364811,8
0.04489668065420709,0.04124120642143655,0.013007231816202093,0.05493950853381873,0.08998892768071415,0.007448703078133662,0.33371314954471903,0.2617279027506671,0.05821105749560199,0.09482563202449952,7
4.592908085351718e-05,2.950615137381428e-05,3.302990943694461e-05,5.293342480843822e-05,0.0005722840097801558,0.00025069057588676056,0.00013291326838597018,0.004276098254866313,0.9805650651593111,0.014041550165296839,8
0.9965177967966748,6.711438995815139e-05,0.0021544728212613694,9.090536562199834e-06,7.961285083121453e-05,0.0007715735686889671,8.87505755969752e-05,7.765916027298749e-05,9.819055290761767e-05,0.00013573874724532412,0
0.0003610913870843229,9.905573192270333e-05,3.0358895801516034e-05,0.0010986441872968462,0.0020510341297848623,0.00021203162050662382,0.014098977709087917,0.9737961407890874,0.0020680004864195023,0.006184665063007974,7
0.9693532145605838,0.0056162172146020164,0.00038449975048083726,0.001223429571951792,0.003548734013625417,0.0010365614892864606,0.014991938620501149,0.002580898967319738,0.0009075600683442717,0.00035694574330436614,0
7.593470493550366e-07,0.9996393194543208,7.413911811522724e-06,8.988290015266775e-06,0.00011061371095793293,7.442283944369525e-05,1.0667784010793342e-05,3.5334322714866044e-05,1.8814334605260505e-05,9.366600507042819e-05,1
0.03673304214864376,0.9514957562510704,0.007297696257897468,0.000472216863260149,0.00040234904993949826,0.001099366861753836,0.00024789209782743164,0.00028853759697285917,0.0004061660484419294,0.0015569768241927382,1
0.0007304952178856348,4.737879329061708e-05,0.9906188164549209,0.0006130559701080305,0.0006183855425262711,0.0010911382710608504,4.823036104092674e-05,0.0014208998874960788,0.00018247982809196117,0.004629119673578818,2
4.375607950067109e-08,0.9999389569120638,4.529260996962316e-08,3.641039657253936e-07,3.0746261132443067e-06,5.040536109246636e-05,1.671690225040406e-06,2.5903497489321505e-06,1.5344916084600595e-06,1.3134164926237838e-06,1
0.005731034179825641,0.9583810491071154,0.0013135243713381926,0.005098093434639433,0.004071988925359626,0.020346911258714087,0.0007398006593264929,0.002066733825619108,0.0012825318820479507,0.0009683323560141478,1
0.000817989560688414,0.9947722872186924,5.8838153135922123e-05,0.0016039563263742123,0.0015678211294319962,0.000494993420616201,0.00029876721825041597,0.0001845796436319647,5.867863547083511e-05,0.00014208869370720159,1
0.025177097125310677,0.0339577627027923,0.0010345476049860886,0.027959372468686423,0.7443173216150155,0.00311558054936248,0.017690414163382764,0.11826597130694907,0.023570327282417404,0.0049116051810966874,4
0.0014208912010663065,0.0021823164515354936,0.0012342398624055012,0.0017678071132092835,0.015143779924810556,0.0014548505143244454,0.18861598748451097,0.618917879460263,0.022871811266518185,0.14639043672135615,7
0.011005852848649456,0.02941815188283163,0.007409231483448798,0.027551082884925946,0.28388263265384533,0.056876611243649546,0.013244707747021018,0.034394646750768997,0.016644434222013522,0.5195726482828458,4
0.3658041405877207,0.35769481759717014,0.002032081361930055,0.008286131489098425,0.22343652918805204,0.00856838291198239,0.005856996923975183,0.017860631809842934,0.004256517699478593,0.006203770430749962,0
2.2370724995116345e-07,1.1378023535446079e-07,5.4372336030899266e-08,3.714997473875052e-07,0.9998708785681768,0.00010771158602669622,5.726134463935377e-06,4.93809614203619e-06,4.674154351761595e-06,5.308101270115413e-06,4
1.980312180708873e-07,1.2125153422454566e-07,8.33516213188888e-08,2.0834116133491932e-07,0.9996458259757223,0.0001153886518269358,8.084604603715742e-05,0.00010821782416747496,2.4081913525755017e-05,2.5028613185438648e-05,4
0.9843409961733957,0.0018577593578664577,9.337683452097074e-05,0.006446126895384436,0.0007340567355297679,0.00041259490990977146,0.00013880457083338874,0.00576016351932601,9.437598791162305e-05,0.00012174501532184265,0
0.9621334189100469,0.002613081105547622,0.0009671554364924926,0.0011434228797012251,0.006540291659385828,0.0005528591791063755,0.019031529402606953,0.0030413606140483047,0.002852176876285451,0.001124703936778652,0
0.847482468903846,0.005866974576516302,0.13862332342081476,0.00042294491131145866,0.0009284642476606406,0.005066381684474025,0.00035823364825083865,0.0006455896810786821,0.00022751663473166402,0.00037810229131580525,0
0.0014063016791215025,0.003685454412550255,0.0002765929510734077,0.012370868853880146,0.03671559204197124,0.002350749978640087,0.0017894695440359002,0.0017746956685188236,0.9350572224884058,0.004573052381802981,8
0.0607467239179027,0.16226223218447094,0.4550453862558137,0.00430763393803179,0.01571879970490677,0.2757261215296512,0.00819826152997991,0.004944805572185914,0.009800595931634654,0.00324943943542327,5
0.029454978418112017,0.012463889911222313,0.2867815891748179,0.003284785043550419,0.0023246087851689842,0.6561990268748987,0.0032040385267749685,0.0021754196507860753,0.0025946337169334196,0.0015170298977350393,5
8.212491699966274e-07,1.6584170937825315e-06,4.1662057093163786e-07,0.9994849869547432,4.7080084351486934e-07,0.00045756034792368387,2.5216047854720934e-06,3.15784514242233e-05,6.528269240628692e-06,1.345728420466308e-05,3
0.010639513941720522,0.0014712060069063308,0.9793485861366682,0.00015464193808750837,0.004416592376933599,0.0022930679753697092,1.6704811374193847e-05,0.0011978987593747191,0.00011091371719906053,0.0003508743363663085,2
9.116237222954073e-08,5.622525001181119e-08,3.700123557278371e-08,2.404003894012198e-07,0.9998941318924451,1.2513635981877991e-05,9.553430424462409e-06,1.746831090395067e-05,5.95641131202435e-05,6.343827876936555e-06,4
0.794137256083346,0.1567599274025333,0.04401112538713911,0.0004324495126502811,0.0005982936125245472,0.0014237075943602166,0.0007170493301820666,0.0005125030770556169,0.0006346971499283023,0.0007729908502808766,0
0.001969404800655787,0.0011763078283463888,0.0013770924255210198,0.0015585107352219984,0.028301556177190226,0.0019778980764403598,0.00159170359266515,0.1702107993113393,0.732021646653722,0.05981508039889795,8
0.010395844533546257,0.024599632650061504,0.0006126949424964373,0.02075534806694121,0.911702145848602,0.0020604054329223585,0.0179219924617357,0.009157162459185863,0.0014553303883551574,0.0013394432161534491,4
0.0007764614419128202,0.0012584244828169385,0.00040611187446711804,0.000665985037423076,0.015312465816306051,0.000428335038347438,0.2731939694574446,0.10705999083860879,0.5731710203612879,0.02772723565138538,6
0.009083401314062805,0.004276931085356325,0.0006169979892377293,0.006231418180741373,0.05149163056067163,0.0009019136310681987,0.8129186531440409,0.05874334949079202,0.01903391149153399,0.03670179311249499,6
0.001975957363313222,0.9797612535617362,0.0007588559118062984,0.009950591583192695,0.005751397335343937,0.0001690810593141716,0.0003768056215681152,0.0004574019518901296,0.00042787110429599455,0.0003707845075393266,1
5.229741977451362e-06,3.5391202705525397e-06,4.492234920509826e-06,7.503242229760585e-06,0.0018813493615490653,0.0003047244530953822,0.0007480327372621164,0.0022903138324790145,0.994236436270235,0.0005183790059813632,8
2.652714495290142e-07,5.298983173480113e-07,1.2274537942082344e-07,0.9997738433536363,6.169151944329078e-05,0.00012423198485814356,4.609299643158594e-06,1.8476925537374088e-05,6.327722840661079e-06,9.901278894803623e-06,3
0.0005383240317229779,0.9978929326479357,2.1316451159083763e-06,0.001391987727689662,2.0900687464175792e-05,4.916580841050538e-05,9.204842480138585e-06,1.651328574291537e-05,1.2609636949422497e-05,6.622968648893145e-05,1
0.000791370654390746,0.00015702628866201134,0.00011328428782287124,0.00019595938706406548,0.011161663395284285,0.0007402518482982531,0.03635417145821013,0.934775869531115,0.006086277257478024,0.009624125891674917,7
0.1685091285398402,0.17945712878158063,0.633349131899584,0.0023202031503022397,0.0016902736592016914,0.006769636149450116,0.002718151719794292,0.001365296307529866,0.002078485077408293,0.001742564715308733,2
0.9441151152005662,0.0076866627476148,0.038778267518116735,0.0010341922208157125,0.0006126263492920645,0.004662268630433341,0.0010357525198276367,0.0010610293777105614,0.0004086263211560199,0.0006054591144671052,0
0.005568030316423105,0.004491674313454863,0.9831435166654791,0.00034845395652964903,0.00034653458835492653,0.004876239103410178,0.00023856501373550426,0.0002579638123024022,0.00023290056745523156,0.0004961216628547182,2
0.9908280829290506,0.007105691025189137,7.285000279151041e-06,0.0004915076567942517,0.00034220776152870573,6.366762573469327e-05,0.00013235571570882471,0.0006256886117871011,3.736669683624592e-05,0.00036614697709141356,0
0.0017040076774065692,0.9709167973125113,0.004050268508510439,0.00024037440725413754,4.49391047553704e-05,0.022958272203761027,1.0520135724963612e-05,3.19993970219537e-05,1.4455207924519107e-05,2.8366045129335367e-05,1
0.9650656181525089,0.0331610091641178,9.061895140304083e-05,0.00022276792621234599,0.0010229656450262141,0.00010991102637418619,0.00010750884666939826,6.709630203051659e-05,9.897573131023895e-05,5.352825434761755e-05,0
0.9714585074713503,0.016012648127053133,0.0017284050462756163,0.0006276897295516413,0.00015672275257160555,0.007583985736265522,0.00017115999219577413,0.001801727343210306,0.0002019111500208487,0.0002572426515055054,0
2.616916318524471e-09,1.2829203044370074e-09,8.137757421086534e-10,2.472355752531662e-09,0.9999872100794038,9.621172592990453e-06,1.8958180668195391e-06,3.5863302203518414e-07,2.103147362371872e-07,6.967962102219901e-07,4
6.249946467018336e-07,4.045849529287157e-07,2.054968880252026e-07,0.9993000275001893,0.0005591064890662576,9.017588937754922e-05,1.0093434803161339e-05,3.0379207235325063e-05,4.459680253244356e-06,4.522722587500925e-06,3
0.00028587726095472785,0.0004380154408504909,0.9972956117547507,0.0001943261622653737,0.0013400926823187909,0.00030050947724092285,7.957874954038224e-06,3.355324101632636e-05,6.638565291068017e-05,3.767045273801769e-05,2
0.9833598276873186,0.012937647686800117,0.0031549995823444386,8.055623933926883e-06,0.0003177406190194186,7.779882739439462e-05,5.528683042232881e-06,9.694744757455293e-05,3.172356542353225e-05,9.730277148611383e-06,0
0.0008569236267703635,0.9236635334130592,6.044017935557463e-05,0.07473652230313967,0.00028440595811048456,0.00020679044019264296,7.260005077948988e-05,4.753553195579069e-05,3.155869987681126e-05,3.968979676007523e-05,1
5.532677034305301e-05,2.77912343918462e-05,0.00014930884771178487,9.557962160879676e-05,0.0002594133488202444,0.0005610522484536233,0.0003114457247894263,0.0008518082677544723,0.9960146645917473,0.001673609344379511,8
0.025140612197679643,0.007180529554526633,0.0017082720466855925,0.02619788204796868,0.23217242454882617,0.003188713226701301,0.44853701858696626,0.061477896135508706,0.17451369605050357,0.019882955604633365,6
0.12862499675095673,0.7814553848903965,0.0008555505277415742,0.04086067485390087,0.015079522334333089,0.0006081457962402849,0.004832708270530839,0.021032341885285286,0.00580271232806119,0.0008479623625535294,0
0.000138554722369057,0.0008762569144635257,7.4384140157425e-05,0.9969440609522706,0.0011111441337715111,0.00014934013326212053,0.000126745595238235,0.0001342849471894156,0.0003103652514438882,0.0001348632098344956,3
0.0003673243171235735,0.002260548875045707,0.0007601791569504593,0.0002872104217943586,0.0029108055008769214,0.0020926026687279795,0.06109716434451655,0.013680611977934043,0.005707072321516746,0.9108364804155139,9
6.72088058728271e-07,0.9988678440097402,1.5347024458267166e-06,2.3127656462806024e-05,0.0004957232921958241,0.0005929766306344526,1.3826919504223415e-07,6.136928318108948e-07,9.963223652510045e-07,1.6373336070095022e-05,1
0.01117303673466565,0.008670223849200192,0.0071614608975805625,0.010421023180816006,0.020625556352638297,0.0076292624078993666,0.01445331401254253,0.22757867705965162,0.5415814154585776,0.15070603004642824,8
0.002145511157119212,0.0008955591444431173,0.0003618330368623812,0.010203552829844344,0.908307882139644,0.0003522064858495254,0.05409450846193996,0.017548623247677603,0.00465337751063032,0.0014369459859890647,4
0.0004696522678878508,0.000527543780200355,0.002070002005278353,0.00013773933521780366,0.0001898476334959612,0.9940557003031918,0.00023358872635653808,0.0011388958984755693,0.00048560029019818323,0.0006914297596976906,5
0.0004990587542456596,0.9941534480379473,1.9627387714518633e-05,0.0023784495427059023,0.0027302484734730986,0.0001274078347048765,2.13171793402526e-05,3.076090893030245e-05,1.1163693730767405e-05,2.8518187207188435e-05,1
0.00010612927719959875,0.0001532740712573872,0.9816846031010406,6.668768328613199e-05,0.00015114898415062412,0.01781328415024502,2.6171911482519895e-06,1.0668414972442581e-05,8.252029353585887e-06,3.3350973463385938e-06,2
0.004096617466235755,0.0014433890978711842,0.0004021608179033084,0.0012363086096389925,0.010995772145548734,0.0004978386580502949,0.8770857753790253,0.09948710137514957,0.0029531581717373656,0.0018018782788392729,6
0.8542694449354439,0.005142802612137988,0.12964246174927355,0.00047267219632096626,0.001017371413299471,0.0021475949815347923,0.0011338693602120243,0.0016758584018177788,0.0011242544741783859,0.003373669875781294,0
2.143715804073035e-06,0.9990968247317882,7.644701193022847e-07,7.1599232521971e-05,5.747817739342202e-06,0.00039051018708094974,5.567279047765766e-06,3.0679430002024726e-05,1.5677480938932694e-05,0.0003804856549576171,1
0.12438000615797096,0.0029480828812059536,0.8616179563054115,0.000802553810121655,0.0008277556844828892,0.005379941524492171,0.0008776741349841941,0.00052745746123859,0.0019785119668006648,0.0006600600732915352,2
0.6116850148509854,0.04198599828621859,0.050832155689622,0.006850789831541107,0.2164830905474809,0.03642398287550224,0.0054790897886912125,0.014509235145429603,0.008830028739202894,0.006920614245326448,0
1.0447052710661365e-08,9.503190197780898e-09,1.9810466880026872e-08,7.9342205434442e-09,3.4787052128033234e-08,0.9999558980228886,5.539898718088461e-07,9.345403539205166e-06,1.9707678009797956e-05,1.441242370830212e-05,5
0.28789212137176773,0.592967265791907,0.09410488194111823,0.0019227978977520506,0.0058363030971833926,0.00673108683981745,0.0025698235072672635,0.0021174647131989455,0.0018848145441029184,0.003973440295885823,1
0.96808609445393,0.004836746946929481,7.546335657823751e-05,0.004017622283595551,0.016291395944476848,0.00010250761277704772,0.00014845654730119665,0.003240533454768103,7.778196796873355e-05,0.003123397431675038,0
0.9471638182867023,0.0068316060657810825,0.0003586630275909943,0.03084620923651972,0.007035493215830804,0.00024459018732241636,0.004237629862905737,0.002097891542082412,0.0007714495091625664,0.0004126490661017594,0
0.9113374634873952,0.009625398502476243,0.023067452564752667,0.0006154092182620002,0.02048998624605971,0.019054547501761835,0.0008990534749721213,0.011249674507298251,0.0018201121039754008,0.0018409023930470692,0
0.0036365992896335415,0.0014000389053026648,0.004557737386193239,0.0007503378098022998,0.0012231795908642746,0.9839088349310917,0.0005974897557247388,0.0007108738865450032,0.002643932478033914,0.0005709759668084617,5
5.34379978965122e-05,3.485098505728936e-05,4.059353107376996e-05,4.614908753543084e-05,0.0003673374661112885,0.0007013414575315014,0.9714325424682245,0.015544664008441563,0.010026236991049261,0.0017528460070791072,6
0.03770682173581002,0.03895109659179798,0.009978345040824448,0.00899197378815601,0.016586668461021633,0.004946534646717322,0.7741350255070011,0.028290702571758065,0.06458480440002025,0.015828027256893216,6
0.00022872942271766293,0.0002195042174063132,0.986419765316498,5.850578896057069e-05,0.0006011514207752634,0.0124519547695841,5.900274095444431e-07,2.0666698601143583e-06,7.034051649908474e-06,1.06983151392338e-05,2
0.03611139208507622,0.8092443569192742,0.1510168982594592,0.0001490681175280881,0.0007851233757588179,0.0014592635601956506,0.0002999029696833524,0.0003511431185809585,0.00028166618211265636,0.0003011854123307101,1
0.050820523961917816,0.9357206431924249,0.009889282787482788,0.00017944450928183397,0.0006931517424972827,0.0017324389317705442,0.0002119023689994862,0.00012847755834371018,0.00043533427136297306,0.0001888006759187964,1
1.1166397331700296e-07,2.5413723210417567e-07,0.9991000314451803,4.3846671144946305e-06,2.0271095085621593e-05,0.0008447153359334857,1.436461452199427e-08,1.5687260800651248e-06,2.176070666208327e-08,2.8626804079408674e-05,2
0.0001816255551109806,0.00019689454133139315,0.0004004518964302943,0.00030050851625704634,0.004626873695885396,0.0026885944001696937,0.018098389771389417,0.9220861970764227,0.0019611210924116635,0.049459343454591666,7
7.462861840729448e-07,3.4889222018937163e-07,0.9995087104140365,8.341972167828362e-05,9.115209145320477e-06,0.00020450883188987423,7.612248988642161e-07,9.30029524779246e-06,5.4436815797041044e-05,0.00012865230890161939,2
0.9715103211366373,0.006876816759992348,0.00012788193988762041,0.004882772756948864,0.00691343691242747,0.00014162915433191923,0.001728264117523422,0.0012063977760686554,0.0052482983735573415,0.0013641810726252952,0
0.0070893445515674966,0.0039422664749977805,0.002737521467910412,0.002406193265989471,0.010371356617116438,0.002271886682602731,0.8202101012481176,0.10054927240661286,0.03232188219517162,0.018100175089913448,6
0.6660251723421656,0.13149775281188014,0.17532754247752103,0.0018806333405902715,0.0039029603424081717,0.011497775448619147,0.003209613538270334,0.0008708732092774227,0.00415929348028551,0.0016283830089819072,0
1.2751045225397772e-08,1.0773808303051527e-08,7.069764328871273e-09,2.5654865301052315e-08,0.9998908845361519,2.3223102865887237e-05,1.6497704300977875e-05,1.5345970409123163e-06,2.6412243858677e-05,4.139156629842603e-05,4
0.8063050927913388,0.008422022143245224,0.1684008733178893,0.001600615879814058,0.0006733434306282973,0.013535072976774608,0.00014562529797822128,0.00046016587361117896,0.00023744931254887546,0.00021973897617194555,0
2.8071644696092913e-06,2.5040781553734093e-06,1.694392326836384e-06,1.358117593369521e-05,0.0006859373735962384,0.00015885085650177165,0.0006791140463765304,0.0002964792532021444,0.0003322468846902175,0.9978267847747476,9
0.0007070177960819354,0.8573189408506366,0.0005211840406698433,0.06353647336435256,0.07635926546150888,0.0009095864411748589,9.660729412390347e-05,0.00014474039112388493,9.907029878699361e-05,0.0003071140615402928,1
3.835187781817055e-05,1.1465620554592856e-05,1.1087036334510139e-05,3.447407788634649e-05,0.005857495699114672,0.0001100845089834939,0.004406374807086751,0.9462599240208778,0.006134379650535712,0.03713636270080783,7
0.9932516996546663,0.00361519748990132,0.0008296859790719706,0.001228569203520338,8.779554179630833e-05,0.0007337431052692868,5.9072307966580554e-05,8.314579552543549e-05,4.046315117983136e-05,7.062777110294562e-05,0
8.979949242384424e-08,5.045764004132285e-08,3.363407881326353e-08,6.25891771826479e-08,0.9997575760083716,6.185524660808197e-05,4.4506105428536205e-05,5.3619974129135926e-05,2.616683707318875e-06,7.958950136712093e-05,4
1.569349834260211e-07,9.895033156970702e-08,0.9994784638073491,7.504647548202993e-07,9.885471844543054e-06,0.0005083614358859236,1.7226553510215615e-08,1.6081199556699671e-07,1.6296854207020375e-07,1.9419277593942223e-06,2
9.320296818215997e-06,2.906090399545229e-05,1.0769559936029773e-05,0.0001757536135710213,0.0011909404745679068,0.9983368546264548,1.3538449907083117e-05,8.173539312884644e-05,8.63257227851849e-05,6.570095883496688e-05,5
2.413801635231972e-08,4.772926169256174e-08,8.450081112427484e-09,0.9999470415446308,2.363435683924196e-06,2.8958904306048643e-05,3.1135965876661606e-06,4.562618041110736e-06,3.6872725522048306e-06,1.0192310839032953e-05,3
0.025340791740874405,0.015052774001371925,0.0071558199241185975,0.005934600008114925,0.04231417511740271,0.0028660773770164505,0.5851608202267156,0.061347111133169166,0.2386401314948525,0.016187698976363313,6
0.0031590102802958385,0.0007437350516174858,8.758073481361971e-05,0.0007838868956563559,0.9917757435925618,0.0014795277095177217,0.0004376839921108147,0.0012129490233136703,0.0001350574066049898,0.0001848253135075281,4
0.9961947631932709,0.0009122157834897134,7.643552810878885e-06,0.00027914976183981836,0.001204764865855218,0.00023337955822963047,0.0003259223990329543,0.00040352273897007054,0.00016774301639668976,0.00027089513010402743,0
8.942161337998028e-08,3.2249478769716455e-08,1.8794653336478673e-08,1.2988436463786787e-07,0.9999301632600226,5.239977332268912e-05,8.13828169420655e-06,1.4836288991628925e-06,4.30132436637782e-06,3.2433815848993985e-06,4
9.48149418670583e-06,5.919019127808137e-06,0.9982959320716236,2.389741149528363e-05,0.00012571274199348469,0.0011768398183793264,8.666248139329943e-05,8.305005026499848e-05,0.00014645195039315566,4.6052961142257816e-05,2
9.578753449456857e-05,0.0006013727165904356,4.585377325819435e-06,0.002403689091425239,0.9961660149424445,0.00016431399682397826,7.254143177163107e-05,0.00023270029719220622,0.00023842473159071316,2.0569880341149302e-05,4
0.0011165708065310974,0.9955349094115404,0.0008772087993110385,0.00021131153300734946,0.0010555840917436125,0.0007368625086036221,5.22659128277669e-05,0.00017366001741789697,7.456075641098551e-05,0.00016706616260637596,1
2.1990223315349807e-14,1.783452012490465e-14,1.422851683897882e-14,2.6865880696503548e-14,5.149437090339249e-14,2.1951966247002933e-14,1.9919566367375245e-14,0.9999998665558932,3.3443845973914603e-08,1.0000008659836438e-07,7
0.9557617855674195,0.002506820086702309,0.03276273341628622,0.00011185534926202164,0.002103495928542761,0.0033967307630785428,0.000750764584312555,0.0002534460236564319,0.0016930282211291931,0.0006593400596102774,0
0.9937695119999839,0.00030881181593254937,0.0011377560378293843,1.7434993539728292e-05,0.00020311527872348735,0.0040366619394224,9.782194711130703e-06,0.0002536997526612083,0.0002319003805909643,3.132560660548297e-05,0
2.20595871535693e-05,1.1777998966047759e-05,1.4211676356980163e-05,2.092317632530338e-05,0.0033267300192985063,0.00013476385369271763,5.772781716308172e-05,0.508625403717808,0.00037616227490073925,0.4874102398783353,9
0.05976569324288608,0.02253841510651432,0.0026454046630396614,0.008193258972803097,0.25762899363178865,0.0016369536898294323,0.3864212836367538,0.19729573564085714,0.045326545599842796,0.018547715815684793,4
0.37177254671600785,0.004246468054485337,0.5704862790056029,0.01866350909857313,0.0006826431247905386,0.031460450438040584,0.00048364877594546396,0.0008751010499106731,0.0005489059358257473,0.0007804478008185661,2
3.130457623278164e-07,6.786942290482629e-07,1.676916155438532e-07,0.9995489848771978,1.0644139557450745e-05,8.037963977131016e-05,1.5389170324582704e-06,0.00012155210784496896,8.414890876265239e-05,0.00015159197822662,3
0.05238933959798783,0.9351877481609203,0.007666691853429993,0.00037260865139476107,0.00017103003128290118,0.0012065340629914723,0.00039911971639514744,0.0003626707902824999,0.00045252399386309916,0.001791733141452097,1
0.35265968613576854,0.0016031279451212228,0.6320228639770856,0.0006249840376419303,0.0005185693636699233,0.01059462701181984,0.00036698207298511255,0.0009442011101552968,0.0003777363420813395,0.00028722200367118825,2
0.015351784993028899,0.011625302552490838,0.013229522674137857,0.09451751094488714,0.17161245234196112,0.028677582286242,0.01505207845658748,0.36542239641148255,0.16287937013818268,0.12163199920099946,8
0.9573579793036061,0.0033223280814955324,0.03646652706014943,9.671465915684706e-05,0.0007445249845384595,0.000812514318984034,0.0003756087199703045,0.00027570407472748287,0.0003420778669584256,0.00020602093041295868,0
0.8555968726866857,0.011813440349597436,0.12441057250719663,0.00013085407594472842,0.0015829400094291965,0.0037035704548693516,0.0005057248731077988,0.00043076792097180335,0.00030326224102532497,0.0015219948811719404,0
0.010305221828565643,0.9810101206859245,0.0004567139519619412,0.0027858715200478317,0.0023159111321322664,0.0015652347243202715,0.0005294970281033334,0.0006337158085108534,0.00027267283431397414,0.00012504048611960497,1
1.499635821741458e-13,1.2665434499677924e-13,1.001533772333988e-13,1.781701953911018e-13,2.7218914682309647e-13,8.190850378222863e-14,1.2623223954977768e-13,0.9999998483896674,5.043987136154607e-08,1.0116942601166933e-07,7
0.022052316793837536,0.0712652781778962,0.10282093996562171,0.024614992626142244,0.21125308506351081,0.057622116661184754,0.2442294079068523,0.16352635021394554,0.07425638890720442,0.028359123683804693,4
0.939993744281682,0.026029205358408837,0.019189126283609397,0.003998453163639488,0.0015846947628066737,0.005932151311558466,0.00033507616077013084,0.0010872828071393688,0.0013804634978335194,0.0004698023725520898,0
2.2532820807721835e-06,0.9987603399313307,0.00040277108003889365,9.587985241030108e-07,4.129949283405578e-05,0.0006798542100740747,4.678946542089855e-06,2.1898755553784067e-05,1.4480916227911873e-05,7.146458679374259e-05,1
0.006507084827291965,0.980986679231066,6.831829674687618e-05,0.0008665696159744154,0.0017041312225640234,5.613387641715042e-05,4.255359701012486e-05,0.0033241007292736944,0.00029038427755715627,0.006154044326098816,1
8.464768123755139e-06,4.972860579697967e-06,0.998480742385727,1.2306489306613812e-05,6.447159355766842e-06,0.0014581609642494435,5.933361633799501e-06,3.4343689260568755e-06,4.456171749398976e-06,1.5081470348561186e-05,2
0.0009670372130265762,0.001228476706162712,0.0006319664892076179,0.0021345356143327005,0.007095114320912125,0.0015533262579097518,0.45246743437695136,0.06737333660507686,0.1627926719847732,0.30375610043164747,6
0.003772677780510674,0.9847284031590978,0.0008102982648291516,0.009097629896741476,0.0006641803605919103,0.00030108295005511096,0.00016891450002880925,0.0001429667710589756,9.435850194762597e-05,0.00021948781513851466,1
0.022990814556361525,0.21357126106827848,0.001069440139578543,0.7500669763740385,0.0029797979468993282,0.0004250636590246256,0.0025879255401549074,0.005296835828221731,0.00031985147918807785,0.0006920334082543802,3
0.4900343973344125,0.4915165420843527,0.00010729621704079525,0.017008226723374743,0.0005451508744403299,0.00015766247870142494,0.00016219462704447296,0.00033974351226240187,4.798106284075953e-05,8.080508553020442e-05,0
0.9352597022133107,0.007626198179527167,0.004202952202412625,0.001313841936059477,0.007173558465433376,0.0010887974460870083,0.028983645058477257,0.004339503277956603,0.00736767649635702,0.002644124724378389,0
0.0019704048054521982,0.0023533899169470244,0.0014437693963669518,0.0039010020752478732,0.03685038651076772,0.020770831135489443,0.0009501138072254035,0.309715065726682,0.5982685127008543,0.023776523924966767,8
0.6674720606639729,0.007725498741696373,0.0018035535360529796,0.0055021982257057395,0.27254116075504703,0.002858081822627019,0.000600271019233006,0.005096820963172033,0.0009212504261176004,0.03547910384637523,0
2.0964147095545315e-08,0.9997878250540606,2.1747908433371266e-08,8.686832714663318e-08,8.032041950901364e-05,6.158747793516936e-07,3.276028647069147e-07,9.835295935556977e-05,1.7259094432892733e-06,3.070259960481809e-05,1
0.7911725781114531,0.06256537607068172,0.005383445758588948,0.007750301188247366,0.11360797236376673,0.003484427978405462,0.0029143253394395166,0.00578930999702827,0.0037225281175429733,0.0036097350748459595,0
4.270601721635655e-08,1.965800192257304e-08,1.2948204478480174e-08,2.439524578251862e-08,0.9998178018038794,2.246553397050019e-05,4.3325995327925713e-05,9.058544994542472e-05,1.2929176927969965e-05,1.2792332479280271e-05,4
0.995041926938679,0.0018276739460530535,4.004487789155869e-06,0.002468517580613651,0.0004759654329552974,7.06370627748781e-06,1.9641060851196688e-05,5.182709583350296e-05,3.48834674971829e-05,6.849628345038853e-05,0
0.00791484424898785,0.9547171031701801,0.0038589320785327496,0.001771979765516501,0.0006647836043332858,0.029352246784607745,0.00038433132788848445,0.0006184225892133318,0.00028917843656374383,0.00042817799417655067,1
0.9644308569517587,0.009603342245611485,0.0011051647065548561,0.004637009944185417,0.011246350116613504,0.001067541369325768,0.0034710783713233478,0.00344948839116523,0.0006559499324762458,0.000333217970985794,0
0.0020749563191230476,0.9322667670543016,0.057509169450847296,6.0903704702559445e-05,0.00013020677976558547,0.007683460017130058,1.9718187061199484e-05,0.00011768703128693727,4.698369588051153e-05,9.014775990123971e-05,1
0.40088322262803844,0.11744405095210411,0.45766949253259454,0.0010985291032596504,0.0009856564869929717,0.012052419307592044,0.001546418805180717,0.005184155791145663,0.002159317900606276,0.0009767364924851837,1
6.708017654227598e-07,5.379869946470604e-07,0.999209880893149,2.144563456746163e-05,3.524804229500746e-05,0.0006774916347022055,1.5086610141289052e-06,1.812638837891676e-05,1.261414124087626e-06,3.3828543008983036e-05,2
0.11832462437200827,0.08648592735392857,0.008065224642657506,0.03798207123012972,0.04909480669047408,0.002922507206350011,0.6180413515010271,0.045878000110877996,0.026591282481832807,0.0066142044107138824,3
0.06173582773564195,0.8971689026460493,0.0007277731903037272,0.016560409961531467,0.008029136518409016,0.0004161347946119295,0.009306988739028485,0.002738867366535651,0.002199913119758653,0.001116045928130342,1
3.5154349209797037e-07,8.653408940382357e-07,2.042261816459037e-07,1.0121682604602481e-06,0.9996949594500476,0.00020357510002051878,2.3217623322034892e-05,1.169550219848144e-05,1.7930563668409114e-05,4.6188481914919116e-05,4
0.18265770232344822,0.07545223551742108,0.060332849325246955,0.012177594017276855,0.05658237248626,0.013838404398223992,0.3668172867578446,0.04370860845086561,0.17180040108569264,0.01663254563772002,8
3.1361508260419094e-06,0.9990549491902889,5.688943631830245e-06,2.1077344685138763e-05,0.00030681528014265104,0.0003652342824155414,3.8398464881931414e-06,1.848698067298868e-05,3.637152563183971e-05,0.00018440045521669142,1
0.9726948181429652,0.02430504799327823,0.00011436652603639868,0.0016799460348685819,0.0003502017200725173,0.0002607765572719212,0.00023524349217655062,0.0002362265174065221,4.391996254526761e-05,7.945305337899595e-05,0
3.272608432592234e-05,3.0241850023227428e-05,0.00010286420134671642,0.0006620751602315146,0.00032295572481140034,0.0004233446160855251,0.003326627963253285,0.990928195561509,0.0003206166357224654,0.0038503522026907943,7
1.385667695707812e-07,0.999573873816909,1.0727521083875977e-07,0.00025359266670856294,6.982774617596963e-05,1.4602225412104504e-05,9.736182456856629e-07,6.300021845876963e-06,1.4750051826445879e-06,7.910905753987608e-05,1
0.003712328975314793,0.0029421194601009413,0.0025127218071238555,0.0035460178755999058,0.6514492126561453,0.002662443962407487,0.022339583988624984,0.07052034178568706,0.03968741419264282,0.2006278152963526,4
0.1933293502186517,0.010068617987360313,0.003399432027457656,0.6657940623360808,0.0430610379414661,0.0018956790886783845,0.03388566766398407,0.020431431307984835,0.024670951820487574,0.0034637696078490075,3
0.994253203087509,0.0005642854356605362,5.997912953397297e-05,0.00010837068308517471,0.0038709275262627293,0.000668968533771246,4.843402149361192e-05,0.0003201216427347534,6.59049104783244e-05,3.9805029471019486e-05,0
0.012474387670361905,0.9333449120966147,0.0006026632980130764,0.004190020499378286,0.014617323173301519,0.0006171084727229756,0.017804515429680957,0.007252728740526202,0.007817033278211512,0.0012793073411893217,1
0.002517201713791227,0.0021346135748659843,0.9837105662184349,0.00040091015878475627,0.0005858905281230308,0.007522879333258856,0.00026459760098821437,0.001177186945949084,0.0015299425221912972,0.00015621140361298826,2
0.8620371252468275,0.1352714424034337,0.0002012163630993789,0.0012289754500179112,8.665759951370265e-05,0.0009684976811873703,3.606920962540913e-05,5.635186639359723e-05,2.36558301372252e-05,9.000834976434225e-05,0
0.23824075152617727,0.28511763890053965,0.0005662492553155543,0.46523594500811033,0.001884674670433372,0.0008569162290094193,0.002295460716121788,0.0037348614447313896,0.0010453151971964987,0.0010221870523641789,3
0.5345144852348197,0.3343980796674062,0.011876845222098375,0.04576655342248936,0.018275379769670627,0.0018867776368259777,0.03127854135625526,0.004464604864742589,0.015244697443007504,0.0022940353826843064,0
0.10211633406437963,0.037857009009689545,0.03568181996686622,0.004380085084270718,0.18686932054984226,0.007599040729804542,0.3956263035338716,0.06130799413213546,0.15521747112518408,0.013344621803955785,4
0.0012604882610096526,0.0005656089415048999,9.711692212713935e-05,0.9893186201938005,0.005368830260498471,0.00230704758686459,7.056651857337706e-05,0.00023851156110757548,0.00026661101560680967,0.0005065987389073007,3
1.4532204281447142e-07,5.536439164114627e-07,1.0112559429758024e-07,0.9996522496957284,7.23361767305124e-05,4.1530079349350364e-05,3.371880393213965e-06,2.1743636892425217e-05,8.918650764602989e-06,0.00019904978858827758,3
