0,1,2,3,4,5,6,7,8,9,Y
0.0007440410975054641,0.0009790547583865422,0.95026900055085,0.005181863542607625,0.001532116240691225,0.009848537665882373,0.01090910341539741,0.0006176319788318518,0.013121727725946936,0.006796923023900015,2
0.0524649791929577,0.46743945881341814,0.011310212178569699,0.04165737805303954,0.011064535041215925,0.025217073170597532,0.005050058419004882,0.3715496737586093,0.012106612929556596,0.0021400184430305992,7
0.03991935985355132,0.04194341988294408,0.03552685403228524,0.2589451522958842,0.008633978416879953,0.5534148962559157,0.015532113417054452,0.03613926172672204,0.0043079875723805025,0.0056369765463816545,3
0.0178134160582439,0.4790577632694794,0.09161738414158231,0.020474289750412836,0.07678165495668583,0.0814429254503225,0.004494445957342076,0.170147897082497,0.054686451206743036,0.0034837721266909477,1
0.0025950958696693395,2.567997370500023e-06,1.4043978257186214e-05,0.9943693535192162,5.823949741413068e-07,0.003005899466130723,6.880086020163035e-07,1.2247882153583183e-06,7.091273611864614e-06,3.4527039524132554e-06,3
0.01851807212031522,0.0021417590528839364,0.0013424373426720046,0.0028482710043242947,0.0003345929268760058,0.9509801304033709,0.0022513456936678446,0.01985360821006456,0.00021319912738157617,0.0015165841184433975,5
0.027749136424507437,0.5636766708541652,0.05501659416690757,0.049215522042419774,0.056973000021043455,0.05593954747742802,0.018227413656772155,0.15143384637710422,0.017981592679791117,0.0037866762998609196,1
0.000390687567811831,0.00020918863734024708,8.068188829759102e-05,8.230671640190096e-05,0.9977194789691438,0.001015806119960927,9.834317872292981e-05,0.00019485539803498197,8.756857469214539e-05,0.00012108294959370173,4
2.4707646339075478e-14,1.1917786575079758e-14,6.713438585387267e-14,3.365427685419029e-14,1.8950258884450423e-14,9.012230215745355e-14,0.9999999543117284,1.1519483358178378e-08,1.4717599709079599e-08,1.9450941999225535e-08,6
0.08548062486465093,0.013550354462406662,0.021552788137329117,0.6486889778823948,0.007192361223362538,0.10661684264400936,0.04493551731240896,0.01077700940382203,0.05528352371755635,0.005922000352058895,3
0.005728311883204661,0.004723118132477618,0.019657715607041295,0.8593325016737601,0.0032784198226197187,0.029168505594805463,0.035966614357040544,0.00382025469266971,0.006167925083022773,0.03215663315335905,3
0.02508646719405648,0.5821974107801895,0.003949361252310968,0.005151918824305616,0.001674494421059933,0.035122703231870056,0.005769384973058773,0.33950952829313935,0.0004361782127253551,0.0011025528172844592,1
0.999474219539932,1.2277233773925608e-05,1.1014838113940955e-05,5.409650938344698e-05,3.7354727753335767e-07,0.00016100004175017283,0.00011579485750975045,0.00016563343232960952,3.9384962205763096e-07,5.196150307485745e-06,0
0.041202839966586635,0.5843844694826582,0.0009883950399193686,0.0062863381251852595,0.0017920988765020834,0.09099228061803671,0.0018716661305048833,0.2708103721617503,0.0007997346324795129,0.0008718049663768996,1
0.9991580814181443,7.200526163765262e-05,4.1962005499710275e-06,0.0002470042132034088,9.105975096106711e-07,0.00028366541242566307,1.1241798769978629e-06,0.0002085067298148396,8.290323326146284e-07,2.3676954504481353e-05,0
0.01838455568367127,0.6332112466732445,0.015544720238486366,0.025804689089859015,0.048990613268934884,0.02160218178450453,0.004863558871222125,0.14166731195826132,0.08432096180086306,0.0056101606309525475,1
0.0342814050394249,0.0006455925218907992,0.002523790378529265,0.6888122328790246,0.0014148611533471725,0.023058786688037815,0.013163542584511386,0.0006779179508161504,0.0035376559609892606,0.23188421484342833,3
0.006667924138585609,0.0509555367522141,0.010407457885184627,0.029611249151019214,0.09296531529753325,0.019422907834905218,0.007778081254052095,0.015234342687210148,0.7645031071224847,0.0024540778768113204,8
0.06181102045591377,0.003281985407570221,0.5598764342847236,0.27698635209926714,0.011087195190885343,0.00858796437290356,0.00280095543840473,0.00585860701143661,0.04871431079287715,0.02099517494601823,2
0.006809180536535035,0.000264986571638592,0.00012525181573033273,0.015427072086473523,3.321496519077873e-05,0.9760491758482909,0.0005713388121502804,0.0006313650511001048,2.0383117554917238e-05,6.803119533538856e-05,5
0.0012109134959042698,0.0009190405735048388,0.00061633476271882,0.0025273832667095427,0.00010834280396966912,0.007832222144148271,0.9849421068572972,0.0013299160186373033,0.00032959635832309757,0.00018414371878690776,6
0.028010071183585724,0.002840459096114147,0.8795494840200864,0.01830515053851067,0.004359771897971361,0.05756544900674099,0.001180393401555357,0.004353932498528927,0.0010876536357973922,0.002747634721108855,2
0.021048628532063414,0.0016969436462651176,0.042249918686049666,0.0019399999728965229,0.00310451036377725,0.026446838453479418,0.0018702727859196812,0.0007405860184352103,0.8996430566703943,0.0012592448707191635,8
0.029554870799186093,0.06949794637813099,0.0701443221185645,0.04749362082318262,0.3194346720556346,0.025234005584338665,0.005673852201628206,0.02621369928950639,0.36658267465643857,0.04017033609338905,4
0.005135304352645393,0.09817393668589204,0.00777269574788905,0.008143827688229816,0.00789277267823102,0.2049455704651218,0.0017234992987036307,0.6474978649450454,0.012561569785049619,0.006152958353192016,7
0.008851717650643793,0.0018711418952098437,0.008948486793110059,0.0004800700539793151,0.00012764044985254144,0.9753959755474177,0.0004067264933540777,0.003600717341169307,9.292782561576172e-05,0.00022459594964811084,5
0.8963660326373628,0.002004014866397669,0.012942616757727484,0.05354602019814583,0.0001548223531917335,0.02796766469215638,0.0011802057423808555,0.0035532790323355512,0.0017387547708666987,0.0005465889494347733,0
3.988375308110597e-05,0.00026621816628358155,0.00016799791216657434,0.000645377581740577,6.070051848293334e-05,0.0002446592119288521,0.9979297740716352,0.0001529369893552181,0.00043110970270214956,6.134209262396863e-05,6
0.002265382239202175,0.011179183888864528,1.1439421955438655e-05,2.0260859344056356e-05,0.00015115989201947802,0.013000202066425855,5.7556047766989275e-06,0.9731823427350786,2.271150763312454e-06,0.00018200214156938153,7
0.0334945474742019,0.6629894818665402,0.04683677186622083,0.021949276957875127,0.026621614536146507,0.027564040615656923,0.007131915897676381,0.13022672846567876,0.0342067757428605,0.008978846577142346,1
1.9150884564435794e-14,1.1164176567819518e-14,3.16921881375648e-14,4.0222781865073504e-14,1.9741918712492374e-14,8.985243865319139e-14,0.9999999265895548,1.2626714098432739e-08,1.438441624927396e-08,4.639910289585748e-08,6
0.0012666945543195847,1.1080576669517514e-05,0.0003742308650951915,0.9806084366234191,0.0001507717905669447,0.003494556522127744,0.0003078928455634272,1.1760351853245957e-05,7.170565274297572e-06,0.013767405305111084,3
0.0032490438734061153,0.0053207937841624545,0.001877441843222729,0.008578826591646526,0.9497686086050778,0.013153755341572086,0.00514245994621062,0.007434515588240301,0.0029231054020779634,0.0025514490243833438,4
0.03039227868457837,0.29699999763115453,0.1349558196717303,0.024133423485794114,0.004095845820759378,0.25662651380871,0.005057629412284252,0.242147965404361,0.0023374445815664713,0.003253081499061459,1
0.043318606147989616,0.03961265266212246,0.062312816624569486,0.17381617562621074,0.13246962812843519,0.07412520310695052,0.014840196453041708,0.031515660006032474,0.07363418329473917,0.35435487794990833,9
0.9820590948344757,3.951542788937016e-05,0.016344608847660803,0.0010710384953011895,1.307400830359374e-06,0.0001556873960077348,0.00010785551639926034,1.912269986827254e-05,0.00010319998666582876,9.856939490135882e-05,0
0.001370639687458445,0.011676110779703151,0.0013796530843515266,0.0032800482252396917,0.9646980143286734,0.008178106943589338,0.0014072178327651094,0.004419966113883977,0.0028447775463594778,0.0007454654579760757,4
0.1089426299796919,0.013143625488212967,0.07916951141527095,0.6062315543699359,0.02083985914051102,0.06696343921896192,0.008865632441643739,0.007087974605937453,0.071341768111999,0.017414005227835053,3
0.8896734035939097,0.017189723826681637,0.011583375598811133,0.016182291805998183,0.0022695035532242004,0.03519328498959216,0.0026521052528679493,0.02148944979792285,0.001008500061128824,0.002758361519863797,0
0.09923983077972609,0.6138097887475906,0.014933507287699769,0.0049459004081722465,0.027403685257106437,0.09050175880387866,0.0009176936114732938,0.14361043751514554,0.0033687240204110925,0.001268673568795847,1
0.512879113467237,0.07068626887204217,0.03348595950489443,0.11192176976569426,0.0023086270530133135,0.12653415285016467,0.006038050496516852,0.13095240503553296,0.0028867821273594026,0.0023068708275444764,0
0.2100179589980764,0.11711465634364951,0.3336433458650093,0.09529184784046658,0.033229683443337425,0.06642086168197306,0.006827777634989516,0.08775366958596933,0.043570377481122476,0.00612982112540666,2
0.009103847455943895,0.01178752441099532,0.69607023330396,0.019733570078439233,0.03485166138703842,0.022470765927511967,0.0052056766166408515,0.007502842204927707,0.19169006849009815,0.0015838101244449862,2
0.013940942266745717,0.0029844276026342815,0.021147228165224765,0.009462390975507629,0.0053246135839653055,0.012417020385186071,0.8222544730475326,0.0026731020218273174,0.08334449599437842,0.026451305956997885,6
0.08313886516571571,0.4124295878630877,0.006272444958392337,0.0317300189017581,0.00397184832051683,0.1998283929956438,0.00143547152077021,0.25776294735551997,0.0018511406497918224,0.001579282268803258,7
0.00048410547192763827,2.2124526847986102e-05,0.993328469379005,0.000815543181961076,3.7233468640777925e-05,0.004142132257780895,0.00011743122651940638,3.203955504509957e-05,0.00012001815178464201,0.0009009027804877372,2
0.013835144257466476,0.0027724904408597192,0.9545298413071494,0.00502259599274861,0.0005196494876987182,0.018720448724919632,0.001520086447632463,0.0022500448470744268,0.00018402185051282334,0.0006456766439380427,2
0.035074550535802884,0.38076888035678225,0.01782749078938615,0.03371332853094403,0.012074290484136763,0.0773470804882742,0.0023662580592742916,0.415323588118309,0.022616264077900596,0.0028882685591897755,7
0.020748577601578506,0.6107440570519538,0.01788022228041822,0.022860821140122892,0.045110748494951634,0.034283535492242896,0.004034788533930562,0.16717022964096967,0.072928092022294,0.004238927741537886,0
0.0005270499722327594,0.00046555509303888794,0.0006210046823878607,0.004197505167878567,0.9813577599515589,0.0044066434804244355,0.0002482756634202986,0.0008899279347660093,0.0029623940347731164,0.0043238840195185925,4
0.023524282055200563,0.6003837575190527,0.012627368752932983,0.020890834572654768,0.11120175432771075,0.027543278913392914,0.005784885428871559,0.11297896077410177,0.08102304909565725,0.004041828560424736,3
0.14610927282215788,0.17198009683064758,0.028843410598036915,0.19975770769858858,0.04654383126221334,0.08996089315967469,0.006490157784499157,0.29277982245631884,0.007031940916279578,0.01050286647158353,7
0.022418057573270492,0.6030550316104911,0.015232483861385872,0.031682252876527095,0.04550019308720163,0.020403096912246187,0.004218710516456678,0.1347921923567701,0.1182613127554456,0.004436668450204185,2
0.03629050148375293,0.16356320788727235,0.437621314353108,0.07221756673671045,0.023846012493723513,0.07959798771498687,0.006568710146722643,0.09817852516176097,0.07659497601048737,0.005521198011475377,2
0.26215647397897596,0.40938174469984817,0.022600246530566574,0.0615171906834634,0.01098933526187167,0.05582001546904388,0.004975971682387892,0.16153133584187235,0.006356086794746876,0.00467159905722312,1
0.5072626923098801,0.005235103495481518,0.009566338904916042,0.031531994882728044,0.0011303857256181526,0.024054869904543374,0.003743511991536928,0.40845313039522146,0.000645459314310206,0.008376513075764655,7
0.02672245439520186,0.7169053398932793,0.017145263688074366,0.01887167885306035,0.01018268354631936,0.031223206208082378,0.0012804834588031782,0.16422229750988995,0.011137533935826761,0.0023090585114621596,1
0.020259480795139374,0.6166362905912978,0.016914031856194212,0.022101765462293387,0.047746221150248284,0.02273783864212476,0.004821905916174266,0.14853844181226286,0.09500789667570149,0.005236127098563575,1
0.17826198301101837,0.00023060145082978112,0.014944122726554727,0.037053667780717316,0.0003547749354535614,0.004674790120172068,0.005907686672401275,0.000621325331874292,0.00017334968684607494,0.7577776982841324,9
1.4253224263938816e-10,5.044630087350608e-11,2.721805893910782e-10,9.105668255004856e-11,5.660503493926172e-11,3.0099738938188277e-10,0.9999988835200773,4.789193680342939e-07,5.99894673961968e-07,3.6752062673174826e-08,6
0.02721303567461237,0.5549058609276681,0.020493500524701946,0.039671627361318094,0.040872398316983694,0.03835985388038348,0.00705927509017864,0.16568298187230693,0.1010058436031459,0.0047356227487005305,1
8.731395726036557e-10,5.124813372646223e-10,1.8675453859892243e-09,2.194653598265755e-09,8.390999335561328e-10,1.6857112798199611e-09,0.9999657680332011,1.777338447840112e-07,7.515654259591373e-06,2.6530606063283617e-05,6
0.5529746224925466,0.0029905689121805857,0.008148882876493234,0.3663664113012637,0.0021280525560141428,0.04519750402723663,0.009256572265996708,0.008862263177029654,0.0024770511469167297,0.001598071244322369,0
0.05748778213224048,0.047569912365585935,0.43874187592575464,0.12433528022953319,0.026481957502621296,0.1712541284389159,0.04080482774462689,0.06822727845197905,0.014342127782223012,0.010754829426519803,2
0.009869746288715371,0.009555041473671545,0.8335456405314792,0.02580018463140166,0.005886308638841468,0.03065844358589748,0.019435325812946384,0.005113723687882874,0.053393842205929624,0.006741743143235,2
0.8079789892260878,0.0021617786121965847,0.000994584217183544,0.1631674210357999,0.00042998058337946697,0.013209311230195921,0.0015485724838818305,0.009645793331239173,0.0002370048593153206,0.0006265644207206174,0
0.016873842540558116,0.6943674350990133,0.010200769184961789,0.012499566626503162,0.015847406079717245,0.02577170755051226,0.0026334634832766483,0.205008953198951,0.014888694600950372,0.001908161635555834,7
0.09960509982602411,0.035514981854034934,0.0321464618789396,0.08225021288174471,0.007395994073495617,0.10722665307239482,0.0026159325063118354,0.6134573517349134,0.017013553619365355,0.002773758552775662,7
0.04694967518939329,0.21969852781820245,0.015555175893717759,0.25083585850722356,0.15407679564520013,0.16859678864111796,0.009265278601670238,0.08087752520337631,0.017099428408027445,0.03704494609207067,1
0.9997147965775532,6.382013645675031e-06,5.471656574520832e-08,7.884854024339155e-05,1.9343527443073878e-07,0.00010198715577792207,7.416678129031045e-05,1.693136772678304e-05,3.4455927788348817e-07,6.2948526442511065e-06,0
0.018181355202509193,0.6435634631441104,0.010946104456584593,0.031149678759110212,0.015410260968445262,0.04125910527031058,0.0029542232486117342,0.21550845271114547,0.017695752800973123,0.003331603438199042,7
0.006214607440183409,0.005106813851276672,0.01246824136201031,0.22233674804782808,0.010841982783529769,0.1243676170541658,0.004886876326061267,0.006614038858053594,0.025118612759795093,0.5820444615170961,9
0.017878615465348777,0.03970224482182284,0.01687622366647892,0.07251401448634959,0.717232938067934,0.05498417748708262,0.002478640096091159,0.03782339151453355,0.03299130747165027,0.007518446922708036,4
0.005631809558261555,0.0005253963065098786,0.003775835291457608,0.011098297201381956,0.46074525848094866,0.05064047408786966,0.01922679254482206,0.0005675221238121289,0.0015444090845266193,0.44624420532041026,4
0.00829116503549358,0.002700007478785582,0.889172962879015,0.03214575435115573,0.0024887443141345346,0.012421908660068186,0.001835073984497904,0.002129277356783493,0.011485105777271267,0.03733000016279495,2
0.017090666240944023,0.5744913988960874,0.018343288434390818,0.021379387070590124,0.0712890460734464,0.022823497348204526,0.0071043523647421995,0.11307937849279319,0.1501548410878003,0.004244143991001046,8
0.024525326416393888,0.0032997575627350655,0.004956746105166222,0.011193232950274998,0.9279475240465452,0.009125837684184441,0.005928114840905742,0.0035257971436076503,0.00789165261002675,0.0016060106401592873,4
0.03659110313303498,0.2758677767013023,0.0147674258513679,0.021445943011972297,0.2403625518329333,0.08144906200220499,0.021782027955736413,0.2831745929284918,0.013881266964240548,0.010678249618715472,4
0.001711368166976228,0.0030181783770994986,0.007319278188227311,0.0030598991101671528,0.0008943984558743322,0.9738825894379584,0.0010448041083876384,0.008658261476709651,0.00019271236215599036,0.00021851031644427705,2
0.039389617010380414,0.25523342859538134,0.00027642387482109586,0.0005187774354042649,8.122928329230445e-05,0.0016448287516252881,0.00010871040497597861,0.7026164213106542,5.371025758982196e-05,7.685307587507862e-05,1
0.019169943746274717,0.09924582534192414,0.027440717167096198,0.06001387462397032,0.08130043268166894,0.055714508103178115,0.013007604154483023,0.05536701582328982,0.5732774269242804,0.015462651433833704,8
0.11964121881045924,0.05538231043075023,0.4702812165785367,0.11174039163943879,0.008651957325178296,0.1712554455746602,0.006714974757230486,0.04006237666018626,0.00359004393467208,0.012680064288887544,2
0.691807650042451,0.0040416597696531385,0.08361130110800744,0.09209146971684325,0.0013948064198644578,0.11706498219403509,0.005140955800317943,0.002342144533952573,0.0008181568133993348,0.0016868736014757583,0
0.031014064699817823,0.5248743001903371,0.022124855566000128,0.06187296193834076,0.1040151977104401,0.06587071300931881,0.0028088392086784873,0.14062485296878183,0.03654282169726719,0.01025139301101819,5
0.016016888417325938,0.6480741589104637,0.014664761060577215,0.02399086041714493,0.04324518772678298,0.020280556809945307,0.005540245037153748,0.12957562309393136,0.0940066637414008,0.0046050547852739985,7
0.06574724707419233,0.004308870393321108,0.0028606415371823816,0.10144153963894571,0.0026324263454823352,0.8049223167926534,0.0022265493388843108,0.009899197799697506,0.0005892507993860662,0.005371960280254736,5
0.01234996495788925,0.005415983058840834,0.0052477932129863444,0.038604572369539146,0.8642568867249913,0.01391481320349483,0.0070621237489990624,0.010343979894379797,0.017543109057553557,0.025260773771326024,4
0.026948952392002273,0.12086084045709425,0.013753586976219161,0.016077794281524498,0.6643944540239229,0.029930035288312444,0.03454462719646643,0.0536218274437553,0.03590120667714727,0.003966675263554347,4
0.07848825956266071,0.014339375693924806,0.02335042981579352,0.7903759844766126,0.010268917850441867,0.013081150205544751,0.0036098218776303005,0.05059568520760185,0.010481088719531283,0.005409286590258503,3
0.001917902604843525,0.0014485293868405139,0.00950452534315659,0.00978242576014617,0.0025141243471575236,0.007623037729100288,0.0017539736147783125,0.0019825736480195665,0.0012810533307981479,0.9621918542351595,9
0.03122104002131301,0.013092831473350004,0.004004207010765406,0.013923969063547523,0.0005685724059746043,0.9272830819754729,0.0019265109672319805,0.0063154955063437004,0.0009780156661187227,0.0006862759098825382,5
0.9903545853674937,2.6400343705651276e-05,0.0021813404194733796,9.738055388171028e-05,2.4895624323673077e-06,0.0031935019684364778,0.003787566428910844,0.0003493958196832105,5.735261409734401e-07,6.76600984224081e-06,0
0.012808588066955697,0.007678620547150045,0.026372136978588687,0.04515802424772642,0.00874436986008831,0.03984644158837557,0.02249215573523311,0.0023933245388698962,0.8249988862616222,0.009507452175390046,8
0.018920072216263746,0.3618577655261135,0.05042810056551817,0.04588275363571879,0.07939921282102225,0.09023296696846199,0.01224968332736064,0.1264304569190551,0.20504869351737504,0.00955029450311121,5
0.00013585206389370099,6.519170230099227e-05,0.0001785787736818376,0.006150388274643333,7.525952946133309e-05,0.0002708959422049028,0.040322651074789446,6.504858394959151e-05,0.0010454461320350585,0.9516906879230401,9
0.11393112082836007,0.29815530992154166,0.07185747147164334,0.04493455955978355,0.011699776424486148,0.3034920783023574,0.011835624105393601,0.1304606494640179,0.006927703887241494,0.006705706035174904,1
0.00045197237208745566,0.0002857832044726918,3.3577663237136334e-05,3.521974521029757e-05,1.1552146148701055e-05,0.9970975600584967,1.6025081009033665e-05,0.0019873611475778254,3.2799590948207383e-07,8.062058585058523e-05,5
4.13291401537552e-10,1.0610397506767383e-10,7.659965036428992e-10,2.5099589676052626e-10,1.281076677566268e-10,5.483652787109071e-10,0.9999996958241189,1.3686158149366971e-07,7.760518896810022e-08,8.749624998284288e-08,6
9.452301247032902e-09,1.2354889036645976e-09,3.4192110949501213e-09,3.012632425390109e-09,1.6871421631045138e-09,0.9999924876976211,5.307601411053944e-08,7.297357288788291e-06,1.3613548173191618e-08,1.2944875205437558e-07,5
0.007926425923853845,0.16785145131686838,0.01645022411453741,0.02265836391022662,0.09250511829618344,0.025405701306674158,0.005175988054791263,0.03402331700819054,0.6204477005891208,0.007555709479553525,8
0.6731242650937819,0.0007022093999710024,0.03233697448246798,0.09662172340305786,0.0007333072323219608,0.18499931075368142,0.0062746832064317784,0.0024463196654004055,0.0006192093527511386,0.0021419974101345384,5
0.20947305739299865,0.07348792774878068,0.001988837480912145,0.04478505850752731,0.006240162624470456,0.13037196868429454,0.004807057658362537,0.5222197212744628,0.0007494174297178034,0.005876791198473018,7
3.924595455380466e-05,0.0001345955856944823,2.9655143162201338e-06,4.541437091163065e-05,2.693571493973638e-07,0.9997630237729095,6.2907207395188235e-06,4.8330730065540596e-06,1.476937034059743e-06,1.8847136853944433e-06,5
0.00031204450298106954,0.0007352459437601652,0.0013683951309217549,0.039581797497990026,0.00024004511776102859,0.004648961025613372,0.9406261665004347,0.0005608369991612093,0.0003880621555375004,0.011538445125839077,6
0.028795072497928564,0.310455888235378,0.010532198320454529,0.018657724242477195,0.0935851704027731,0.13130688537661803,0.009194560565996764,0.371234830045682,0.014337515500265482,0.011900154812427326,5
8.447288760406583e-08,2.4733175889575776e-08,1.562894775110287e-07,8.942200039886847e-08,4.583802453221271e-08,1.4817396984971098e-07,0.9999506162920482,1.5322831130797872e-05,2.7268537768204486e-05,6.243409516937358e-06,6
0.07048943930078765,0.008694067413844913,0.6566072800596376,0.04726179954549351,0.004643696830291932,0.18018107145526602,0.004099680903505871,0.022883854562083927,0.0008708149614529548,0.004268294967635417,2
0.16383875100321685,0.0794579792218238,0.055469282313071,0.14412552709368906,0.10853871509377731,0.2905760862023543,0.007933957335244091,0.08666632673152319,0.050679315409904065,0.012714059595396546,0
0.016261381434050416,0.01817389948475706,0.6761851561763034,0.023802118083250043,0.16807636393756709,0.038232313055828235,0.002556421393023479,0.012863831811631936,0.02554486786431394,0.018303646759274268,2
0.13758346281387088,0.12036238038830546,0.13868719487737427,0.10919137496540884,0.11180751369338353,0.033532846802873634,0.04840176418802568,0.10359545638473867,0.18981161241455577,0.007026393471463345,0
0.03723747418923553,0.009935933824290423,0.008197965628770332,0.03688349140071657,0.0027892855064110145,0.8649572701662352,0.008586763677262922,0.028125769922467663,0.0009891621168789182,0.002296883567731549,5
0.002598808473862786,0.0002535204333900263,0.9169150065392727,0.010491983586633037,0.0007872856759037055,0.04524140882975875,0.012904985147264753,0.00024078283316906237,0.0003493079414613351,0.01021691053928395,2
1.0764486778803544e-10,4.0866485947212485e-11,1.6939890276340967e-10,1.085296566571314e-10,6.194570425591341e-11,3.061115179851135e-10,0.9999974448679309,3.694447252567782e-08,2.396046250434258e-06,1.213468491831615e-07,6
0.4731364476070845,0.008793893764233462,8.508249659830112e-05,0.0015152226303003875,6.607676595076685e-05,0.009403725399650398,0.00014803472297657676,0.5067377367129062,3.9665007501710415e-05,7.411489279768341e-05,1
0.09259805044180668,0.031733954705132975,0.021925711007333207,0.040713593290582155,0.07910134265407041,0.08864638416791347,0.5943431631220981,0.027767762159873813,0.016462548506106966,0.006707489945082389,6
0.026680368685452666,0.0051611076133121995,0.00519121252275287,0.008507090281910603,0.9148492842504184,0.027495906924786564,0.0024108588836389763,0.007629496835800466,0.0011254691191100023,0.0009492048828167082,4
0.0007065071810311343,0.0009573963791782064,0.020241645123527705,0.004232101539356886,0.0008651390815792873,0.004176625955933125,0.9622198564593155,0.000290847133242499,0.0055286252671642696,0.0007812558796716556,6
0.017688601516038054,0.6979971789915848,0.011613952597705403,0.017768863577409557,0.026459395168297525,0.027681370120216285,0.0028531739215168247,0.1650071235018204,0.029010347923791143,0.003919992681620277,1
0.0007989740178270387,0.0004209238690218333,0.002835919008811455,0.019194543970785672,0.0010764550007798077,0.019535815307278166,0.057538098457260954,0.0005073477806308201,0.00153244384947841,0.8965594787381261,9
0.003304315290679627,0.015041131652081643,0.00417380237927976,0.00589551366134021,0.9112415165336113,0.020873367033100533,0.001344004517182326,0.005192790826718542,0.02315118171472739,0.009782376391278685,4
0.010609449500918867,0.7282088547071217,0.0068770117252943495,0.02505525191116317,0.018128300355688673,0.02162199013812532,0.0014252014528355274,0.17436750275595095,0.01087752548089979,0.0028289119720012247,1
0.0030444438928071533,0.008638167242950173,0.020715404719798,0.030049936074439683,0.0007772733690272976,0.009335677863263444,0.9102809838001544,0.013920226153157059,0.0018595697307660529,0.0013783171536370746,6
0.1128694114752228,0.004697811046166613,0.013632463598255144,0.80062001562574,0.0019502665116006975,0.028303297231031872,0.024950679493588413,0.007690247122658506,0.0014371227527027527,0.0038486851430334862,3
0.022062950546431984,0.5906835076502335,0.02658919172060191,0.02808588655492901,0.05716942482621299,0.026000122174405317,0.0031248027511240235,0.17172516539046032,0.06327787336585547,0.011281075019746166,1
0.7534049343179785,0.009533999582342785,0.01343831527239512,0.09633143400393365,0.00124406679467073,0.0802616787854671,0.0025471336199168887,0.03791845256034406,0.0009072580823513804,0.004412726980599326,3
0.2820609526368519,0.0017013358100578786,0.6312491798398131,0.01762139244706558,0.0003313885999615268,0.06255553237425854,0.0006506220728395324,0.0027310630160100754,0.00036352566112028494,0.000735007542021547,2
0.00023630013068660373,6.739639481587967e-05,0.5429744130475634,0.009315419956329674,4.463154970985897e-05,0.44710556559875764,4.9708985520966246e-05,3.4781056559924826e-05,4.776587435985995e-05,0.0001240174056962177,2
0.025303328102196897,0.02720105936647415,0.05369502994822161,0.7876480772387495,0.020151246303605576,0.019817750758040723,0.0011277010553019707,0.04593052846812504,0.015966699749382095,0.0031585790099031156,3
0.010874403660879876,0.7854924198285975,0.009159828684906038,0.013872830007153438,0.015529258294238818,0.02244449474498096,0.004341451354836354,0.12015404310513801,0.01583501925223113,0.0022962510670376363,1
6.605520546785371e-05,3.337588559537942e-05,0.011149553754845066,0.00023223774460688122,1.2917584833825333e-06,0.988339657856508,7.912212853620988e-06,2.2681490365642743e-05,2.1145620993874556e-06,0.00014511952917483292,5
0.008021528146917143,0.0044167102263951204,0.010320849512167697,0.012654928316621239,0.001199081004720831,0.9203303357585516,0.03562238980260232,0.004844047312054917,0.0016390679934154431,0.0009510619265532272,5
0.8290979328702772,0.003702165538645981,0.018725137323351453,0.06487221950446657,0.0006039462637682857,0.0711459143062755,0.0010347162622548849,0.007981101597859131,0.00041658816675586,0.0024202781663453733,0
0.05138850109670593,0.004116155896046701,0.037825919938849824,0.691196999118116,0.0069465538442387365,0.027326743405423324,0.009219967518688307,0.004395695678410613,0.013792631498458233,0.15379083200506288,9
0.9834807337950756,3.478759810203519e-05,4.6584455092208316e-05,0.000647820434000789,3.303261669071512e-05,0.01503703226252821,0.00012982240972139606,0.0004005202090211734,1.5263035022790013e-06,0.0001881399162654155,0
0.08877822633172555,0.0029433251123772,0.006030215235812805,0.2053084817928076,0.6436104118181332,0.019590179632022864,0.006388960875048443,0.004874177986524486,0.006150604020371241,0.016325417195176235,4
4.433656599100351e-09,1.6818895189469515e-09,2.9567071366767435e-09,5.8395321242292255e-09,2.0291518964784687e-09,1.1255515714811894e-08,0.9999941418853948,4.802125583461941e-06,7.906907244921213e-07,2.3710184403292496e-07,6
0.07452262280358135,0.0010348527309705727,0.0006016800409411264,0.011411315711937127,0.00029811910095545624,0.0014588717070466851,0.8978259961030097,0.0006108652841863684,0.0008372364623170331,0.01139844005505456,0
0.11671830731725338,0.04202648246253081,0.07696402300907237,0.053482902273233185,0.5222376621742596,0.0791703322250684,0.009766650289153533,0.04318887694673678,0.043087961568581586,0.013356801734110746,4
0.009211227148704131,0.0015501381702891547,0.007362927308995078,0.0031341959202817625,0.9611718022049458,0.011764349511845143,0.0013038928425713958,0.0014990997093234258,0.002561588734225173,0.00044077844881859477,4
0.6170446775552721,0.04261737923489855,0.028867200504232634,0.1492691037204605,0.0040363928007106755,0.07158444199100751,0.008091743390163669,0.054025266836626465,0.006306839264018489,0.018156954702609245,0
0.0717344709954177,0.012793709829502498,0.2960068680568442,0.4333933131973188,0.006686369055104751,0.10230323285467702,0.04757069712255935,0.01113229545709431,0.007419258171111874,0.010959785260369658,2
0.9997279337769165,2.1033441685020586e-07,1.4156294256203832e-06,0.00026250395727417473,1.501674745807684e-08,1.7849529358132485e-06,2.376702184971888e-07,5.228290896747733e-06,2.04569194075453e-07,4.658019747253515e-07,0
0.024537400514670654,0.0002860086424004578,0.0042503010090560135,0.007445013994806085,0.00013443413973954945,0.002218785504077275,0.0003050488974098044,0.000984452661482632,0.00038617602669224104,0.9594523786096656,9
3.060398674488077e-08,5.620913382328495e-09,1.6690442526206425e-08,4.914473933651262e-08,1.0103120916538613e-08,2.123829215667793e-08,1.4699046122839206e-08,7.143103976323357e-09,5.756465172096291e-09,0.9999998389998896,9
0.18466013825313948,0.043935712013470844,0.013776910304697947,0.38774942058541806,0.004992571958295108,0.30686311408695555,0.004682856175051163,0.008236975405057639,0.04344050929936157,0.001661791918552659,3
0.08011254051276634,0.5187524508709166,0.02426687385724599,0.06420019608294673,0.01979014324458866,0.07125795456644025,0.0022165071806755504,0.19628823124710457,0.014846158752695064,0.008268943684620216,1
0.003566134426119928,0.000158711292642497,0.00298561611595649,0.005274920988024284,0.0007325447765332078,0.002754439202612327,0.002509232786652239,0.0005792122344750509,0.00543630493238549,0.9760028832445984,9
0.9822372751009372,3.0311702839720995e-05,7.469706177116261e-05,0.013876283124087936,5.981552961075173e-06,0.00035571644409313006,0.002835054417887667,1.8997354951882415e-05,6.455722977795814e-06,0.0005592275174926015,0
0.06712904545217106,0.09003575858080429,0.21690569700559345,0.06539575524023793,0.04103562590031528,0.10325709155293866,0.11616995922841684,0.06653806267950661,0.20999088083803322,0.02354212352198265,6
0.956638533747642,0.0008324629691151892,0.0003350726631956572,0.0024382071994437757,0.00020145530149342258,0.02561538365914806,0.009251163093923284,0.0042615086738562865,7.175031478586737e-05,0.0003544623773967876,0
0.028408199065670055,0.004627104269349928,0.00925807022755311,0.870703293765123,0.0027568396135404794,0.0525952475806969,0.011161307286797638,0.0029607497269761827,0.0028321612836179027,0.014697027180674992,3
0.13927510753393307,0.03490239769907642,0.026511093852835534,0.12069814207395434,0.5080545648079371,0.04704426431159862,0.046297328434856254,0.0367318680558419,0.025635384246713022,0.014849848983254,4
0.003952119510246806,0.0010178499805143819,0.001220151517586815,0.006781513448026657,0.9693706040380006,0.00715722774096559,0.00037366056305503066,0.0008145379456912027,0.004515412358789784,0.0047969228971227965,4
0.028584721059177885,0.0418498014643939,0.12201529922567624,0.05566363037887783,0.04139123396767624,0.05479786246516257,0.02317300170156109,0.03785827508257641,0.5793126891077155,0.015353485547182022,8
0.147556293511223,0.10923265263964943,0.02917349555314925,0.05516820126898711,0.02212870794317333,0.13666905183462608,0.00275468036492353,0.47824340802476406,0.011156779711446366,0.007916729148058133,7
6.47200704417364e-05,0.2180865885910946,1.2468292729349788e-05,4.356005973082329e-06,1.6411051222720455e-05,0.0006919590139460567,7.78762916811147e-06,0.7810944031702906,1.9765237733097987e-06,1.9329651360301248e-05,1
0.04744505163368218,0.0008136159217493281,0.0019665402386222445,0.0529334899139215,0.8314801925286212,0.05890717582835359,0.00041464129290713343,0.002555444065425724,0.0012898514886632798,0.0021939970880536872,4
0.003516432361897872,0.0013527944143753787,0.9655829028984476,0.004599299543474364,0.0021887451312237022,0.01536131778158421,0.0009097820822408058,0.0006907508582882936,0.0030374525878733042,0.0027605223405949807,2
4.706998419347795e-14,1.1912771481962958e-14,3.6302545356880815e-14,4.245022178880167e-14,1.5516797438320606e-14,9.080282970855111e-14,0.9999999480882562,1.4713713817231749e-08,1.2513867725718153e-08,2.4683918084595984e-08,6
0.015170870864182588,0.6879317145496435,0.051284134548949624,0.021844245216652545,0.006265758796263995,0.04526655861998132,0.010570950622682087,0.15282481317058016,0.003987268215391488,0.004853685395672982,1
0.16393157416135218,0.005542482647962889,0.011827798623870688,0.3073246810462247,0.005500394848305248,0.45769472785128634,0.008782997527022565,0.02378904794476447,0.0035164130267712496,0.01208988232243951,3
0.01969411498982225,0.0032720869840734902,0.24096973172749706,0.011194209334000404,0.003054634432692701,0.12073403680164771,0.5847601635530063,0.0026854033217478383,0.005515265670974546,0.008120353184537554,2
0.37592855349162735,0.11589066517042372,0.09862481635820017,0.10060847903179568,0.007661067830007626,0.03458811386192132,0.009946919236981464,0.23702212191133593,0.013883858718424843,0.0058454043892816965,0
0.6041669792886657,0.0024196573990309975,0.00219965184487037,0.011764361519568908,0.0010053515703339045,0.09654260551848409,0.001104631962846037,0.27796090309209354,0.0008620489846819607,0.0019738088194244364,7
0.13816112707511813,0.045411451358925076,0.11728408340853026,0.349176760003029,0.0773545994594989,0.034282881220256946,0.007003925980161519,0.05926611984664302,0.1455558794399493,0.02650317220788759,0
0.0031904095522203866,0.00034947780830144466,0.0020756008307288203,0.015333924347776811,0.019261821399893683,0.0014366243291113379,0.0002664546398371331,0.0010605108897613865,0.00231139736153048,0.9547137788408385,9
0.0074228475046480575,0.0022257274488111994,0.8103337235298189,0.017063083235830227,0.0014348637022031543,0.024543931302023373,0.015015555834512553,0.002783339170919417,0.00303697222238882,0.11613995604884414,2
0.0032386976198894584,0.0011670750799725952,0.9460853940823316,0.011641734551462675,0.0017414257597644525,0.028266242631066422,0.0028251906969493567,0.002231166534912065,0.0013683881525689509,0.0014346848910823187,2
0.6826356516016575,0.03281960504644553,0.016005816975032738,0.08484666205437337,0.00693122167918751,0.05738172577881667,0.00343583940161099,0.0963634311113744,0.012946738864665177,0.006633307486835519,0
0.9741377213584078,0.0039200604180115745,0.0015682007069074784,0.005233563902877058,0.0004402255562147788,0.003314497192326463,0.0016405217544687301,0.00866935963481474,0.0003533809622403495,0.0007224685137315646,0
0.011780954479493608,0.2010680326667234,0.01229001418831492,0.015083785407276536,0.6540032782434938,0.022382504081485337,0.003476290383786659,0.058505644545369224,0.01827950261551969,0.003129993388536753,4
0.2892131301944927,0.016487882591989453,0.00435941744080884,0.03790438544783822,0.0012714596872399977,0.6451033913755367,0.0013587796931011766,0.0022686992621718193,0.00021663823895353636,0.001816216067867202,3
0.029862380701953017,0.41611924691236357,0.034252311195835314,0.02781541711327462,0.16858342957482714,0.1156084250206809,0.0070927591732310785,0.14722638265160132,0.044931710916733654,0.008507936739499431,1
0.7518136048395955,0.003094318099796306,0.007317038005071871,0.18357631899514332,0.0016129080836849142,0.005089395531928488,0.041783088734035356,0.00357448724067694,0.0007514279891257986,0.0013874124809414338,0
1.7281996846352083e-07,3.059308288563151e-08,6.772896704900444e-08,2.2294024834521408e-07,4.097356587015353e-08,0.9998583425809457,1.3880772152702604e-06,5.443903786033626e-05,2.923121841780566e-07,8.500293596194286e-05,5
0.024421922194734443,0.6415772390291626,0.004770353796727419,0.0124652716970777,0.00437803569899302,0.016148663483899754,0.0020016420542210795,0.2893129338814545,0.0035467592111566417,0.0013771789525729987,7
0.02851181943175521,0.6746416079197108,0.012185609081301958,0.016182143985118497,0.04884636414633996,0.027456767169923863,0.005932531024313505,0.1668626214886888,0.015676283199851784,0.0037042525529955863,1
0.06217564859831483,0.037214120765635336,0.08343679398172907,0.08005942361657672,0.07637373635538369,0.5458307342612781,0.04980172448563689,0.03404912487298451,0.015826446924957507,0.01523224613750358,0
0.03882600373300038,0.020104610850223723,0.04054132844244673,0.20532867041325245,0.5508894663305715,0.05090435190318096,0.03314089875267419,0.008212773506098168,0.045339127920117496,0.006712768148434918,4
0.0008911584513177716,2.0738003893015986e-05,0.0006187846812975968,0.994595606920654,0.0002083435234476651,0.0033289909538801723,6.696677961632157e-05,5.153709256347097e-05,5.0870447196739904e-05,0.00016700314613279116,3
0.18777161458902547,0.026877101159382626,0.07222588177174717,0.014871435137024639,0.003996887807855386,0.6569299171015953,0.004457203387757815,0.021101991315244387,0.0015100058703824658,0.010257961859984944,5
0.14693021346798005,0.0036183396427342,0.010977217817622465,0.8021525835928023,0.001028854806418844,0.01754100756178122,0.0012815680540459887,0.014409358857069017,0.0013156950701693768,0.0007451611293766134,3
0.018889612011458265,0.5514253457303572,0.012361785495525418,0.03272180978178392,0.08803647581787986,0.050879825575860876,0.0045557876375072895,0.20464908785372987,0.03117934758269302,0.005300922513204061,7
0.018146559960483727,0.6277999563135069,0.014446227054272183,0.02157602549610199,0.049928837528386644,0.024298763058679864,0.004993630382532677,0.18609890527459352,0.04881664141464177,0.003894453516800159,7
8.511246227673927e-06,0.00011497917464498434,6.792448209137732e-06,7.239370579284645e-05,7.911460997697257e-06,0.0005075438215963207,0.9991472258279775,3.157435699247982e-05,9.481539291622342e-05,8.252564645211506e-06,6
0.018596721756045716,0.014372609967067372,0.06121009983624613,0.8342605460807644,0.005517285871054087,0.03287580402864125,0.0007753404303745317,0.023066899302357734,0.006302407911673898,0.0030222848157753623,3
0.658938361849534,0.014986891123491145,0.017201347548788787,0.16968033429201337,0.007902530283694364,0.07573413301162528,0.01740884913943969,0.028640420817142506,0.006159020239439063,0.003348111694831626,0
0.08630683188864421,0.11341023716518392,0.026178704907255566,0.1850217614281083,0.013685117003152263,0.15276952110406464,0.006979101008100794,0.3913490243352346,0.013794217743203536,0.010505483417051596,5
