0,1,2,3,4,5,6,7,8,9,Y
0.003217260304254893,0.00048220047404964406,0.020573728742151937,0.0024084763587996,0.0007428998810102388,0.00019689168910421895,0.0007282670411117139,0.9656007942336141,0.005628341696758571,0.0004211395791446261,7
0.000358327208218541,0.00034079400811359747,0.0001981005017420123,7.155531679097763e-05,0.0001948292057274664,2.3636066552336977e-05,0.9980088969750966,0.0007027495598989425,4.065665913985552e-05,6.045449871955489e-05,6
0.0016919058571294471,0.00020423802657311315,0.9768746756726874,0.00013899191158419985,0.00014697204492897562,0.0004349877491632205,0.0009890608149711838,0.009498470908089444,0.009823571499105382,0.00019712551576767575,2
0.0036703596298839087,0.001748208273643933,0.045784073104791656,0.0012848637741684724,0.42003523215708316,0.0017810064906464917,0.005177472397531468,0.5160078990554674,0.0021176736404035293,0.0023932114763802353,4
0.0012097476337236777,0.004385200238231094,0.0025290669999669837,0.007991382152973658,0.001031270016583503,0.9781169491450101,0.0012161147443781376,0.0002356869826492571,0.0007457045744053116,0.0025388775120784657,5
0.3676587388359905,0.026155658245957794,0.4383819321342503,0.011280323956553642,0.01423288781162526,0.03998429562172607,0.03569126190877257,0.039871290159727825,0.012213242182089752,0.014530369143306658,8
0.00851149070158455,0.00037920187355578355,0.01396053915229712,0.00021752548227811506,0.00031889798126882374,0.0002336007139178513,0.00028075472679363995,0.09820356051677274,0.877671193118461,0.00022323573307031947,8
0.9995299858251657,6.52481583178792e-07,5.3040574990519314e-06,5.443404084100332e-06,3.3592757004903077e-06,2.2283101342378726e-05,3.597228045483878e-06,0.00019410207521945586,0.00022607725620052448,9.195295159892508e-06,0
0.01563370475332017,0.002487199605577302,0.004644610917669745,0.9559890656305092,0.0035034390921521055,0.0006919683013455278,0.009686336947258829,0.002373782967591096,0.0005952392230602991,0.004394652561515601,3
0.9999744705739666,9.215809219126635e-08,2.25673080713088e-08,1.3505941178177016e-08,2.8984902844909022e-08,1.639665999184538e-08,4.8201454162969194e-08,4.011338624455538e-08,2.4805213180465665e-05,4.6228510832107947e-07,0
0.0033989830325107245,0.0009315043215968004,0.0037171587165636543,0.010212867218625885,0.00404404771353435,0.0008385533272299248,0.9712478570205217,0.00013743454872884958,0.00014272374570013912,0.005328870354987846,6
2.0439741972766284e-06,0.9972378182091223,0.00017067650687906466,6.476699696786053e-05,0.0021995119373875464,7.990271501906204e-07,7.345581239005603e-05,5.325715423027566e-06,0.00023132491010030126,1.4276910382548518e-05,1
0.995800900924367,0.0002695999906212765,2.394743275688713e-05,0.0019512872227518197,0.000535621536940964,0.00011542154952342636,2.3111910474668457e-05,0.0003774435193694435,0.0007440594753456996,0.00015860643784880815,0
2.9107901933830495e-06,0.9978903405511526,1.3140911379575284e-06,5.69786095228188e-07,1.9695419145321224e-06,8.442335125324487e-07,1.0193765658516458e-06,2.5008618041219554e-06,0.00013548085983315636,0.0019630499077902923,1
0.9712043758033124,0.00030389872882614265,0.012888413510305662,0.0006978635240447638,0.007521101589027056,0.00016223003825779588,0.0016325738037973518,0.0018155475197494627,0.003459270721914659,0.00031472476076460204,0
6.790737091704385e-07,5.66420389535424e-07,8.280083444333396e-07,0.998895135946917,4.977544814512062e-07,0.0005796225441743121,2.2966052907995144e-05,8.92654862948282e-06,2.3254110501677383e-05,0.0004675235399449306,3
0.02657633602522378,0.34303552068291426,0.001606887481194235,0.00018115285207617014,0.00036266889339519416,0.0005128643496532513,0.00046633917972483324,0.006379880043307149,0.6205938215219851,0.00028452897052581497,1
0.8720416092930889,0.006130076303133886,0.06698381490438579,0.007213751928412783,0.023817705595429974,0.014656694380092788,0.0063730365097122935,0.00090587555002255,0.0011887362036016376,0.0006886993321192275,0
9.218160727553364e-07,0.9987841277792396,4.7273778919015457e-07,2.51998050699607e-06,4.2044979428718846e-07,3.0098876364361927e-07,6.706858263304016e-07,6.983284507916414e-07,1.553319586739167e-05,0.0011943340376888015,1
0.03589257208715267,0.06907320132888882,0.14952222510886465,0.018674510325022854,0.44404323788445765,0.23168129667479162,0.020824632739378148,0.024413041207435125,0.0017530872902172562,0.004122195353791423,7
0.9998345876474143,6.785528612775725e-07,4.174612827934559e-06,6.485197243642192e-07,7.547322315805038e-07,9.168380966938947e-07,5.317737370375416e-07,8.026696190695988e-07,0.00015355476657130112,3.34988691637701e-06,0
0.00405926407212067,0.025672610252173895,0.00563088555585898,0.09365114850803823,0.8155079026833782,0.027476225856350314,0.014231423493169245,0.0013908361528524652,0.0010224677808060537,0.011357235645252478,4
0.0020475336646169164,0.003100043885815064,0.0013729506523788202,0.00015183972967060773,0.9613061139352956,0.0004245087428163411,0.0005919034898441337,0.0007867168786730982,0.0025947485520017373,0.027623640468887142,4
4.726208731140873e-07,1.32112322428364e-06,8.36933432373025e-07,7.892276066201044e-07,8.344776503364675e-07,3.200407409394592e-07,0.9997626675089903,5.779106918882778e-05,0.0001644681824929692,1.0498815800274851e-05,6
2.4095745216433813e-08,3.121582745326635e-08,2.9287466444768764e-08,0.999718316346566,3.2034004495817454e-08,3.218585789668865e-08,1.6488150398990385e-07,1.381383030978538e-06,4.138781759293796e-06,0.00027584978823811225,3
0.017053944205051533,2.4815768574540262e-05,0.002635239746941749,5.550978370327654e-05,0.00012850095249954916,8.731060671880744e-05,7.660912359088907e-05,0.9777476718462486,0.0021824248660444632,7.973100626684475e-06,7
0.9993365468037173,4.506202558653957e-06,1.6080360655511565e-06,1.8634715333233601e-06,9.63267654131315e-07,7.498273367050159e-07,4.662308310835854e-05,3.9893922096050034e-05,0.0005320781600464708,3.5167225883434316e-05,0
3.3548758314344637e-07,7.48536344361722e-07,1.0690887883078023e-06,7.524760119843332e-07,4.107227386355397e-07,1.71434004399251e-07,0.9997558827622651,0.00016251024203099183,7.272505176969444e-05,5.394198463370211e-06,6
0.0006729237343556189,0.9972587767388356,0.00016997345844047435,5.5434534759978735e-05,0.0003614319739546931,0.0001695035056188417,0.0002474704071074686,4.220759466530531e-05,7.447502637474068e-05,0.0009478030258876063,1
0.012641326794517592,0.003932420904303777,0.039306236756433924,0.0021127578485238816,0.02509607088678274,0.9094635184561115,0.0031158063409520557,0.001643477280952843,0.0012174732983908755,0.0014709114330303482,5
0.012544925341274207,0.00028128108650902947,0.8720145438353726,0.00040447219931917706,0.003196434932978653,0.0011033773750705514,0.0015437474594601555,0.08645381039340988,0.021443367593591976,0.0010140397830139048,2
0.0012525369065756614,0.0012309290052811075,0.0008860272670404185,0.009326877099705595,0.0018496249706460377,0.9650192485046285,0.00024128410165533395,0.004935358092790398,0.0004289607617483362,0.014829153289928976,5
4.966770458992923e-05,1.5707559708363045e-05,7.447701876496548e-06,4.5499698684902996e-05,0.0006519966101372624,3.381131891585884e-05,0.99891140148698,4.713533016486501e-06,0.00026750856897469485,1.2245817115566799e-05,6
0.0033992483151662973,0.018333963351813955,0.0021079127074393935,0.004466644626104956,0.0013443427231070377,0.004895506441238372,0.959206941175709,0.0019484380087691064,0.0004303841637797936,0.003866618486872063,6
0.06078968570136345,0.6911412411878513,0.008431223347062453,0.0045167314927838315,0.010299001344329933,0.19570106082519478,0.016172957177034014,0.007562270297063199,0.003430994879228745,0.001954833748088367,1
0.003676864043624641,0.007457068951517624,0.007366038123139606,0.011149454919943295,0.04117438611542418,0.9205932377590131,0.0023411763993931903,0.003200473947566451,0.000762560215439231,0.002278739524938632,5
0.014180402210178692,0.9195382113915225,0.016077291870241407,0.0016936364667862244,0.008115604742932464,0.026270654292012276,0.007457533458900155,0.00453842988529575,0.0008576316725887378,0.0012706040095416522,1
4.089710803258139e-05,2.6194214271198827e-05,0.00023921053133697665,0.0034235955092762217,2.0051882561732314e-06,0.9860152347723693,3.77414501883192e-05,0.00011122111494082546,0.0014607582827833652,0.008643141828545392,5
6.80513782081753e-05,3.300673974867025e-06,5.0712589705259096e-05,0.0007492918801996176,0.00022822697547321503,5.0060667464592965e-06,0.996809016042413,5.324655513787511e-05,0.0005160785592333831,0.0015170692789080794,6
0.0005622401680082585,0.00027790801737780313,0.00021395101262178433,0.004887096763906191,0.002268206937577395,0.00012445974135161868,0.990542420656911,0.0002982107047862159,0.0007714980946743269,5.40079027854674e-05,6
0.9987572165746628,3.324940709864788e-06,6.609854679826568e-06,1.5679442722526927e-06,1.5452292745073794e-06,1.8900525415600618e-06,1.5454623661198703e-06,0.0001470373122329697,0.0010742172359992695,5.045393260824471e-06,0
0.0010981860343140912,0.00013278956732372597,0.0016591848763442259,0.0020261133206726646,0.0003163507224140154,4.349332545958404e-05,0.991893329440527,0.0017268829624103666,0.000984371432291692,0.00011929831824252137,6
0.004982662610104336,0.0345133992391611,0.006726069006414187,0.0033519064548253423,0.03251918920340723,0.0019357300875587407,0.9120212484106855,0.0023616728382950124,0.0006897652251624748,0.0008983569243866993,6
0.0007980997298769166,9.962588906518285e-05,0.0002035749244042666,0.9949874946204971,0.00014574533001677565,0.001149651478157025,0.0007120358207923976,0.00015970833389302962,0.0007871141781915029,0.0009569496951061612,3
0.0003903687656128187,0.0002813488877022351,0.9982049885882489,6.511748272528584e-05,2.9242963203130427e-05,1.6162948451043346e-05,0.00011314956886618424,0.0006306137236492544,0.00025166526737775994,1.7341804163818135e-05,2
0.0002145262958226565,4.567579780173638e-05,5.982618421131828e-05,0.00036579787832060435,0.0005639240131730998,6.944445795784299e-05,0.9983765198668382,5.052739152625392e-05,0.00015733651959448148,9.642159475396831e-05,6
0.00015054786057431546,0.00034947661171370626,8.556543188479497e-05,3.6257428676045604e-05,0.9982044800539647,0.00030663398280536465,0.000290475051545145,0.0002478547792683173,0.00019117427776791371,0.00013753452179936,4
0.28821570687269266,0.0024380320440544646,0.6378312235217838,0.002077319275242375,0.004314494904593472,0.0011948889652765673,0.0020122065404352373,0.01727768632110395,0.02586176894761238,0.018776672607205173,2
2.4102980359493684e-07,1.2902734825411e-07,3.061204682363344e-07,0.9998191003025113,2.1985978135604663e-07,2.217311380602659e-07,6.952635338849377e-07,7.282888553566078e-05,8.881560161716654e-05,1.744217826248491e-05,3
0.0022691691630660205,0.00023760948700090004,0.9737964155029922,0.0004052171789231859,0.0006295161034013059,0.00024365538244682793,0.002016932364467309,0.01564979870004824,0.004464818749342949,0.0002868673683108924,2
0.10044207721579314,0.07831100868063266,0.048786934942802694,0.028049994649532208,0.04612781707863242,0.0050328944170240095,0.5573395455727128,0.006312105237978483,0.0036955702847155333,0.12590205192017576,6
0.00016686117414639766,0.00019574678410079146,2.4988704672812373e-05,0.9966693521506238,0.00014851200230380174,0.00044664015515679035,0.00023706205007983447,0.0002730993653516125,0.0004373854987266452,0.0014003521148382562,3
1.956125912186998e-06,0.9987503087935199,1.7535624934289479e-06,6.1196234258427186e-06,0.0002277171194755081,7.295059946861473e-06,3.3202517355733644e-05,0.0008915275487711777,2.3587495274449968e-05,5.6532153824846144e-05,1
0.024328753801124352,0.972901976224547,3.615556108802598e-05,1.4189256788045484e-05,1.0001426338767085e-05,2.615903060825322e-05,3.378621135150708e-05,0.002395233994635968,0.0002495823311076339,4.16216241070787e-06,1
0.9966820552323336,3.983656684478156e-06,0.0009106151709529372,7.709615927355913e-05,0.0003493200951449234,4.818241525840705e-06,0.0009392932246737921,0.0007924469930132247,0.00023284391291663134,7.52731348112146e-06,0
0.05742025362787834,0.17341878878176736,0.026987096574153893,0.014260303821026894,0.3206127542870532,0.38357121173764774,0.012809163597169103,0.0058083336775096184,0.001516394580369761,0.003595699315424151,4
0.024197940308602377,0.026615546085063668,0.01733194853865329,0.01255509402495202,0.04416025136217743,0.02716878075112979,0.8420818146424784,0.00407674509030736,0.0005297925910740986,0.0012820866055618003,6
0.02409991173289459,0.9637880182041353,0.000878869155812633,5.217618869630596e-06,6.341393383035965e-05,4.53164438426065e-05,0.00011942613602859799,0.0007056664910997049,0.010283689371163692,1.0470912322889184e-05,1
4.004886905555599e-06,7.311941854435325e-06,7.004059406619142e-06,2.6336465565541217e-06,1.534816181052105e-06,0.9994030076389177,2.0689105593154152e-06,8.860234812472104e-06,0.0005265954052969433,3.697845950956484e-05,5
0.0011654960450598426,0.012519659403091164,0.003290565307794387,0.0004598963720794045,0.9786965246629286,0.0005090682269584899,0.0016382095812116435,0.00028125512157987627,0.0003865016344076613,0.0010528236448892078,4
1.2322411338214895e-07,1.296955756467089e-07,4.052438857057241e-07,0.9997468142061277,3.320610978603746e-07,4.901981292136535e-06,2.111094662910742e-06,4.70300405413048e-06,4.678397447002197e-05,0.00019369551472049588,3
0.9997840735881527,8.860556437232614e-08,5.375036976589026e-07,3.786537892266583e-08,5.634238274647348e-08,4.669430383910464e-08,5.639082488956392e-08,8.472572817949037e-05,0.00013010073200520907,2.765495101588319e-07,0
0.029118827898700236,0.002373842802088535,0.0015459477030468438,0.0014290526424432612,0.9562342081817697,0.0006776504074155721,0.007585424615460833,0.00015526643478697459,5.2041742104473195e-05,0.0008277375721832314,4
3.122735687674404e-05,1.3517241496738705e-05,2.5005876768342568e-05,0.998359324958758,2.561951612042086e-05,9.911688929227834e-06,6.587517966494665e-05,5.305779193511667e-05,0.0013449779004351043,7.148248901524941e-05,3
0.0004930014082781402,0.9960948177948759,0.00042068987327590544,0.0008228584655148984,0.0002483074576306474,0.00021224398732694905,0.00026098158245540056,0.0012214058320606492,0.00019208986879124513,3.3603729790103474e-05,1
0.005556995975589677,0.006412118849788606,0.49655816951647325,0.0023357211553894862,0.03353698320516207,0.006473942613463771,0.0022164920788861633,0.43281985995604905,0.00240032325278417,0.011689393396413682,7
0.04021080530480656,0.6350624600072108,0.02377718593357867,0.03187587734290493,0.11544448760858773,0.05152717410623659,0.09025444248104526,0.0034547535385498766,0.0008583065198440939,0.007534507157235719,2
0.0090121759999746,0.010235683129613135,0.009292007714002556,0.005453754582748683,0.05913848478213262,0.8961598071453084,0.003449680379010172,0.0029490464030364418,0.0006479418727441243,0.00366141799142931,5
0.02041332063634602,0.013677093114153719,0.009003059559405847,0.006814149393934624,0.007253889047750777,0.3921064705044851,0.009155936011911583,0.01474796286909408,0.40088770630871357,0.12594041255420493,5
0.006073202674224603,0.0038844431067082455,0.005333352329164324,0.003109791549190556,0.9598054765196913,0.003882846738420291,0.012841154843800873,0.0008114401837087829,0.00045657863251432777,0.0038017134225768385,4
0.14034017290458176,0.47154935007651844,0.3118878024177484,0.008446847836000599,0.015034628035836084,0.0068830683271886755,0.010271349838349436,0.02285302712381647,0.007693935315982688,0.0050398181239775745,1
0.0008817731951308591,0.00019646954838856365,0.00033089056445805926,0.0007611404339901752,0.0002563193195930823,3.366460061696583e-05,0.9958055973716543,0.0008788031493212881,0.0006408002061428915,0.00021454161070373599,6
0.976311032591103,0.002605993714016683,0.0009450368126893779,0.005103267034576886,0.00023069116779069984,0.0004839486463657234,0.0031202024337112708,0.0007217977142168017,0.00034962698064682033,0.010128402904882731,0
0.9991396709102348,2.2528762115675038e-07,5.412420216503099e-07,1.6811514412941762e-07,1.903422786002535e-07,1.3663065894915948e-07,1.6758508408135086e-07,4.704914313535412e-07,0.0008584107293547023,1.8666170403302722e-08,0
0.0006180625434726969,0.9964819370205602,0.00019458933578318568,0.000852392258598751,0.0008829156962137539,7.805163884682772e-05,0.00012507223563942705,0.0001307328883658073,0.00042502344778364747,0.00021122293473577593,1
0.0005056877783172449,0.003352476569279453,0.0006471418533673426,0.008399029337895214,0.0015528068430175474,0.005402542983576189,0.15537278133871804,0.0004130740648945428,0.007432904442192156,0.8169215547887426,6
0.010689387004180227,0.015268073978699857,0.01637801326232836,0.01606220590961545,0.05343820094889444,0.8744536110689863,0.002177589421276519,0.0026300644865621123,0.0007595657126203767,0.008143288206836194,5
0.9992042608075311,3.722357769445122e-06,3.85386461769989e-06,8.133238236678249e-06,1.2367676315183202e-06,6.438071489736822e-07,2.092844016384335e-06,2.4171511010064463e-05,0.0007195372847223835,3.2347517315558074e-05,0
0.0066570547054214495,0.003175878539421448,0.753784825722717,0.0025824162051196293,0.0006863395106194626,0.0025150086429994523,0.0008297074534301273,0.18396845435584183,0.04467063181245844,0.00112968305197074,7
0.0043380488957782265,0.004495281587837612,0.9861087763218079,0.001301293102140394,0.0005647331785633641,0.0005218209116359832,0.0007666878119311005,0.0006554082423828279,0.0010734208893233342,0.0001745290585995312,2
0.00031155511353360204,0.00014100200475433242,7.080583970060953e-05,0.0007873401479627167,0.0010526511202604803,1.8063505380777882e-05,0.9970429150510065,0.00016955916139029653,0.0003417794452123022,6.432861079832197e-05,6
0.0004996762064258717,7.658429886662753e-05,2.1566205521397664e-05,0.00018456952386548944,7.22270885204871e-05,5.8467940816942365e-05,0.9972409127475437,0.00024366254376193287,0.00012588498998564022,0.0014764484546921633,6
0.00020031210613934958,0.992260192684586,0.0001151934212079167,3.950827628139236e-07,4.990756610735114e-06,0.00013417200503234705,2.2236081630370126e-05,0.0005826192487832719,0.006673902797164582,5.985816082486486e-06,1
7.442608063888208e-08,1.415877288894043e-07,1.476784452580805e-07,1.321809464241245e-07,1.7319173536229248e-07,4.633619909073086e-08,0.9999311796189652,3.359599498914657e-05,2.4200033687128992e-05,1.0308951222980102e-05,6
0.11252468653570546,0.014202890641069903,0.0018310982732966663,0.005037085501075371,0.0036473195492713875,0.7153462652104917,0.0025360631462253472,0.00159768770857051,0.002817038054785042,0.14045986537950855,5
0.002530692966894554,0.001468629015259062,0.00840187513651835,0.006221212323672848,0.0027054091136564096,0.00018556081820343855,0.9746725240957826,0.001318124199799384,0.0002183251604785041,0.0022776471697347174,6
0.9999895833003194,3.650550046901546e-08,2.8080227858872443e-08,2.7089465773723104e-08,1.2294723075700818e-08,1.552445942459208e-08,2.2098181819909823e-08,9.620644886581537e-08,1.0130878234483255e-05,4.802243827712109e-08,0
0.006152562325540297,0.0036168170485842708,0.002168789961528508,0.010029831337196725,0.00039579896691356885,0.9746862548012998,0.0014838490745026174,0.0004832259166255132,0.00038142029012846194,0.0006014502776807998,5
0.011754733792775472,0.003380897136259817,0.03607296464400433,0.0017332558045063272,0.0011589546119689194,0.000700115398756444,0.0005104674657702293,0.9372625892669143,0.007002317404119356,0.00042370447492462123,7
0.15465842297396995,0.17240195649005371,0.4646434797573379,0.005568983327374981,0.005549775541083744,0.013202796679406839,0.005256651846113337,0.051791030443981916,0.12155314553163436,0.005373757409042898,2
0.04225603434474698,0.33618755511344706,0.04233255228024763,0.0032680830478227256,0.1975724338427256,0.24583753668138997,0.012160144027808788,0.001515198323134287,0.004320176180511963,0.11455028615816487,5
0.0019231720368405086,0.0019270638233777812,0.002528813740882677,0.955036539902882,0.0017585809234530619,0.0007542422604517703,0.01330869380679531,0.0020236435300822696,0.010070005497648311,0.010669244477586246,3
0.0025965356987921865,0.003943408173330035,0.04006832439647542,0.01693220362470729,0.008604228026990368,0.9205551479964912,0.00151966797632575,0.000432083846209375,0.0006855878507455022,0.004662812409933305,5
0.008091473711944188,0.0006044572437337697,7.145131135524583e-05,0.001584368508343352,5.658052649343255e-05,5.9647397595355816e-05,0.988787728482926,0.00046651557336482543,0.00025728868002228094,2.048856422167605e-05,6
0.006277904848833142,0.001326299827149805,0.0019513164884629056,0.0185809530829959,0.00010175211574023528,1.9140554147369132e-05,0.9707276617216741,0.0005078648445616124,0.00044719508426376584,5.9911432171414374e-05,6
0.05713354152749039,0.23541431936959933,0.3598211394709246,0.017650349387276512,0.03030325906842434,0.1935612643573852,0.037290750902566706,0.047992706983194,0.005019845225814843,0.01581282370732445,2
0.148318627126315,0.2685305829995631,0.0010305352786770514,0.003784531392216171,0.5693120717214551,0.0008645240721916376,0.001525249300484011,0.004014685218772414,0.001592050353212225,0.0010271425371133373,4
2.000849381712203e-06,7.275734937485421e-07,4.513343644440977e-07,0.9997025569884905,2.7969212162511794e-07,8.959867513944641e-07,1.3010702636120566e-06,5.815064153018598e-06,0.00025173166417631176,3.423977680366884e-05,3
0.002926650272277276,0.0039647692339054965,0.38016170157865975,0.0057584226999824375,0.06188997761417667,0.0004742142616054783,0.5359461899942543,0.00580589366445913,0.0019173379379535838,0.0011548427427256485,2
0.0012941069920794305,0.00048706664076921295,0.0006955822061017531,5.993051860722111e-05,0.9938428692128646,0.0007265210716846514,0.0004797611660652362,0.002102556070020235,0.0002460158915841976,6.55902302234967e-05,4
0.0038722925372875277,0.0003811666519388653,0.014458020365275043,0.0007923836781731809,0.00022703942847616235,0.00023232379693897205,0.0010739771489053805,0.7028739450312013,0.27582575926506386,0.0002630920967399458,7
3.3876501817473574e-09,3.4252019234894354e-09,6.776639133356057e-09,0.9999360676206003,3.426675184906553e-08,2.311200619438181e-08,1.139441626040132e-07,5.71100825300458e-08,8.275997706076834e-06,5.5414359199408934e-05,3
0.01896625764062755,0.06006644058044451,0.006558829292110215,0.01323427559654284,0.0074485279744390285,0.8814800967465874,0.007922781144914284,0.0018537439959994762,0.000700866310204502,0.0017681807181301574,5
0.48683926664139987,0.0001809818779263841,0.002526459087539758,9.172336463946786e-05,0.00017330195630936313,0.0002418217688426746,0.0005374406348771881,0.5091106737773782,0.00023127821286153037,6.705267822535005e-05,0
0.9999995077181297,3.387409760027523e-08,2.5046278338101877e-08,1.7265186611806808e-08,1.1342268683417778e-08,1.4788796314588694e-08,2.00547067131539e-08,6.113402136335923e-08,2.9373298927134517e-07,1.5043525335177167e-08,0
0.07480993998322334,0.009736435484396634,0.000555596571825929,0.00027321090243845634,0.002266796094647439,0.8997081521665171,0.0005368250996587501,0.0061443051404211435,0.005715419974905456,0.0002533185819655606,5
1.5883248521695223e-09,2.4087099310638212e-09,4.184779926820655e-09,0.9999861283518716,1.964046523358042e-08,1.82192121317464e-08,9.413117728916668e-08,4.150750099786587e-06,8.816916657996165e-06,7.638087013281178e-07,3
0.00545104224686826,0.011063814389946386,0.00432433770374413,0.0044999938550866715,0.0047656768246561836,0.00519938903723845,0.01115054114505944,0.9371110858774062,0.003982783000285435,0.012451335919708996,7
0.0010575432090681102,0.00036085134947357413,0.997447229566703,8.000430902804209e-05,2.5937291143368097e-05,3.102762065205414e-05,0.00045374760900025653,3.487878526544834e-05,0.00027908187834690517,0.00022969838131962108,2
0.9982459788967057,7.177368643400844e-07,1.113227602566027e-06,3.3794194164433804e-07,5.411542779135815e-07,4.982843736888157e-07,5.574705324184571e-07,0.0015584500446150376,0.00019164951993860452,1.5572314829290477e-07,0
0.0041406943317247626,0.0011413636629974454,0.001409000572435701,0.010403484083118059,0.0126150386995683,0.0003208399976460605,0.9681800733011808,0.0011663293426380965,0.00030967472740370955,0.00031350128128702513,6
0.00167813553176542,0.00042224756106989627,0.005245315413352821,9.724390622654001e-05,5.069375099336946e-05,4.327549417428885e-05,0.0001311001169944355,0.14667976541976044,0.8455598558481229,9.236695753979045e-05,7
0.20758036818854136,0.008771433614361985,0.5505603402848617,0.005106792059902392,0.003062047463917351,0.0069804514001747505,0.031602975087987595,0.0712190025496645,0.1132689685945518,0.0018476207560362654,8
3.549630321775199e-07,0.9997892567775687,1.9537131600228648e-07,9.402881672143278e-08,3.761657969596071e-07,3.8118474941719936e-06,9.480385410778647e-08,3.1397650880194035e-07,0.0001464688777782552,5.903318783417785e-05,1
0.01568508054079059,0.05584390444313409,0.040818737298613315,0.007071998726652363,0.028236136451083953,0.00047359349272366093,0.8444672894600492,0.0018979968242197399,0.0015972559528771464,0.003908006809856282,2
0.37529281569680795,0.004976956938499425,0.0037318024917324787,0.0012385266986904473,0.0022493872952597063,0.0009092077169588919,0.5802951458961815,0.0005429679416800995,0.028685448502041216,0.002077740822148097,6
0.007684166394549125,0.004324698232022014,0.007169999454314451,0.0007222001105276783,0.9611958561327727,0.010614536554642326,0.005851618583099233,0.00089079788899321,0.00015197616775822307,0.0013941504813209484,4
2.4257654903389806e-06,0.9975159209180424,1.5345524843372478e-06,8.420497697642071e-07,8.032396119620734e-07,7.59700635042285e-07,1.0357309845056196e-06,0.0019666719826044346,0.0005095760750434781,4.299853337226889e-07,1
0.0064884412863335595,0.0006581196979020404,0.0021686639909261505,0.0006278560124245987,0.9860844282707649,0.0003661850789023048,0.002803493366196618,0.0002238628783346611,0.00021601247458282317,0.00036293694363224836,4
0.007337586405894092,0.001913188074084311,0.00482368587309583,0.0017435067981386011,0.9662140587596183,0.00025326102701460465,0.0022308215815519555,0.013898319919365909,0.001229054509458911,0.00035651705177737166,4
0.00048153253752273337,2.1706065437413824e-05,0.0001034326882012042,0.00010929160324740172,0.0001126118993732314,1.4328592581436788e-05,0.9987697633902017,0.00011458580575596655,0.00022247554612847334,5.0271871550437106e-05,6
0.0010398734847582114,0.0001226194334140849,0.00015166733321155494,0.0013728903087291428,0.0005095428315810476,0.9960006042585122,4.271894073946196e-05,0.0003816981575422419,0.00025643732143617015,0.000121947930076194,5
0.00951367558846888,0.0019403836730912077,0.0003852553436765849,0.0002736372525962622,0.9819276091614584,0.0002721677990948866,0.0007821846471607705,0.00013907850647762815,0.004501511280746856,0.00026449674722795,4
0.00846299129174521,0.0051635186580055595,0.0022711232315408675,0.9475669392192909,0.0018623295193268806,0.000842047211807448,0.008852764064159671,0.01285857966488937,0.010768185526407367,0.0013515216128259697,3
0.9348749331818674,0.052701882874920336,0.0007777388691036287,0.0007003850837173761,0.003512756365576468,0.00020272126252882718,0.0032928464669545777,0.00040000047684803926,0.00048628524821541663,0.003050450170268058,1
5.3871178122061885e-08,6.560241951885366e-08,6.066088092776461e-08,0.9997337545227091,8.68454836621826e-08,1.7561202048641928e-07,2.730886124489464e-07,1.93306810077335e-06,1.381432867241579e-05,0.00024978239992255356,3
0.00460958649272561,0.010819322541903625,0.028011802852982506,0.02927261091279975,0.006689710236210157,0.002247049189164633,0.9166785383289557,0.0007994022935604947,0.00036368754800909634,0.0005082896036882499,6
0.9977257062084093,1.2271117912489666e-05,0.0011327494259297604,2.8055976750748057e-05,5.561669340624687e-06,3.7114382534640257e-06,6.606519642324869e-05,1.882069349108736e-05,0.000926332852704062,8.072542078511943e-05,0
0.030478352520315923,0.8012771166212865,0.09873895345581261,0.001168012743187189,0.04731333603585671,0.00636908334855957,0.004134570430259326,0.007345457718722058,0.001496936979632101,0.00167818014636771,1
0.003926816647084691,0.0014234909584841208,0.002490159979086133,0.00433893971122504,0.9794311767733098,0.0017292905967159406,0.0030311526646687207,0.00048096540961962134,0.000146574018529459,0.0030014332412764966,4
0.9778348688788194,0.003016295891542909,0.0017351891275911766,0.010840689976542167,0.00037452076440892796,7.870317592434219e-05,0.004304219842685186,0.0006869102424862379,0.00010363197420084267,0.001024970125798734,0
0.002417109347109333,0.0006330070205713541,0.0011939419319460006,0.00047049194417476086,0.9836425544756522,0.010146219991551795,0.00029600489018779104,0.00021699351146024445,0.0006501108855476008,0.00033356600179884843,4
0.00012627359651299784,4.504153298402487e-05,0.00018730716767246624,0.0019641025412495475,0.002842470500793519,0.8783994837372663,0.0003731718728438897,0.00010307159150041637,0.0008955230281314968,0.11506355443104553,5
0.050227987546747156,0.6906612022982419,0.03217533504941011,0.01823748489185088,0.06115863201771487,0.010779027607962352,0.11301636722647401,0.013853438305456885,0.0024545274785345776,0.007435997577607477,1
0.014107485643879501,0.00970671725676565,0.05086585271468841,0.0011545976437691606,0.000884065781324211,0.0060913869417948885,0.0014987512193429591,0.08244088092694836,0.8318378434378259,0.0014124184336612642,8
8.593187213544963e-06,0.9988366552729887,4.8428479810383925e-06,1.7185359497746576e-06,2.0441201738594444e-06,4.676951070105438e-06,2.796228793571073e-06,6.484374560122793e-06,0.0011263100087217754,5.8784725473716494e-06,1
0.9999001141538596,2.0028724628268988e-07,9.709821890780143e-07,1.7961700797099689e-06,8.788963125554713e-08,5.272386938254905e-08,6.419837290857176e-07,2.2280736439852633e-06,9.042419601632592e-05,3.483539735278287e-06,0
0.0006944560804683585,0.0007486833062334091,6.152798751541434e-05,0.00014257992021220916,7.073961877057143e-05,0.996767715789019,4.9343893006611026e-05,0.0002715514290549106,0.00103648144255546,0.00015692053316399015,5
0.004311767358709772,0.0006752285795513437,0.9823698047179421,0.0003789352168794671,0.0004632813056599,0.00021126604419183803,0.0005460617684599752,0.008059984223407209,0.002725925452485248,0.00025774533271312043,2
0.013573473899822473,0.00023255568398609615,0.0006712273397576873,0.0024710300589006746,0.0003034852269361348,0.9742752110634059,0.0010682967507954966,0.0026008674682524414,0.0006552207928967003,0.00414863171524579,5
0.02326050258293754,0.3428556165923552,0.019895976912228233,0.005510884103200769,0.008654365534816296,0.001138483762907955,0.5858570487212148,0.01033018443804267,0.0013955070222099665,0.0011014303300868884,1
0.001483579546052841,0.0011449803277768257,0.0012967092632389314,0.004253796082260994,0.0003181065254350238,0.978527423771464,0.011461205764733636,0.0006010486895170061,0.0006929208836754043,0.00022022914584510363,5
0.0040855136377515935,0.8825943879141536,0.010889209681518418,0.018287906761976086,0.0190693864796587,0.013577704382239732,0.04689739004275371,0.0011726943554631684,0.0004383043114222332,0.0029875024330624743,1
0.05569122889647396,0.04817225426852401,0.007172005380754233,0.006181150510808516,0.03726382104245596,0.004619466157610826,0.018638230360752024,0.8140366483737469,0.005240532080601476,0.0029846629282720975,7
0.03442917777046744,0.0024822672166827813,0.0178121267031613,0.03922525198063276,0.029323185591479756,0.8308735878960382,0.02928602022469431,0.008771366244773282,0.0016650463359504796,0.00613197003611928,5
4.9025613577812574e-05,0.0007366287686660618,0.0005602902847171363,0.988162003538489,0.00022618465594092583,0.0001682674165169254,0.0013318616497483035,0.007389381622688072,0.0007234552426148093,0.0006529012070405256,3
0.0019363723341656223,0.0002814121014016164,0.00018487470648032535,0.0072981079585594235,9.390815985796281e-05,0.9873203114723182,0.0001448910184091864,0.00044084843410782134,0.0018976330178884203,0.0004016407968112378,5
0.9330324012754388,0.012020255238699375,0.009186795963929082,0.00021534377059450485,0.002522834692352987,0.038638364450748086,0.0005221517848498711,0.0026852485358340294,0.0006145453474066586,0.000562058940146458,0
0.005370832929101718,0.002739639777155008,0.005570743519820567,0.3878309050213304,0.004269947859590329,0.01767758283453046,0.08251534150009542,0.0014303900889163826,0.002290717361530736,0.49030389910792965,3
3.763810030002824e-07,0.9998626581955513,7.796043725874506e-07,2.492446989360097e-06,1.416005222829914e-07,1.3043585706007298e-07,9.22916605937431e-07,2.5195100022240486e-07,0.00012794731663802965,4.299151460013721e-06,1
6.97515120528684e-10,4.1003212311038327e-10,1.311652193053128e-09,0.9999929300419709,3.350421737387494e-08,1.555570073408701e-08,1.0393813283235428e-07,4.1299441133682144e-07,6.1858314830887395e-06,3.1571488436261173e-07,3
0.9629255216029737,2.534494365962871e-05,0.0006752365000806106,3.5742467404360954e-05,3.0517151579219797e-05,3.600226372732307e-05,1.948992961589595e-05,0.004896345667075814,0.03133953743942056,1.6262034462563474e-05,0
0.00039865320975398405,0.9942132657238845,0.000441228399656474,0.0010815854400308108,0.0005922295355680722,8.390441187472993e-05,0.0006743461290903746,0.0006827243340350725,4.726971207403442e-05,0.0017847931040321874,1
0.0007422576536516223,0.0006674451715552015,0.0008831512423414131,0.0016275842177242926,0.0014573792781650554,0.0007647919510227613,0.9897669150159805,0.0028182949791822113,0.0008364468446160974,0.00043573364576114307,6
7.715649045321197e-05,5.0773585705669284e-05,0.0002351390700485711,0.0025767710304710066,0.00011337798095101717,2.5175387297520168e-05,0.9556672669444217,6.96672229418683e-05,0.0005848767201169268,0.04059979556759299,6
0.9999783131845262,1.0776290632302914e-07,3.5852793172281995e-08,1.891528282901225e-08,2.4202793277981955e-08,1.667637399550586e-08,2.3148010986991213e-07,7.836900357526669e-08,1.6598909585052585e-05,4.574646625654405e-06,0
0.02312813056168599,0.002463413098683413,0.007417034356322643,0.0008097453232685881,0.9594262539555776,0.0010098342169102901,0.0015539080839618562,0.001692446111350055,0.0022787410373039914,0.00022049325493579477,4
0.002038515540849662,0.9945512682649044,0.0005558294332828871,0.00010184521134029299,0.00014100182084800025,0.0001907826622991188,0.00041727471456955476,0.0004773682130761864,0.001415084229764146,0.00011102990906542326,1
1.6568260679929724e-09,1.0661709062119359e-09,9.244036796581578e-10,0.9999753754029558,2.0888825921048377e-08,1.3159185153742015e-08,1.0366237073149384e-07,1.603421863616246e-08,6.57086398767157e-06,1.789634105538797e-05,3
3.6145139809483925e-06,1.4904257806549205e-06,1.7900740996372148e-06,0.9990926368845678,1.1044897956686642e-06,6.560658464909824e-07,5.3333375568345525e-06,1.6151515325016212e-05,0.00024193892212826762,0.0006352837709187444,3
0.00036784951871819476,0.00032572621023452914,0.0001064002829029281,4.961132017172009e-05,0.997756857450137,1.5728931523985023e-05,0.0009849436866665898,1.9298347416436067e-05,0.00020501528788737669,0.0001685689643416029,4
1.5033037911448308e-05,1.1469564678687823e-05,0.998756368100174,3.3080801693165427e-06,7.190374946635741e-06,3.315695604909441e-06,1.4400006467509024e-05,3.5714662221046314e-05,0.0011054031536579614,4.779732416847043e-05,2
0.98917679522705,5.332111537902776e-05,0.0004687556018274496,3.987475539014184e-05,0.00019164229148846556,2.946998480235621e-05,0.00018879479979469818,0.0016986294543441607,0.008120664292284398,3.205247764005283e-05,0
0.005706357674075011,0.09149701677606319,0.01606656791107536,0.006284404491138096,0.7640294459382395,0.01958844774568262,0.09320425051912015,0.002114464776867004,0.00044240797913847453,0.0010666361886010572,4
0.0030988165328138433,0.0015925158508082002,0.0367909540810558,0.10169624462886724,0.014778998112356015,0.002503648569966657,0.8327852568162639,0.00034538650010788256,0.0013296759399209282,0.005078502967839339,6
6.901084749293819e-07,2.981430047572374e-07,3.745739431331924e-07,0.9996478958899434,2.2666033637467777e-07,3.1214847488556783e-07,6.112377197786036e-07,0.00012737676438581407,0.0002184397324591264,3.7747412577310514e-06,3
0.00017133775258065296,0.0002494412424514169,0.0004120015469541461,0.0045783920353180615,0.0012477370593159355,3.4502431654840956e-05,0.9927721156147233,0.0003084233345939731,0.0001539859193148244,7.206306309275956e-05,6
0.9996573053490859,2.3095611382595089e-07,1.1422261621457698e-07,1.061133836943101e-07,6.749747188665004e-08,4.188525361583807e-08,1.8546477489972253e-07,5.914330517137298e-07,0.00033523168979829635,6.125388449829011e-06,0
0.00934409351918146,0.08790669699046734,0.12519476839187726,0.0003808635442992624,0.0010409264363215914,0.0002766115993989517,0.772589300674137,0.0020494165344167627,0.0009478074218027824,0.00026951488809770724,6
0.0022297212137112297,0.00023150266194324332,0.989256259787084,0.0009312950684420313,9.3949408596531e-05,3.5214009520394664e-05,0.0009465843036437127,0.00551659842909434,0.0007260143382812446,3.2860779683423646e-05,2
0.0008595377810098398,0.0007008807771491024,0.0001730684195264976,0.0004824355459535684,0.00012572012830947468,3.4312734463553757e-05,0.9974333819927466,8.094150527904732e-05,4.604193231848245e-05,6.367918324386177e-05,6
0.008632685501672312,0.96683270828058,0.004234816412378715,0.0014419797662032284,0.00314160084051925,0.002563400053675048,0.0023471862334592873,0.006462793795922094,0.0030242849819793346,0.0013185441336107208,1
0.006834023262228107,0.0046937903976218085,0.966906823369315,0.00031802223195210964,0.0006434855525856447,0.000493349594371431,0.00208820885654188,0.012730630701146288,0.005103028743193137,0.00018863729104443466,2
3.3489017323271155e-07,1.1244346667479137e-07,0.9997581646298928,7.561110658808978e-08,7.655227247458166e-08,8.742395642592055e-08,1.1549807130516564e-07,3.070465301358547e-05,0.00021016547306032825,1.6282498682689305e-07,2
0.9931333238096519,0.0004680929704273265,0.0005170277181009267,4.879195147646958e-05,0.00010114094430239347,0.00018701286662609374,0.00025723097372762333,0.0007956193903632551,0.0044123138656955345,7.944550962871966e-05,0
0.9990994761767847,1.8403986110912624e-06,6.638097341117909e-05,1.3688005170500201e-05,6.003640209617178e-06,2.0545556891391767e-06,3.555246206835675e-06,0.00046570393879129425,0.00028532506478558863,5.5972000340095735e-05,0
1.50570054807881e-08,8.3695042394737e-09,3.203801700240214e-08,0.9999250135133108,2.623956145399761e-08,2.9709868595406842e-08,1.643942006615717e-07,5.6815017802238396e-08,6.796161720743403e-05,6.6922463066342906e-06,3
0.00017312711016748348,0.00040792290939685823,0.0007032951065410199,0.9861388041783112,0.0001647900608021972,0.0001898782463986245,0.0017675480050017463,0.00786852941186244,0.0021472586557794095,0.00043884631573934245,3
0.0010721763679336941,9.778393138413173e-05,0.000332316150074929,0.0024598538531894285,0.00016311229996693796,0.994767596726623,0.00013309531175618756,8.277162609413662e-05,0.0005728792257251739,0.000318414507252746,5
0.9968041355396321,8.160820138525151e-05,0.00018358885596524561,5.874481401376672e-05,2.6669749652047058e-05,9.142629324952121e-05,0.0002132590125363636,0.00020892237728323368,0.00223472072851351,9.69244277688874e-05,0
0.997109775633745,4.1657512112324895e-05,0.0011760002213502634,0.0001158472261802809,0.00010808313762326661,0.00014367456836357828,0.00018559070645280567,0.0005932460650794958,0.00011425398295977456,0.0004118709461331335,0
0.002183011614409958,0.002030725619745066,0.0016227154116692445,0.002298393760712961,0.0022210404931091786,0.9784832982519405,0.0005479781319837018,0.003205289627688148,0.0018035011378029317,0.005604045950938506,5
0.9456274326624027,0.005186093608993227,0.0017350748841119654,9.940819612101578e-05,0.0003357307535627612,0.00033443474221111396,0.000972389384066693,0.01066953937938179,0.03489361163631358,0.00014628475283534866,0
