0,1,2,3,4,5,6,7,8,9,Y
0.0008413696432595456,0.001319637023997883,3.7396445738800835e-05,5.440368784927839e-05,0.6720106426270488,0.001975573553072965,0.3108924038043115,0.006154766775065174,0.00021201217857547537,0.006501794261080726,4
0.0083876117428959,0.01706983330411619,0.803450011309945,0.019883786940559905,0.004468955712167284,0.008798421745200258,0.005427213316344532,0.014086684680820727,0.0726197765707618,0.045807704677187935,2
0.7646283255191643,0.010544497017769997,0.007638491753348261,0.012766415429650688,0.004809075227134603,0.003689895734145185,0.002956646091969756,0.003529564153106587,0.012417122573830494,0.17701996649987997,0
2.9884439854348244e-05,0.974961831237966,1.2219605163200268e-05,0.0002294586841111293,0.015382707595855184,0.002470433118794132,0.0033563879398881688,0.0020272572721834288,0.0001968688079455501,0.0013329512982395832,4
0.05285207386084199,0.011136417525330919,0.2364996583509824,0.04805317621003323,0.010015271556879953,0.07906660676824674,0.037553869611165844,0.006784229001000847,0.4257068593461269,0.09233183776939152,2
4.050489687611872e-06,1.0216104090139223e-06,0.9987734589215617,2.0618875351586466e-06,0.0002160402732482054,0.00010084403004254098,3.7462116757374576e-05,0.00048538410430858244,3.721993059630973e-05,0.0003424566358535918,2
0.0020936666734632193,0.002427183412751158,0.8694938884661576,0.015843089805693756,0.00206256493887073,0.05393119412856849,0.0015250297218840337,0.00468841974996066,0.026036048373526414,0.021898914729124253,2
0.38712375710679,0.018524629418028203,0.07780102393742491,0.22493860400656185,0.01813354041656979,0.1620301251672599,0.026528472006126697,0.009061309090971949,0.055362979596982435,0.020495559253283956,0
0.084046352236438,0.020632827922171634,0.0012253780542827056,0.0049745168693694245,0.24739574244100668,0.003839006411664586,0.06851153921089978,0.5548653722346737,0.0055964611497963295,0.008912803469696832,7
0.02289700993289499,0.025549808081176306,0.005837575974230596,0.49316394922599666,0.02624798145412191,0.30705450871364914,0.018297346936183012,0.04720175507840335,0.028799057233557225,0.024951007369786286,5
0.6214962064626275,0.011571107242886007,0.00152154306187737,0.007130929099000743,0.014149300515559425,0.005457859074456504,0.018290042620039238,0.0027519830695510025,0.06427987462250448,0.253351154231498,9
0.0581407470192449,0.0693670297122943,0.005722072215150395,0.2635690335069979,0.058807107927113696,0.1869607136293151,0.06766702568544669,0.016170513419295474,0.09698919976463799,0.17660655712050372,3
0.12138627575244884,0.012275098049739435,0.025771404985279904,0.01023202237231092,0.07678261450558023,0.07944924841545578,0.14129774819320182,0.0036596870565076384,0.46772262042697355,0.06142328024250216,8
0.051807769167210554,0.6797517461675873,0.0016102464485351366,0.0538843773498753,0.13249843301966788,0.008265436244122317,0.02730600529450779,0.017623184026234893,0.007507078098562509,0.01974572418369628,1
0.1137964072337996,0.005300173735174146,0.0014278636276558463,0.006175406190246228,0.12822045328313092,0.040229400029125215,0.015147982335288244,0.21148795347747157,0.008452568415622133,0.4697617916724858,9
3.669912206403009e-05,9.171253700969162e-05,2.058956763391348e-05,2.053762815709861e-05,0.9873247200847025,4.065623331564925e-05,0.01223016444921036,2.3134547994272592e-05,0.00020290535782190605,8.880472090571614e-06,4
0.025142314437636818,0.037069156639156234,0.0037553851343577432,0.06632827478574081,0.06707244009394026,0.6605237904875368,0.0441765442259892,0.0414949229941742,0.04671453664713065,0.007722634554336623,5
0.09109808258366588,0.1608953169655917,0.057779655050457714,0.13712055865327674,0.02790434067551267,0.046409567343162705,0.06908783692261333,0.029391059772842582,0.17371038794079713,0.20660319409207908,1
0.003246973157302776,0.9298852561297625,8.895991545429386e-05,0.0002525653860058932,0.030735914497835547,0.003911894118300853,0.0021770842152504933,0.01675574790412219,0.0024463248840863156,0.010499279791879017,1
0.030895065708457466,0.013989890681353928,0.01381335635822383,0.43387740047963574,0.023818248006793604,0.049068780879964254,0.10559530091462396,0.00807678128446184,0.20240181115122058,0.11846336453526558,3
0.031171373153418357,0.0012426933999137068,0.9482825272181052,0.007923205006393916,0.0006733893650958461,0.002320921939491249,0.0013753591743260341,0.0005753196879995248,0.00426997799681551,0.0021652330584406494,2
0.13833225024539905,0.005362106978468741,0.36067504285134105,0.26059627303580934,0.0032599551789153783,0.026994348473629626,0.020252682034864772,0.003060912811697463,0.1590424773032553,0.022423951086619133,3
0.016582127880743872,0.05915053669271692,0.023147556434188005,0.281360881267575,0.03481814812307552,0.15340344710803888,0.28277649877684014,0.027201825876104813,0.06736743784705147,0.05419153999366578,3
0.17332855686070633,0.17652281738207434,0.038430065226242885,0.02371562795296046,0.09604433800395543,0.09108513986869214,0.021170647872854196,0.29399555875779376,0.04797792118570487,0.037729326889016146,7
0.08448468576670458,0.03592761315081592,0.030416125204474797,0.13226060676129803,0.011356122036276659,0.024428668526287306,0.046804024928553956,0.010455828372083595,0.50082587706764,0.12304044818586576,8
0.06666424564919979,0.1337375656133484,0.004378222110712643,0.050947457819069605,0.09902969107471879,0.4092398712467032,0.028637122543758057,0.016112682041399682,0.0364682416553561,0.15478490024573358,5
0.01498919021675492,0.1363945735181937,0.0038826945371013694,0.031068529582601513,0.15374616750556416,0.07888547579497655,0.43935210311765927,0.0936447376259926,0.03216085145944795,0.015875676641707557,1
9.523269165544031e-08,0.9994006421308018,2.4981982558127567e-07,6.02499117569245e-06,0.00037092668017311005,8.096097482877156e-05,7.076916909399995e-06,5.057673583536838e-06,2.8637997692209075e-05,0.00010032758231811256,1
0.056360130913517534,0.1424135746029999,0.31626414761367905,0.027707228914989425,0.014661667839820385,0.14303026431858562,0.025348130599150417,0.09950488464079585,0.08555146308382792,0.08915850747263399,2
0.1306492948062306,0.14819129665799408,0.004727346198232243,0.012444375119849927,0.15600186410142716,0.04418177447049933,0.31259576303961095,0.11952320645889715,0.028423610350674717,0.04326146879658416,4
0.0002059690407232473,1.563276603539613e-05,4.5802906325031737e-07,1.1869289797619409e-06,0.0006888234439449275,4.732494628766986e-05,0.00014100973821898547,0.9988937720569121,4.058891911728824e-06,1.7641579231474523e-06,7
0.06219861237926399,0.030746944021464214,0.0036862054658532623,0.02815636775258889,0.07796631449836068,0.5831382534268815,0.14614965851241643,0.023308666175368784,0.017653259359548007,0.02699571840825411,5
0.002741381313878908,0.0118099578123775,0.9669356149378044,0.003880966637382932,0.000828550948826471,0.002244544866844646,0.0005099220638232259,0.001833158457331377,0.0040079092491285,0.005207993712601901,2
6.2926857563157115e-06,0.7906219007050141,9.553535606275585e-07,1.180533424757491e-06,0.20678720439588197,0.00045506125193979605,0.0008563125162139951,0.0011347275922709698,3.94519385768133e-05,9.691302736041253e-05,1
0.08526743264144676,0.09248902682122075,0.23950406255383858,0.19705655242131742,0.015084921990733085,0.11475712881459711,0.03355565994883985,0.006772563531677953,0.04855426089626352,0.16695839038006507,1
0.004182530628520794,0.0003944242976989485,1.657176416892329e-05,2.461260413556467e-05,0.16454628293506024,0.8242478639974198,0.0038817203162042884,0.0007789281505999747,0.0011555890171260385,0.0007714762890652679,5
0.04948714311549699,0.08665381049326654,0.014721670674086218,0.04449717348974513,0.03305499343260087,0.02616604789465612,0.05832632497305347,0.005012586873701635,0.4288642255158542,0.2532160235375399,8
0.12556463250317293,0.03044550140757112,0.009602444960533092,0.04562761849648738,0.03646220795759943,0.11810595423261093,0.16333565433515718,0.0064840588552460285,0.31913953932839795,0.1452323879232243,8
0.04715292632158467,0.04605795581309991,0.020394435720787134,0.025402372905678816,0.028024633682836437,0.11219973434526524,0.49494680085323517,0.013016794729702578,0.0912872879638731,0.12151705766393688,6
0.023456614078061527,0.016441821813344113,0.006911540294346259,0.7831669350589896,0.0038501494607329854,0.020304452358455304,0.012476222357766723,0.005032999033297516,0.09952888057081281,0.02883038497419344,3
0.2958689461009193,0.009307202221247942,0.6262672233826008,0.01334395904960815,0.004349877384999036,0.015002351925366041,0.007054012153467155,0.007283936257850978,0.01646317471255323,0.005059316811387077,2
0.07884965561387482,0.01331605234476708,0.14850449411281588,0.16304598240691823,0.010006070460728407,0.03886259743126999,0.06620596750173635,0.004977060972765628,0.3745676907600671,0.10166442839505661,6
0.03262559577158497,0.19119024692010053,0.0024971306769758454,0.008680816115247951,0.11800627085061005,0.02614218723298022,0.0051308556675559525,0.010678381044491278,0.009343531834750106,0.595704983885703,0
0.00023624829527204113,0.00019525278623682378,7.40791591779224e-05,9.032240553277955e-05,0.02271642305441076,0.003909658445375614,0.0016330584226976618,0.9709852792197292,2.9603878708729278e-05,0.00013007433285820716,7
0.021794159118355024,0.005916180017817304,0.001695808827570439,0.11648713300774387,0.7487000237201507,0.03600235150600217,0.023530553804011773,0.027558999057064527,0.012447497216531465,0.005867293724752558,4
8.14179041890308e-05,0.0006891247605208487,9.755662283738166e-06,3.163562073789678e-05,0.9907220286246174,0.0005405673125135537,0.005516957627754208,0.0012046324571055392,0.001170656367678848,3.322366259920681e-05,4
0.0003829239482761988,0.8770526048716184,0.004334021493530422,0.0015431341074490846,0.023411719723114274,0.05141590428752279,0.0158796157401607,0.010408680496804091,0.010613453746531448,0.004957941584992557,4
0.2383334149421679,0.013049289793063934,0.1099347130718985,0.04160315206516886,0.008709515603668493,0.07536026001969989,0.053952790834525435,0.015641466235503894,0.08936344467417168,0.3540519527601314,9
0.004168250141939138,0.08227160483077642,0.00103509454013958,0.003907881577329262,0.03096006090194708,0.010500331085744182,0.0031424164024921653,0.013148164240600183,0.16695361985707813,0.6839125764219537,4
0.8507155480687796,0.0073765649872615776,0.010626636225554998,0.02131866345551553,0.0038768911653111067,0.03491822672919368,0.0402735492886725,0.007110772848191243,0.015326554572450645,0.008456592659068932,0
0.361863750974358,0.004631628845273114,0.011395668426880978,0.439124431799936,0.027436994387546768,0.03363226626686148,0.02539884366026908,0.04462976290347514,0.02656145961829938,0.025325193117100873,3
0.06401917992263091,0.21802075821079944,0.004481065274555789,0.003229166616349704,0.20574983779742126,0.011273587498266914,0.16481970606145735,0.01968861561964397,0.18377738178619382,0.12494070121268104,9
0.013668633770528972,0.006611876645865485,0.002784492691719699,0.027684512538036644,0.004498652160909204,0.006682860968371863,0.01132796532586048,0.9129980628143235,0.005041323931374686,0.008701619153009685,7
0.015030869946835057,0.6225466324974193,0.00019940743803099916,0.00015208376916388126,0.3422314114451815,0.007824840950123545,0.0011110297961911457,0.0017468955365566865,0.0018229027179006074,0.00733392590259721,0
0.06310187784649159,0.010255308111394964,0.06920564646096466,0.3341789300614228,0.007296569809785704,0.027643143818269888,0.026481936542276673,0.005857389189846596,0.30720657945339824,0.14877261870614905,2
0.0031516453601145196,0.3730962874853364,0.06057661869809037,0.02947294343284005,0.29102289391103825,0.03828468182450235,0.007537329422541711,0.0706817774130703,0.08402381380753826,0.04215200864492816,2
0.0017115191377760396,0.04132396204783994,0.00039860465319703904,0.0012405028663201258,0.029925210234746414,0.8735457308227845,0.001281051825632035,0.008130023212503898,0.004891631072431723,0.037551764126768354,5
0.041624974199561834,0.020378941408666064,0.19364475430880126,0.3770290037260792,0.010654724926262663,0.06369217207437136,0.03235793810172596,0.009284359500418045,0.15741000546897507,0.0939231262851384,3
0.0007757009045162887,0.002466093486773034,0.00025028662289447223,0.0002072312270193658,0.007585152265031494,0.0012105898756153018,0.000836687456829431,0.9848908223390236,0.0014107333775889028,0.0003667024447081425,7
2.0017716098704787e-07,1.9413927635387933e-06,7.298379979840346e-08,5.64454741953534e-07,0.0003546563512287004,4.224951773178242e-05,7.079345599933374e-07,0.999549988126895,2.633158591282437e-06,4.698590252681389e-05,7
0.07183469546236039,0.02403780685126552,0.058805982801102184,0.07587597147576831,0.017258033745643733,0.04890836315410384,0.024549459138667712,0.006003565963023094,0.547338882245229,0.12538723916283578,8
0.6907689892764223,0.012523306016077198,0.20719201669965517,0.01432971339535889,0.0054200337294532,0.006306733816746738,0.03453975672072297,0.0056862943370883726,0.011872234319009878,0.011360921689465685,0
0.004179303853727263,0.18658476392694226,0.001708474157782979,0.003914171206136281,0.17896527561209513,0.01761743488735812,0.0905643563927196,0.49909342004340523,0.01046505646319074,0.0069077434566423785,1
0.741671646017014,0.03440553448063459,0.002138031761283445,0.006368405869789288,0.026150077792395716,0.005538990165126499,0.049610507051544746,0.0019659690756866203,0.026868618235029843,0.10528221955149539,0
0.016473788337532998,0.01452525400584237,0.5643561560073679,0.11064217077735082,0.004974802583201597,0.06720900548055729,0.012717348611608602,0.00445596714961497,0.12935287295824308,0.07529263408867999,9
0.05112852369330217,0.07068668273630704,0.005503315182083903,0.013996431268787374,0.08541176102311064,0.015261573528016471,0.16959453252885184,0.015578686274597957,0.2742261039452685,0.2986123898196741,9
0.005616552621579329,0.058640302575032326,0.0025041826540902036,0.003366900662246785,0.7470656751983894,0.008049307235622137,0.11513224761194184,0.038574758716591356,0.011644657970796566,0.009405414753710028,4
0.944681110384395,0.0028989915524161533,0.0006430150943076974,0.0054187281010074796,0.016756707063648697,0.004958797184326518,0.0032795572966453556,0.0052854568691535165,0.0064437733948999746,0.00963386305919908,0
0.34844446925941647,0.013305984705156992,0.0005087577793540036,0.001297994080170697,0.0693688379696858,0.015225434039693656,0.006602036903222366,0.5330067245018518,0.0025594993875323966,0.00968026137391596,0
0.029548429312880584,0.02799860665776042,0.008034904853304653,0.4575640567165336,0.03604192206201847,0.07094397635436105,0.10505437687626488,0.02914075870170974,0.2000308591215116,0.03564210934365533,3
0.01749791088760161,0.013539793219726112,0.019434360508509666,0.08454234585950196,0.008570744363729947,0.027380700664778223,0.02164926883518442,0.0037383440232167157,0.641533373226778,0.16211315841097368,8
0.03288251285128658,0.026440924789546676,0.00786163638695088,0.01356907009029384,0.041723162134301134,0.014237665664633907,0.16529282411776997,0.010006844490733127,0.4001985896818466,0.2877867697926376,9
0.0028683139339567435,0.02649726722599238,0.0010075554875855367,0.000821380683346411,0.08019178372883028,0.015398036389945002,0.007425193485112104,0.8544664347717835,0.004708849693700045,0.006615184599747847,7
0.044973552529403646,0.009824435952218177,0.10485681110191263,0.16908924524421298,0.007282173015014154,0.03910039751347842,0.050610257507232304,0.005407610515902836,0.4744363680151629,0.09441914860546238,8
0.05831412794638939,0.1160789225831283,0.05250319319231215,0.29560896134193204,0.03258334988110557,0.2546551086134596,0.030369930245781263,0.026983864446710647,0.08803353345002622,0.04486900829915481,3
0.027984421305529986,0.0427645259310584,0.004979753494782341,0.06201140847955388,0.21103819878614882,0.22465831101780828,0.2282096307451234,0.07754528624532474,0.04291216899028771,0.0778962950043823,4
0.018430173572070708,0.010337455154667082,0.0015981064147162518,0.002603467400593974,0.0725867752546489,0.8230364746118783,0.015597252031352737,0.009315280684306392,0.028632651924733108,0.017862362951032777,5
0.040152855727919455,0.012498846903689655,0.14142778613047904,0.19934673673057351,0.007218480726239516,0.04357309949856565,0.053008609910631325,0.004946364074975136,0.4106706411448983,0.08715657915202873,5
0.037191648633522416,0.006020399568685608,0.0029896607769756816,0.8708920471769733,0.008845118690330726,0.021915413773339627,0.0055583749594076155,0.016552093587790827,0.02096836084058045,0.009066881992393434,3
0.1782494637406708,0.022075891102998988,0.013941746469652174,0.509375626456876,0.011520480272295849,0.1439149806130216,0.07324162300538645,0.017742440898761116,0.01487818047417427,0.015059566966162636,3
0.11131892557650369,0.011557945979979918,0.6748435880489323,0.12963271454600034,0.010455376031483526,0.01720352210616714,0.006098373539241268,0.00983398365184897,0.020112325987674134,0.008943244532168186,2
0.030847156735113554,0.03477010079838773,0.016526906724319782,0.07319329550278413,0.024348255954894142,0.0911466727121696,0.05840855927543497,0.012058511460426469,0.40063454595029085,0.25806599488617904,3
0.037687662871959696,0.05272394551242802,0.019289977259809285,0.3241379840227658,0.10352787564992433,0.09604460000827299,0.10653488584649043,0.03703987853137463,0.18021241666184606,0.042800773635128894,3
0.0018561483242003102,0.03275198774410104,0.0007679076846369745,0.0063795768135713775,0.7035391167657784,0.07900501406456288,0.127891135439372,0.0038527994317391332,0.029805111943002397,0.014151201789034987,4
0.007333394661808293,0.07972133933472446,0.0016536007757477075,0.002561831212220335,0.6335356519962496,0.0031062371534103916,0.24133701064342208,0.016087453864690127,0.0026313679201327295,0.012032112437594115,6
0.00564868542161397,0.09406730938698442,0.0003932406557823,0.001851482887516406,0.007806964968771055,0.0011328833502113366,0.0002875139242663777,0.01047664721905622,0.008525310201781712,0.8698099619840163,9
0.007703807965181882,0.02979357974860594,0.8945314532216673,0.003377825514990485,0.003396388266276374,0.027264805553041033,0.006274595628940505,0.0033400839778787014,0.0030912895394021446,0.021226170584015828,2
0.07376530250463133,0.018924667583531413,0.10665382675129005,0.08997009634320165,0.006335110948249731,0.031390968815232054,0.033673617993817885,0.00431654997846626,0.49501971054119304,0.13995014854038643,8
0.004047544519789122,0.004265632292684285,0.0004996092514823309,0.007862806534022774,0.016861008427187397,0.03241671316977263,0.028615842377508565,0.8869157974327797,0.01572042590948154,0.0027946200852919005,7
0.35513045328496246,0.0605181524221372,0.0004328356358025391,0.48419378328135915,0.006413907099597139,0.008203821244637003,0.024634179070036927,0.006771147483215143,0.006366628792498644,0.04733509168575357,3
0.02412005483436586,0.017523568368452796,0.001273629306121526,0.005120526900030481,0.17632593390127344,0.7222333354195224,0.01969503118469671,0.003310582984212431,0.024094547207878975,0.006302789893445249,5
0.3174074375132088,0.15507551692285448,0.0031308982847172958,0.009606868997666796,0.07462873560688803,0.09159386106167583,0.13278110617654948,0.010643206131197562,0.08771343894856531,0.11741893035667629,0
0.07755109906012457,0.08038262062277915,0.028370507937174157,0.04234093481477156,0.16777594129889725,0.044120631810624054,0.18300595190074298,0.05035297652855112,0.12151205352926737,0.204587282497068,1
0.011390901702298707,0.33842727107419307,0.003764746365402913,0.007770196921989205,0.029616178741181422,0.006449082303347217,0.5909639998130888,0.004890779232061708,0.0035401921525929124,0.0031866516938438786,6
0.04000336490219463,0.012305797377518699,0.003789027468425053,0.2035642115280919,0.060907007574943314,0.23039532592409034,0.19074725352044933,0.030112279918602828,0.18866666483897704,0.03950906694670722,3
0.9307009316715782,0.0015064527576312782,7.844327175071807e-05,0.005395527347209477,0.043288441491791015,0.0036118745640179336,0.005026634879822024,0.005499428381015852,0.0033844166985682518,0.0015078489366152346,0
0.4373712310206061,0.02191145790396371,0.0007977293011430981,0.023671238934327925,0.08310730415662898,0.02968087478669799,0.03506859541815882,0.31887830401101785,0.035056712477148255,0.014456551990307324,0
0.3074672219010515,0.12333655306347376,0.027778950561007248,0.24738092277887408,0.07013042536764941,0.05681106765674588,0.02041112613134579,0.05613522835975524,0.04000113719181774,0.0505473669882794,3
0.9757960669580863,0.0029003845959503618,0.0006681076403894922,0.0048454247880475735,0.005467454803558328,0.001677365861409492,0.002065927220612488,0.0017623661085257984,0.0030063924439059416,0.0018105095795139124,0
0.11280647230034743,0.01857725721484077,0.005473813120439131,0.01573697441938199,0.147218344008641,0.08185952263924397,0.4637808786650092,0.10261458023828893,0.023608070203905943,0.028324087189903032,6
0.14060116752091079,0.012744838737661652,0.14208823184333427,0.22768666591414735,0.008412281298432248,0.0550697011388741,0.0910579172053087,0.005066034220789606,0.25220012995096824,0.0650730321695729,6
0.10384849378525102,0.016993574063393656,0.005607354359460603,0.06442969486871429,0.030622455017483077,0.15081753534994607,0.03435602239105611,0.01723223908472543,0.10047502265632648,0.4756176084236434,9
0.26979970423687194,0.1503370945017036,0.12939165696905416,0.0077126498426871816,0.0350217413974528,0.048670521320912256,0.052640551693369265,0.07726725368059556,0.03677054626505216,0.19238828009230086,2
0.03724209031719432,0.0342676152991779,0.029110917058938614,0.04700508733830508,0.05939886935110998,0.09166772644124975,0.26209761169841755,0.022050652944649567,0.2540814849191884,0.16307794463176836,7
3.429271580966482e-08,0.9994257101894681,3.453327515951759e-08,2.2207179591495456e-05,0.0002579683657575256,3.1741542328435456e-05,3.6564818267944013e-06,7.052198272186464e-07,2.5079083010184743e-05,0.00023286311219939058,1
0.05540774881354219,0.015877990015011605,0.6979461664827796,0.03262600112711617,0.0034488924944608085,0.021550719774629197,0.012653790433432056,0.007123569907799433,0.08619861739447446,0.06716650355675417,2
0.0011550759972442117,0.5702307404076913,0.0004367884238292067,0.0009735247706752642,0.0365615921217365,0.3274242427139581,0.037968501352242154,0.0014346533217048658,0.013237146794349217,0.010577734096569195,5
0.011896497492685608,0.16633574113996816,0.005433648041051281,0.011768120624703244,0.14483661611888354,0.07005293094098791,0.5489819950907977,0.024394358121830634,0.004404452082150022,0.011895640346941953,6
0.004494225418797644,0.05659085007547428,0.3755582778116355,0.30841791534748203,0.015296438864846237,0.04852044635402889,0.006522753977590625,0.031203838221913697,0.059907536835621944,0.09348771709260917,2
0.016024121353567695,0.03375940194519597,0.012996083651488658,0.030077925931288437,0.05415384466876736,0.0265789435863422,0.02813685637767179,0.7357352594176723,0.029896291267647892,0.03264127180035776,7
0.022075690542298847,0.8076725872549496,0.00994485788702008,0.003728207085321906,0.009713336317925507,0.011964652903790882,0.010229407988568615,0.015206136444480364,0.0105534923626302,0.09891163121301379,1
0.012013957430387464,0.3561268502203481,0.4569480488663006,0.026434229045600544,0.007540850019975531,0.0492982678315579,0.0038179657002315117,0.004678372358731242,0.024919086032793497,0.05822237249407346,2
0.0087092041088845,0.0765899077982994,0.002506397961039549,0.00720088448586039,0.402244765581892,0.14789013655796537,0.3073558079520679,0.010439535599409184,0.010276609757358076,0.02678675019722326,4
0.006300918504929293,0.029627590310001225,0.7962680594637133,0.04507032057301146,0.008296530134599522,0.012168903265730233,0.019787047574960248,0.011156015724528434,0.02463782838546976,0.04668678606305654,2
0.10700424999700767,0.042518851591907374,0.38238431355525837,0.1526118634293294,0.014624622385668919,0.10432430960807329,0.010282664481847302,0.006428745467708298,0.05484133803946186,0.12497904144373737,3
0.06185421584804027,0.02681734420999244,0.12378280690099518,0.17123084266522834,0.03345161808188778,0.220522865553695,0.22104512905424725,0.02043600603572201,0.08690905907496427,0.03395011257522717,6
0.03909054123517762,0.009764134710794844,0.47479199866354543,0.16501526217353307,0.005496649110128517,0.05140461716306627,0.023104606111635242,0.0036414657975231374,0.12096192373498008,0.10672880129961544,5
0.006865122285983644,0.824237821296994,0.0005538978636006148,0.00417964139014473,0.048751125788730504,0.024356600291905242,0.01636446533450924,0.0039886411921023265,0.04454278585551396,0.02615989870051596,8
0.04752924051422117,0.033627351335293106,0.02005100192879815,0.02089387827798992,0.04416947810330647,0.04423395617984139,0.6448133248165021,0.011832760662497107,0.06747748063119369,0.06537152755035745,6
0.005622576627902966,0.0010728743656067063,0.9609926651545828,0.009326985732260408,0.0011130235514261243,0.0048609079204789945,0.002423834249251273,0.0008418319386833902,0.004621025790054732,0.009124274669752417,2
0.3299867498189381,0.022016116337755784,0.0064118376137530225,0.22309591171382434,0.017061020228983603,0.09820334793219908,0.05265716586632706,0.017740802410266845,0.14500235297175063,0.08782469510620122,0
0.04931781262904229,0.06262651199262023,0.03801009771053529,0.09705388560559883,0.06972336363524181,0.0838745251475745,0.11743974095306198,0.021854450315187138,0.3043657133590264,0.15573389865211157,4
0.0009679415319018726,0.5689997446234241,0.0005499139320288655,0.0013813087196276512,0.38897697425057565,0.001464881111572319,0.022530082512801076,0.001634545202510413,0.011141623470689026,0.002352984644869289,1
0.0002882897976223558,0.9774325452324104,5.878597324910712e-06,0.0001347395077098906,0.0007716777036234957,0.0015563565973199013,0.00010895380791541191,0.000395572671105468,0.016527779805717967,0.0027782062792493616,1
0.00011477361118722725,1.3497160375003677e-05,2.303521299969827e-06,4.900654851562281e-06,0.002296115855796583,0.0011640095488879402,0.0004548318669459884,0.9957536493087502,5.693386764214582e-05,0.00013898460426302092,7
0.0004958359068604256,0.01200912777783115,0.0001994898646618211,0.0005355272780575113,0.011158747596993849,0.00012647233569919016,0.0010549204805827416,0.9718813532599168,0.0004917840347062363,0.002046741464690448,7
0.003020908736861746,0.5126291632621662,0.36664023867002515,0.0007326967816119052,0.07825071434153097,0.0014586931575619,0.0016094934247797268,0.005856873798529327,0.01987326576026213,0.00992795206667106,2
0.04627014825864884,0.403509395656023,0.003444348329823712,0.0065572325647638065,0.25375184655067323,0.03962401711550117,0.11800087872121598,0.092230547584689,0.01680956873773507,0.01980201648092624,1
0.2779282826516416,0.019764135627080865,0.01875790859828791,0.1550729776991903,0.013559075106154103,0.188564085086771,0.04499360352180857,0.006264419279340004,0.22131352818090108,0.053781984248824626,8
0.011323683404279784,0.05992060644544135,0.0037386288884240257,0.03309668491382453,0.1232142746347059,0.634881496166855,0.04107531373791145,0.02448845101497811,0.04523827995270372,0.023022580840876175,5
0.039060388142394445,0.0549104452105615,0.03934039925277584,0.08006140518068851,0.015434975182819624,0.050367376272413264,0.033984286331513146,0.016500880513714178,0.5703268838465247,0.10001296006659494,8
0.23048241855749058,0.0678902750273453,0.01860888573084896,0.04303889787386514,0.029044679996858173,0.12499631361818173,0.09961983652636992,0.055562159000451444,0.18077706474424346,0.1499794689243447,0
0.0034028502483813327,0.013253703822120214,0.0009066440117726103,0.002090295580712535,0.7201003310719348,0.03339206769112587,0.06325696244581173,0.08940148658712295,0.00924456020163303,0.06495109833938467,4
0.0501171899100853,0.011484660067819128,0.1630836371207769,0.2082081650164626,0.006537232780339219,0.04405077341672544,0.055440396058919046,0.004715296339780203,0.37290329639664294,0.08345935289244913,5
0.00776101694137324,0.2819147751116861,0.003091292321259498,0.06318482163224143,0.05787683467586184,0.07851730753482772,0.0486138241704465,0.019919468292806185,0.29083870380246596,0.14828195551703172,9
0.0022064962330572953,0.035758359952555,0.0003110460211178686,0.0063856169361407355,0.41400840647736864,0.013792384461925156,0.5110385964962381,0.012751513560646141,0.0010903820346594391,0.0026571978262918353,6
0.12203096115029534,0.48495805387143853,0.054460343308085434,0.06435701854136451,0.047129370694493036,0.06275353921647901,0.02210623518807177,0.026733361055233565,0.05534566234556135,0.06012545462897732,1
1.5465337329345e-10,7.550075071363301e-10,8.864192783390785e-11,1.158520069822556e-10,0.9999910089193649,2.4839129872494638e-08,8.658039773373384e-06,1.1789798848340553e-07,8.44738078621546e-08,1.0471578063667469e-07,4
0.45069920049002477,0.004651798315399242,0.4802714537174812,0.02519696456240407,0.00401333053377399,0.009042977680746406,0.007244256010639968,0.0047946219552126796,0.011737605112736133,0.002347791621581893,2
0.026145172023777866,0.002256644855240909,0.9245053890467416,0.007046094779658166,0.0008809981360070953,0.010954269610945524,0.004191140806195819,0.0007124156918793093,0.01284054583983848,0.010467329209715034,2
0.018456127825132153,0.0140408900037548,0.0010346016693080352,0.004948425630896382,0.47420519723541793,0.39547894552051965,0.02135256251195505,0.05771827598044027,0.0015655948199516149,0.011199378802623876,5
0.04672664173926618,0.029251513577317045,0.1021278027834615,0.27362703314780856,0.011298600818985613,0.05012720890775796,0.022075081332619817,0.011177051769171822,0.36040992141200934,0.09317914451160167,3
0.0028602953091923073,0.5527084135394849,0.0006649344951261725,0.0012625132846909928,0.3802447024344464,0.003996338652278521,0.016109430732091402,0.010025740992894121,0.0033652873103986844,0.0287623432493965,1
0.0681024942117366,0.17298647061155403,0.011408245343976567,0.10144736599967771,0.01690195877743602,0.02727497910440891,0.005362839125124829,0.01752635248204117,0.1556009226286167,0.4233883717154269,9
0.016669499107877246,0.5267954124547315,0.00023391334891513895,0.0020649143028820616,0.37743381027969264,0.0033575866073484372,0.008908548648049765,0.049613990247125456,0.00838199507933811,0.006540329924039507,1
0.09995926910240555,0.017889695047899022,0.14137780555208915,0.15373483322715126,0.01647826738552743,0.1307000147426543,0.07404633265661048,0.014471359655468082,0.2962751818277701,0.05506724080242465,0
0.024278797545107658,0.0239775647833543,0.7508775632482613,0.06118415108095709,0.0035492804995192998,0.028442458125727082,0.013048945949542859,0.003443581323075824,0.05626204873094982,0.03493560871350502,2
0.0009702568186488563,0.7320369426815535,0.00018292782230612165,0.00044221641263346033,0.09972521614065137,0.012181326408833794,0.13387845830513026,0.002235805249485407,0.01293495359786637,0.005411896562890654,6
0.03985382700182927,0.7827501432121041,0.014977249877710057,0.01646721776550533,0.022677451435073787,0.04609450869536448,0.016146142644268193,0.011653747792078721,0.03748025469501754,0.01189945688104832,1
0.14124654247103813,0.014888007170107366,0.058319729798691274,0.2157794321020008,0.023827532246342324,0.09523210524067226,0.18823702836159403,0.14099453874696932,0.06165938095227945,0.05981570291030491,7
0.005506623137022934,0.012467382285766725,0.0021190426508759432,0.004938932433618423,0.029785728366935823,0.0160684213277402,0.748399070917203,0.0289789002869946,0.09743860679980006,0.05429729179404247,6
0.07344746334070623,0.10381530056803637,0.09424647302781224,0.15710272881527895,0.047583076345509366,0.15372697820918482,0.21500234242751753,0.0658858029568643,0.054053190786854145,0.03513664352223566,7
0.08191696466774942,0.03198801848899303,0.061298775865286856,0.022370032122226453,0.01801587983784947,0.06876043541221383,0.027413792256120645,0.005412307852784048,0.2691623571702522,0.41366143632652475,9
0.02820506045701992,0.09628149560651127,0.0008235766411485372,0.0019232110766723102,0.7315508480300054,0.03010870227499448,0.08710847962144636,0.004520499946314261,0.01654820313474158,0.002929923211146006,4
0.006882518144104114,0.014776183398481978,0.0010072188793784414,0.0012861664165246564,0.9420303095936551,0.0009939257173324657,0.008996297538773491,0.007608186376071191,0.01174367524558848,0.004675518690090325,4
0.8583324674993893,0.028665995375293723,0.00945685260538079,0.0014049636304260702,0.05828778167797215,0.00149509546418933,0.00845107809697484,0.025182955371523538,0.001320606912710573,0.007402203366139272,0
0.0004979329962722156,0.001259775325686356,0.0002286959009322498,0.00026128770993763783,0.20474750676658984,0.0007410154258362745,0.7562915025893325,0.03341540925249272,0.0017469172157230887,0.0008099568171970352,6
0.9566887126731847,0.001123920895238274,0.0008845735784348904,0.005989236203694365,0.00367995686924844,0.006206046132223819,0.006750983551604378,0.01385973659886604,0.0028292203434125912,0.001987613154092374,0
2.4376332871117734e-13,6.024079816136997e-13,1.4005372493689857e-13,1.9189604958369294e-13,0.999999510548267,2.524951050447858e-08,3.3605433838864376e-07,1.000008072606988e-07,1.4705235397265871e-08,1.3440663445987098e-08,4
0.03134386859256617,0.019242950926339774,0.03640891177203509,0.06819115991498084,0.025534259555236454,0.06500526255971847,0.5393920026513481,0.027764888067795087,0.15313872446256607,0.033977971497414,6
0.6585712727725913,0.03649305062859333,0.0031641830409996348,0.006395657229001411,0.0739798089637402,0.006653253024597675,0.0051027977591132315,0.09525937332514212,0.004589686296245231,0.10979091695997581,0
0.3340037840937633,0.007722077202208246,0.006209089514676274,0.012897612095394837,0.34692156125479695,0.032599040012635305,0.1998439897409316,0.01020021250983223,0.021978876729926336,0.027623756845835207,8
0.12879612212660638,0.016094284704807053,0.013159687219497665,0.07129634726731596,0.021193103768294523,0.11731293297066867,0.0705244742539287,0.23671515385741557,0.188848692314931,0.13605920151653453,7
0.05520006942640406,0.010537331227635295,0.8781376660457729,0.023400813919986153,0.0015130511161744434,0.014673407838727255,0.003452638881220496,0.0017140956408168433,0.0075938278533873825,0.0037770980498752233,2
0.010998328478900315,0.6560440677504515,0.0012707476836051692,0.0031498317241999457,0.060142607438932016,0.029236414159488716,0.06232213292634681,0.030157352468940215,0.00906635207413085,0.13761216529500417,1
0.011803971960056659,0.09594571416362098,0.01558030079612384,0.03233141948067502,0.1336737482117342,0.10853235303052908,0.05903546517928906,0.022390453313001386,0.11370627202623772,0.40700030183873187,9
0.04065272908634591,0.014661692225887892,0.13478547445011668,0.18976391857366204,0.006246208772692364,0.04222174499322823,0.038697558190548494,0.005556163407847441,0.43631113979401914,0.09110337050565194,8
3.841282585643441e-05,0.0007919134828482945,4.937363335451926e-06,1.068336569343556e-05,0.10539792575238521,0.0008848623602628099,0.002850987795114046,0.8899823290105392,2.2717701852277586e-05,1.5230342112871733e-05,7
0.0017240308578598375,0.0043479930692247315,0.000344554322290034,0.002148974627915206,0.4408650910518375,0.4822187882841981,0.043016493910756154,0.01673618114046337,0.004385252591178577,0.0042126401442759065,5
0.4550270851492354,0.00782934725782721,0.17557613978082234,0.14791589882903294,0.006135590171131569,0.029094942323006235,0.02410463952919453,0.0038940429031128782,0.13364816267177013,0.01677415138486691,1
0.00011731836799776029,0.0037946280374367334,1.0198968491484492e-06,3.7408778580553955e-06,0.9941669938433088,6.454390064644538e-05,0.0004107848352999269,0.0008752428115855601,8.556419982614556e-05,0.0004801632291916153,4
0.10932856895172754,0.29581714702449186,0.01268475061010457,0.005866690604775383,0.2254950610354585,0.005615973058318495,0.040074405738411076,0.059698940584502536,0.010687236701409735,0.23473122569080015,9
0.007704884864980648,0.041403368220238844,0.001921647386364227,0.002372281883055208,0.6566470709504815,0.02104591978402275,0.05728305077492263,0.1922068683231821,0.01242939725758529,0.006985510555166763,1
0.015823679700586624,0.7761649137717547,0.0009577276301229918,0.003192280108627412,0.04319478290415737,0.004729271896906803,0.0099695461556245,0.006022849695572194,0.04567667286799373,0.0942682752686531,8
0.005942495037714187,0.8678051542531596,0.010219738626146445,0.019526657474115344,0.013413380164046826,0.03422686016138493,0.0048289420317348215,0.005040365465571733,0.01235817803860391,0.026638228747521326,1
0.5879413301150191,0.017123995340552752,0.005157304922506384,0.08779691492997267,0.014121762602690371,0.0349881315581667,0.013714281507902748,0.02427106438463011,0.1053605923451158,0.10952462229344251,0
0.5983819350989187,0.004721289282197065,0.09270769597411209,0.13871003759492215,0.0064959196182979495,0.016054373563573997,0.007646994103285258,0.006425793964027511,0.11099758751389259,0.017858373286772467,0
0.026478353823126383,0.07170938445986584,0.01674840620366791,0.03485031410616437,0.04185849493513651,0.07996811841749965,0.06928081073444459,0.010602782763549848,0.2225068462681762,0.4259964882883682,9
0.8475160292710501,0.0042838099669805525,0.0030085316927983244,0.006651510044652081,0.008855102260976848,0.010204535780062262,0.08532761441578857,0.0049274326896757425,0.008886613703929637,0.020338820174086322,0
0.0020131386865150807,0.012332960841951356,0.00032806225636784953,0.0007407116166292686,0.8870715738153001,0.06099579965007945,0.009447136500524724,0.015181374176828723,0.005127639119221377,0.0067616033365821525,4
0.0009374950510286234,0.05965594900306464,0.0007397572802991727,0.0008245934691444062,0.9217304246697031,0.0017928586926517322,0.003054265161495578,0.00851747038811461,0.0014445486591589578,0.0013026376253393293,4
0.034575617507905526,0.22734801883208813,0.0017920063768215762,0.013317367163742534,0.15922529594108936,0.03449476282690772,0.03486167192822683,0.013480416637878719,0.06571921861502507,0.41518562417031474,9
0.08591872781884471,0.16708106699197633,0.02485489636180304,0.05077068739589771,0.06410919951699792,0.1803609133412889,0.09558995162140187,0.07786863130430094,0.12776897835700116,0.12567694729048767,0
0.10718863626866612,0.026277581713769142,0.003441212720985374,0.008145669909307656,0.6011625719486428,0.010302256624418452,0.09270849900646905,0.06093137088774495,0.07692746078614203,0.01291474013385418,8
0.23645204723969857,0.05985197143092661,0.004201358150529655,0.1378843945713606,0.039754516189826304,0.12228236578169768,0.13795481599351764,0.005371845024847978,0.1583611075592254,0.09788557805836953,5
0.023498636144532205,0.011462250562829802,0.7902501781915229,0.033561059401980224,0.003949440161743487,0.017350528247373015,0.014240457240411317,0.0020626633668323355,0.033768130423601994,0.06985665625917237,2
0.000343612843081138,0.9637602006218602,7.390141118970636e-05,7.656329887443854e-05,0.027087126153765136,0.00028729419401501266,0.006567978131302869,0.00031052846268860625,0.0012847284996647293,0.00020806638355824926,1
0.001666641839796671,0.008556773996924234,0.0036198911689038246,0.002152768611144666,0.020390588180408616,0.013426535938924091,0.01691414610953047,0.9301566360029531,0.0020676638665259026,0.0010483542848879342,7
0.047166357376791646,0.05446359485149147,0.018527581945237476,0.2777471712041112,0.01871036915968127,0.06970267408913342,0.12930541537737117,0.01258997417526277,0.26215073556488344,0.10963612625603612,8
1.7203465564071266e-14,3.874440289846617e-14,1.2933679446853788e-14,1.2855038118735874e-14,0.9999997894681179,3.836150615259279e-08,3.544744354122241e-08,1.0005612146214837e-07,1.666670097841313e-08,2.0000028452601205e-08,4
0.22621181600598583,0.10802918433362847,0.024915556224424363,0.22170290208117233,0.02044252956991385,0.0731419912694635,0.09475235898953911,0.013974298586727375,0.11093488945018072,0.10589447348896444,6
