0,1,2,3,4,5,6,7,8,9,Y
0.26103145592467014,0.26550471637875006,0.1064301119853075,0.03998123218390556,0.27824265293630634,0.003759471251361796,0.028659789927868537,0.009191910067786519,0.0006984290525590429,0.00650023029148459,0
0.08866343395350612,0.0825933919902944,0.538376016686451,0.05952721221236827,0.09870521441346881,0.009571261036832715,0.06461571993602278,0.047310417251701105,0.0011937972578180084,0.009443535261537392,2
0.004443392867625201,0.005428464090741455,0.0021443992610735026,0.0027251143517117203,0.00514701069618765,0.004465754022263119,0.0044997576148991004,0.003970819092174027,0.9616564615965956,0.005518826406727855,8
0.03278940226607268,0.25123058943830356,0.06573727703565815,0.14477881464840203,0.04789404088489869,0.1739079669961661,0.023616871782074993,0.10410428862215311,0.0008646917701202859,0.1550760565561507,1
0.12207445511782017,0.09809537979511711,0.1461583854143745,0.14885781919938848,0.23782745512222372,0.03227141138735233,0.07896936020127114,0.07922916381865146,0.0011600250725826765,0.05535654487121823,4
0.2769615229036748,0.10104864368575207,0.05954960052341155,0.04169784419711741,0.2212812293670628,0.13748479224160942,0.03183231498556077,0.06058301222358785,0.013807022330992819,0.05575401754123029,1
0.08285968064583536,0.10006782909363529,0.09528461362878457,0.07161469375973849,0.0838762823641812,0.05370542878427629,0.05723831527662562,0.1794447445483307,0.0010876384061025322,0.27482077349248996,9
0.1811432607323157,0.1388251670656343,0.2558972596743509,0.07030288401348746,0.09296569703575709,0.015140551350820108,0.1343101764587976,0.0692113136073258,0.0009328369415188885,0.041270853119991874,0
0.09286926269183196,0.20103315965225577,0.09309591842670296,0.23464974512447676,0.06944573916303315,0.05729615183125944,0.042465653729784586,0.14539810467358233,0.001575559314363406,0.062170705392709545,1
0.05111235180520073,0.10915640895729213,0.6449889578055178,0.008720262755492912,0.026680726410730198,0.0038825001667363458,0.09450111344579555,0.04982578562944404,0.001178642937030291,0.009953250086760039,2
0.17211214859108906,0.048445549794422976,0.09145231636595219,0.09948368125814785,0.056595152065304945,0.13933951541227566,0.13683180835936307,0.17046101447576537,0.002584519732001123,0.08269429394567718,6
0.09991898944171991,0.22563403281685457,0.11510555020819163,0.08533062779868539,0.14255058256516767,0.08390966193530106,0.023810357968952263,0.06292932996225216,0.0017669847832082434,0.1590438825196669,1
0.1199459030591993,0.11935166265816355,0.36545301130968555,0.05302279693406127,0.061430544478438286,0.06507814839434928,0.059186960610099176,0.09807066718620101,0.0005774453368538065,0.057882860032948846,2
0.10739710944846365,0.3149677322223349,0.07445673010175861,0.05912192518330424,0.04384961363353638,0.23649564114669544,0.021729641840319686,0.11697245374889674,0.0013432325728881236,0.023665920101802195,5
0.16488830578257888,0.0897806686786442,0.08549303984848837,0.16260398795566153,0.07184469398306766,0.028124289782330867,0.2527432439272076,0.07719763477668304,0.0018724579512281617,0.06545167731410968,1
0.15493309488799598,0.08188690494512123,0.04436498793757391,0.13334646375042783,0.07970593424812146,0.12179472524319679,0.03407166632485367,0.18250687972415247,0.0006573449438149419,0.16673199799474178,9
0.31407648166328755,0.05542951128769188,0.04011656547393029,0.1420017074158677,0.11305404535054409,0.08910070974519003,0.06161503131660556,0.09513390346568414,0.0020775168157187297,0.08739452746547974,4
0.009504064633945764,0.005461061187207336,0.8738512184887627,0.004982476534038689,0.0019077498421298737,0.00019278959265366658,0.09804039739553998,0.005693468833687105,0.00015687721925161,0.00020989627278275095,3
0.14651825264319607,0.06376087331047366,0.09491937491893263,0.13204093418574825,0.06388323934498105,0.15435751750941934,0.05030157860998463,0.0947784133460228,0.004441892571435269,0.19499792355980627,9
0.4482488760462599,0.2615359654257728,0.07239184531947393,0.004603942526192402,0.15074977882014262,0.0012712311800916832,0.03301395095313505,0.02313116467139691,0.0003781732041726172,0.004675071853362363,0
0.05000206542453925,0.04719882425339256,0.1952721740108774,0.4450024755017957,0.059618211315883594,0.02271311515325792,0.05401826307859568,0.0483881133992136,0.00035281308465343167,0.07743394477779084,3
0.397868681644229,0.10790838214238721,0.04455991305007877,0.10085468362404637,0.1447845592121525,0.062176143733506044,0.018640243477150313,0.08387148280650558,0.0018277578547995252,0.037508152455144765,0
0.1668848007955539,0.08534465894479307,0.035899629545362244,0.03509746358230551,0.2763603189244914,0.11824949482199475,0.05233209925279997,0.08373771460830286,0.0013066270023372516,0.1447871925220588,4
0.14294009741358957,0.04598522334609038,0.018711485351263966,0.05074575064741865,0.04352113278610602,0.3519291584905329,0.027870365175187525,0.09132127289398477,0.03873169850539741,0.18824381539042895,7
0.09178938734614303,0.11424165880168961,0.017646776839376047,0.15689648144857365,0.03971578604328742,0.252502707091649,0.038082880912543464,0.24853936778911365,0.0011172903007794122,0.03946766342684462,1
0.1151572151724081,0.06053305488525435,0.03603027695482512,0.021997518515815488,0.06830948454494634,0.43090912790716046,0.05707696403360661,0.0844887463243055,0.004032895959469351,0.12146471570220885,5
0.09636360053480478,0.10840126393474847,0.06260318042038765,0.007687166377660001,0.04865597991105177,0.05403177616434123,0.17962195280223583,0.3991933462117977,0.00047474250243544785,0.04296699114053725,7
0.22739661853686116,0.2657382378000857,0.14654019546571098,0.021371960221998727,0.20408756004731463,0.014008067073942422,0.021486554272174035,0.0562988227200913,0.0004652355724254379,0.04260674828939523,0
0.23963607513106544,0.03853795220136392,0.3159484248389215,0.027470409295255384,0.059579695716912275,0.01699123274442108,0.15271078198642946,0.1188603491488105,0.00036466117133812366,0.029900417765482402,0
0.2736829172868953,0.08186685131995837,0.11168578200648513,0.0170676853980109,0.13318612273889927,0.06454027043569022,0.14604833993689773,0.10723247378158489,0.001688686404472023,0.06300087069110583,7
0.15144491250196115,0.1031944053449178,0.05345668366912288,0.0523461430860752,0.06497203410914042,0.37546435835797465,0.03611161747593355,0.09386204247262597,0.0012559053371444908,0.06789189764510396,5
0.1717851684642217,0.17196802018549479,0.0506809596975896,0.0817503670066231,0.07518674997312824,0.1583423824424195,0.03538112496592067,0.165053165253778,0.0008514296420656475,0.08900063236875923,7
0.1332672570266009,0.1512873205145323,0.08769062204352816,0.03658730547100275,0.0476411305792001,0.02305128001577363,0.045058246896021587,0.42493448819612845,0.0008247331536062953,0.04965761610360584,7
0.09656001965196138,0.3502417985536557,0.06832184739410915,0.11751008940516193,0.14034781355700893,0.01980468368767242,0.018516125942013604,0.061910407967641606,0.0012924569393299883,0.1254947569014453,1
0.1260955157142386,0.19717749423391925,0.07124063511419826,0.04333217872110537,0.08124898414089544,0.055598119894608444,0.05064726980899921,0.08755820709971482,0.0008838020024487766,0.28621779326987157,9
0.22608616052229114,0.045050020886798256,0.057361538412476216,0.12165790449495335,0.06819587784733971,0.09639405121242559,0.03442333307744761,0.11254439939485343,0.0018151103165508875,0.2364716038348636,0
0.06829695821600106,0.04996731046524444,0.0708132302791631,0.206196553987054,0.05896658029704765,0.05162575460668889,0.1076944325036605,0.2216552732871637,0.0009452334119716719,0.1638386729460046,7
0.22786349781654433,0.05398978673179939,0.3188796244085072,0.024720161537177023,0.10607649028642888,0.005499689175021767,0.08328420999449167,0.15590818107690338,0.0011169665349773997,0.022661392438148794,2
0.048538295171766346,0.0373169611451771,0.11350774924427373,0.6025863312170809,0.07859984262826371,0.011657509817550751,0.028842890682812237,0.06634804403401154,0.0005071881220124087,0.012095187937051409,3
0.005458924240574769,0.005376037282342788,0.00417062510706071,0.00339163613505904,0.006373098594505848,0.006324618855590302,0.004434909653290462,0.005140279728121437,0.9535942971232297,0.005735573280224676,8
0.05581569971050648,0.20782798568061678,0.1661869823809498,0.010484694958631927,0.23998138424207793,0.026012361342623427,0.14706722177305653,0.11081366692354992,0.0008972456444773454,0.03491275734351014,4
0.011562466527844772,0.009116340559371293,0.7845654261254492,0.000523440218643322,0.031839813460332905,0.0002507977472490313,0.15888308385966843,0.001816064421398937,9.473607579645351e-05,0.001347831004245091,6
0.3142562831195241,0.06674972289399503,0.22940871103539567,0.032722230939845824,0.10657146219981013,0.03815408564406356,0.1134249359668469,0.08737878751185478,0.00028934677153497627,0.011044433917128655,0
0.07548847863963787,0.07209784038205218,0.06985049280577611,0.34771797506287694,0.0655491892220286,0.09634175760734673,0.06864647022540595,0.09650226271978235,0.0006862090094187565,0.1071193243256745,5
0.003802808288777221,0.008691266493794316,0.010785873009574672,0.9485265925228934,0.0062805082613890265,0.0002624832650164278,0.01521311500765097,0.005761968158210672,2.15301537476937e-05,0.0006538548389453877,3
0.34322876070109426,0.04231583042794026,0.0780312809489339,0.06129451131560725,0.064400208033988,0.13793760737307525,0.06335417022729421,0.11415072681964103,0.0016045827460412715,0.09368232140638452,1
0.0027945331596636075,0.00961825333225646,0.003878745140257851,9.764823668293062e-05,0.004304521383841903,0.00021689469426190144,0.0013728218263956721,0.00048141939931312995,0.9767054737238999,0.0005296891034268948,8
0.06380434849128803,0.08331585369878124,0.04051982336504308,0.1177660246457835,0.07608573214869263,0.06220146413958937,0.042114033299506026,0.20482442165893563,0.0012675336242076274,0.30810076492817323,9
0.1817586948217128,0.07684031326794345,0.03656781092759781,0.10958528676619173,0.06902671158331097,0.2689756346644781,0.023484282509802876,0.0798595556575317,0.011938984801887726,0.14196272499954293,3
0.11585807920350333,0.057004607964532154,0.05331822117477804,0.1252972842649925,0.049346799077731686,0.3608468648386563,0.0538804265349726,0.12271558028952236,0.001936228637565037,0.05979590801374594,5
0.09423096674503972,0.5998470929160598,0.056106078953018584,0.04297861859353122,0.07257141494153611,0.017793632985263333,0.01851271332607152,0.02781568100566517,0.0006312136548660774,0.06951258687894868,1
9.195969762472773e-11,1.732469503394518e-10,4.101036201118207e-10,1.0292074505636254e-10,2.3200456114986958e-10,5.564092555615616e-11,0.9999991533851511,7.193245991097275e-07,1.1157673660310572e-08,1.1506669946833888e-07,6
0.14145751522694194,0.07811019053338178,0.0642071204635464,0.0333556894344186,0.07677443639433822,0.1309149954221859,0.06527950887104794,0.16376563126042565,0.00277332210137192,0.24336159029234106,9
0.310163382089949,0.0673458372923556,0.028123305137542704,0.07276820768399155,0.04772764701472566,0.17333548304194868,0.05013146814634905,0.1075958864875703,0.005427981151253487,0.13738080195431385,0
0.08886633485022236,0.14221325988649705,0.6321034702979053,0.005033907777516481,0.016683075614029052,0.003125209351279971,0.09419217814648773,0.012214056156028894,0.00214396240626852,0.003424545513764827,1
0.08526337359652794,0.10240210124503042,0.07117814895489033,0.028157079042055288,0.0440599639874465,0.04003554526697688,0.03565645924798732,0.5655980988311784,0.00036955512433608216,0.027279674703570827,7
0.20304882760121018,0.07369741686165363,0.040976123161858995,0.036182745327841916,0.1432867620187056,0.22118929756510392,0.033836449666747676,0.0829287835281748,0.010484511378615453,0.1543690828900877,4
0.23504946322491863,0.07641452281835279,0.02749495765324435,0.19889496814677943,0.04216804165613272,0.11972842120772487,0.08457015212015577,0.11971828163191793,0.0023672838109737786,0.09359390772979924,3
0.1831966383776252,0.2014920833569018,0.2149893678288965,0.07190491995413618,0.1008745012855888,0.04167548862437637,0.016715649059954794,0.11981743848212999,0.0009090680950789696,0.048424844935311274,1
0.09701326741698654,0.10063573215823242,0.0566221294497778,0.044483019674398105,0.09392251455457064,0.3753717403005643,0.03761225718621849,0.10127675413962073,0.0006529537335071429,0.09240963138612396,5
0.045379505794859575,0.02639829388722846,0.01039763343637572,0.019088161356125177,0.03309610040105321,0.048625731640171733,0.028230525513145588,0.025770796899039165,0.7195880400781646,0.04342521099383712,8
0.11136651816150998,0.1921865511514774,0.14645778174015828,0.0504484038919762,0.09747627737318285,0.07604996036688941,0.04392890736720245,0.10520657698097341,0.0016222030839472107,0.17525681988268246,9
0.11844824421637638,0.35908165841025586,0.16435375745019032,0.031226040653885925,0.16349022872485325,0.017272182479753435,0.09173423202608029,0.03839426557922643,0.0007190136845919086,0.01528037677478605,1
0.030099218674233794,0.0502818805245222,0.009620102232045747,0.0004219352677788527,0.8949450825423639,0.0008346593139933686,0.0011957154806552473,0.008241249529406587,9.459083475469808e-05,0.004265565600245597,4
0.2689294276824928,0.13572062251510178,0.061114651284364545,0.04767910253850086,0.10469572515216141,0.09774543125256831,0.0331742885563715,0.16136926095089227,0.0019699469111496997,0.08760154315639655,1
0.019055684897620644,0.051005883307257235,0.4707708732875774,0.167613342007077,0.2064327474797209,0.002400958563593108,0.042263207781161584,0.034103923916809345,0.0009652455830446891,0.0053881331761386035,4
0.0846283122906425,0.04641753465687763,0.14034211813565975,0.1700408137783185,0.09844526299698107,0.13284381227676534,0.04873741007216597,0.110883453301756,0.0011501379365115075,0.1665111445543217,9
0.1844415460910131,0.0799412572073338,0.025842351194079998,0.05443747342702328,0.06935039544200042,0.3169875990788705,0.03261497815819659,0.07026492746558755,0.02985020228231494,0.13626926965358016,1
0.23877326806084098,0.060672610625155644,0.02961656426061124,0.05092576138275522,0.04350492039430526,0.22824529089298887,0.05877527669526655,0.09224341250471896,0.015719398575350024,0.18152349660800743,2
0.5161488421226419,0.012266901829177727,0.14264882286002709,0.0829803553716915,0.11011888848313768,0.016253196967371847,0.06182001596197491,0.03978275522136815,0.0005936480246586333,0.017386573157950412,0
0.07704308337240902,0.014511444098145776,0.136857735348246,0.015360407731667832,0.011537395036648511,0.010157102123353088,0.5722726639444953,0.14588741885676168,0.0011761910006233768,0.015196558487649354,2
0.038974451183419065,0.055540162226110114,0.05244480984510783,0.015767235297906454,0.08404865072255953,0.0063878116848829405,0.051585892888214954,0.022904821657173773,0.666241418503889,0.006104745990736508,8
0.11714333005001672,0.2597965210474463,0.09032309943490131,0.03743544981458613,0.08528264871593617,0.07360351924471796,0.04783284092870572,0.19002073317376958,0.0013066857465904907,0.09725517184332871,1
0.07298748926170737,0.021195274073745926,0.010575285184293409,0.0159194293924475,0.02710572853177517,0.06159717103413752,0.018697485948265237,0.02457748374014411,0.6959588157003582,0.05138583713312578,8
0.08300901056412895,0.03380973800494383,0.06989656050265115,0.03533753400252449,0.02456084586855095,0.0026183693637330916,0.7067370220424971,0.02709343618398113,0.001293374526046701,0.01564410894094279,6
0.3529069698409314,0.05322119042385925,0.03508460686611492,0.10094858064980157,0.11404492152302433,0.1097810703574085,0.06682365792114865,0.08393717163082659,0.0015155353119508555,0.08173629547493426,0
0.062437142855082596,0.23369313763162,0.12207278593655152,0.022820230782725156,0.08627847004681234,0.020204928314541157,0.24060923343076335,0.18170384089610014,0.0009924641060621601,0.029187765999742432,2
0.05290955250829084,0.1140067920660467,0.42227732129361417,0.04256595812714011,0.25696909977068594,0.0037306935644625086,0.09062612818958393,0.009489935420206467,0.0022930597710859855,0.005131459288883434,4
0.025206114856448244,0.019620503719866476,0.11224120500355775,0.5204145518413784,0.24969843992010654,0.005962929959991158,0.041398282834270946,0.01378584476974177,0.004985130063165698,0.006686997031473062,3
0.10116135509829166,0.035759440420815955,0.04282379863498098,0.06387435735848904,0.07513585353398003,0.2878917262285507,0.12344918547859937,0.12018863531309036,0.0024972935020216094,0.1472183544311802,5
0.1736359552661863,0.03280811349970296,0.019109990882861614,0.038423449296677695,0.03716494738340246,0.2974089383385338,0.019498568936576657,0.0557877392863195,0.15728976945828135,0.16887252765145783,5
0.012087515834637564,0.7573577086741249,0.032653374376793595,0.005410748287156753,0.1378920419784163,0.0008011752504677025,0.041613774004897054,0.009897952404908825,0.00029998704330260384,0.0019857221452948036,4
0.29151451182636406,0.04408996659394392,0.036946847124002535,0.052064558031225554,0.08504067312094993,0.21215531127092976,0.03795849935134521,0.08162078078668436,0.03472131959854675,0.12388753229600757,0
0.016637798377238954,0.00463395284068877,0.021678865205521515,0.0006851234746852717,0.004318256205363349,0.00036382764775315976,0.9467878607771879,0.0030391772738278624,2.944966525817505e-05,0.001825688532474817,6
0.15593592421384297,0.03838417808717549,0.101063816600487,0.06569833090551332,0.04731605786892084,0.010499009493497191,0.45999771694794206,0.10149439349311991,0.0006239498429865339,0.01898662254651518,6
0.021462411769272008,0.1295644992308818,0.6920996830201639,0.0017570668429051541,0.12294183601776336,0.0012356857531385579,0.016026099449040553,0.013470042581398809,0.0003558353655696718,0.0010868399698661627,2
0.19520943739497557,0.05062453079610492,0.032665734836858897,0.04656466560616203,0.0676142656957912,0.2716755713334092,0.02047777627869984,0.06782472696643263,0.09246820093931878,0.15487509015224712,4
0.0027819172100255725,0.009244456306825449,0.003226766430680111,0.00015136914422715522,0.006400396013723055,0.0010452095571284695,0.002228996994777366,0.0011098473258867338,0.9723808215103698,0.001430219506356422,8
0.1616751319746324,0.03344710740609909,0.01959987313467506,0.04012375651176099,0.04080466349336526,0.38322261505785493,0.022333320814889604,0.05064714678731171,0.05092727679289097,0.1972191080265202,0
0.06480716509414439,0.03348849791760848,0.014856262239259854,0.022318894650307553,0.06041486084614443,0.04355493409542545,0.030862422333934717,0.03646940884482208,0.6542492139887871,0.03897833998956542,8
0.0028006595190907244,0.005159271495652905,0.0030090389414457437,0.0009548503704792548,0.003766024151566677,0.0014738333486108404,0.004060490839443728,0.0017889941800418635,0.9755110205908215,0.001475816562846368,8
0.14461648028731583,0.08136380797328717,0.05210410732662956,0.2325010828516817,0.1158792389866099,0.09048040429920272,0.088935838724999,0.11976827400513769,0.0009686173512244344,0.07338214819391159,4
0.2948334973918854,0.1142990779318558,0.06330537814713522,0.04336401410111456,0.06362138980446995,0.13982802354238608,0.07605019693822924,0.10639352424231881,0.0010052625396212353,0.09729963536098346,0
0.3910796917329119,0.09143717904242973,0.04440602797747673,0.02561053812340558,0.19618471725440353,0.08567849372092949,0.029275823036224356,0.0676427524938103,0.007243206130723661,0.06144157048768454,4
0.1627595751294087,0.07218930570706152,0.07069887395008327,0.09690268302829223,0.1032847233747683,0.11854928341636889,0.032842304939464814,0.25183809603921925,0.0014198485549242513,0.08951530586040926,7
0.040351427016296945,0.017712636682046288,0.007211450297858877,0.020955114006887616,0.02525549480913705,0.054179021328066714,0.016054968711832596,0.03349542668681722,0.7410708042720658,0.04371365618899087,8
0.006712948993948328,0.0061703555361336095,0.00827054799868873,0.0016545027501925,0.016193604355948722,0.001177117857910036,0.008213459138692873,0.005147022958751573,0.9449737628770126,0.0014866775327215978,8
0.20843176509746453,0.028726860127644596,0.11546834295631118,0.3065428960328645,0.16042012586369436,0.013619691660074651,0.03603117713294206,0.08365780611346298,0.0005833267436017896,0.04651800827193907,0
0.389805232379784,0.053426592704318286,0.04638619265296855,0.0652685933608453,0.03710226151220754,0.05174559061152237,0.0618132431012405,0.283212077191067,0.0005262845208902512,0.010713931965156364,0
0.0006637449374762508,0.00030978830699095454,0.9987363659095176,2.0236950083281955e-06,0.00010151523297333667,8.191835041472937e-07,0.00012762537403271233,4.321714453220698e-05,5.86275889804214e-07,1.4313940075198995e-05,2
0.20668605196649104,0.04695590745124098,0.05164531601957955,0.14215215242078608,0.13515840628807155,0.06631362535745823,0.17675582456413222,0.08892970903443384,0.0019282099540606455,0.08347479694374586,6
0.02231101662736518,0.0020114825308918333,0.9650206317893569,0.0005535992879254354,0.0013883850962669688,4.734161638259309e-05,0.005599860045090077,0.002969501328814501,3.9212950204531076e-05,5.896872770172107e-05,2
0.07699005286200002,0.182932902267965,0.5672522419519876,0.003916572625651896,0.027340507545023377,0.0058997309987027504,0.1105007330389536,0.012652087532595519,0.002000894246632336,0.01051427693048771,0
0.02325638598827511,0.009474090893656653,0.006783491041044465,0.008986767527571876,0.020861011025537102,0.01786353168503762,0.013544005275358284,0.01367224647518966,0.8737528380946792,0.011805631993649479,8
0.09880925048906318,0.08747970397811211,0.025997459269363758,0.034573404933267764,0.05645025164631449,0.22257158390126897,0.035708117078777614,0.1694878509652907,0.0030797164051110885,0.2658426613334305,7
0.11470457524908974,0.18197539563219114,0.10756837832662272,0.02109684603003453,0.10829023778348637,0.05215939022163395,0.04855076477765124,0.22107839644722851,0.0011418131732882407,0.14343420235877377,1
0.18498681901500846,0.05410533316486471,0.024809242362360266,0.08988047585367136,0.07988435227206941,0.2691818375971573,0.0206188157447726,0.07102360879721557,0.021296907437767888,0.1842126077551121,4
0.25772485859935773,0.054251578557422485,0.043660188279083995,0.11682480588807921,0.06487081754410758,0.17109390806096525,0.08403846201684026,0.15906466794899973,0.002932747907985538,0.04553796519715799,0
0.06891543487094544,0.02694334130344359,0.014767912191901069,0.02478407916729411,0.053144041350785445,0.06051215709963737,0.024316130293674482,0.03898750133041556,0.6539456970274438,0.03368370536445933,8
0.06282881255996015,0.03919671792380974,0.0310248596292811,0.5233247681348812,0.15660567974609138,0.0089608050359873,0.07571947345427613,0.050156035758175135,0.000737743370262034,0.05144510438727556,3
0.17868858337685264,0.06274187888812614,0.027070143863046327,0.058361310569751045,0.0684327807435033,0.250879669195856,0.03095772562768952,0.0825217440937554,0.022488399778875862,0.21785776386254346,0
0.08091325678534138,0.04028123913543168,0.09623665280608724,0.03850444040137302,0.06879934129069298,0.0398626025003984,0.02997414589374102,0.560736332868062,0.0005324745173742418,0.04415951380149846,7
0.24040783467081442,0.3342729677853591,0.08767437030821522,0.048508129340816615,0.09586917903004927,0.01822021499149232,0.04712066853714244,0.08387173237314248,0.0011033039983575194,0.04295159896461054,1
0.06581709814120848,0.33114736002083767,0.11565326179713308,0.006165826641816262,0.07978110609331414,0.13753327953556266,0.10531119153660817,0.05433312212038903,0.0006306623237904628,0.10362709178933996,1
0.2911986959385285,0.050701062345557456,0.04849932891107243,0.06441944423792771,0.1645383516645819,0.027965678964075213,0.16580029076511893,0.1563627572914487,0.0004686020704977711,0.030045787811190914,0
0.21758874254741217,0.03540212453852727,0.02231900925210788,0.04970450397951112,0.04835211490680992,0.25539893591811125,0.024659396941603684,0.06776861687956025,0.12271352418876152,0.15609303084759524,0
0.02197398448815914,0.01700674036690315,0.8921011396514831,0.006408070987199047,0.03484100747908078,0.0007690366381204336,0.005819072720072477,0.017890465598769886,0.0003373386192947785,0.00285314345091708,3
0.07717808785841891,0.06936429278024973,0.3089122024601391,0.12550718117440252,0.05067411710223539,0.012782772145202305,0.22751159565114223,0.09848625188040207,0.000429094110130026,0.029154404837677998,6
0.3554551337902658,0.14552121289523168,0.3790883948396866,0.005489683761647104,0.041339372562314125,0.0034123014782844385,0.04487226511663827,0.017925195053062302,0.0029864277586230917,0.003910012744246461,0
0.20013810966001633,0.06042147378733097,0.04268158935176229,0.07758068946456051,0.12048574150913012,0.15509158170643028,0.05007914303135674,0.1555919797301027,0.007803932701702071,0.13012575905760804,0
0.2871545052801273,0.07378622637328756,0.036043702773888076,0.04925114427951897,0.11468731370991955,0.1378479258252049,0.0684634550166738,0.07274116631583741,0.0005814989225698553,0.15944306150297283,0
0.47648310292422025,0.05309655130779776,0.12153147293856761,0.006643433614127005,0.08888900863332361,0.013498761200812063,0.0979687656885288,0.10806111899294228,0.00047974978067645574,0.033348034919004496,0
0.04650138501382602,0.03002608499239216,0.015792414993119997,0.012278382787149636,0.029776276050659255,0.03696931281433613,0.054576533509359815,0.023944490975906903,0.7228922355333677,0.027242883329883,8
0.14555805739371233,0.07533577846850052,0.0262623973034222,0.11839526380973246,0.08829618531967126,0.25259168062452886,0.029728592558298253,0.1345639896303995,0.017597326271884945,0.11167072861984974,3
0.11157092898241912,0.021419248567042613,0.4625255991550941,0.061511717313515304,0.05411447786941697,0.0036026222384702724,0.21120548861641242,0.05158837497403785,0.0014500193488320883,0.021011522934759663,2
0.007940753161936716,0.008646423717383337,0.006593511323589046,0.0034337720496774578,0.010995077250776862,0.006486421284493022,0.00894517149349215,0.005199267751980726,0.9365838200102514,0.005175781956419668,8
0.23603064895910125,0.10467285065480822,0.0877236361757026,0.049227773550894055,0.12509545420270854,0.06634021290639898,0.09228812747488747,0.18031371950949124,0.00044533955020296576,0.057862237015804535,4
0.3733058314630311,0.05843671488258762,0.04358450236308386,0.06632358674419866,0.10589876723097866,0.17685229861609106,0.036832067917861776,0.06548146825216802,0.014333058671945282,0.058951703858053726,0
0.15483801742057945,0.10757127850836962,0.18567057712426246,0.01643380851906376,0.18955686342437972,0.006784453149300963,0.2641239293308302,0.05646543115087589,0.0008815124329237685,0.017674128939413836,0
0.12745902114686616,0.038084902769162585,0.11432198347341134,0.07487506688481503,0.0859415252407745,0.3065066443929433,0.10363559852386238,0.07235489748073703,0.0017413552725808821,0.07507900481484686,5
0.18425492628110807,0.05253429606268542,0.10911436391705809,0.15581413375606876,0.06266303848959764,0.02879405931387186,0.07215673204826954,0.2786463706843001,0.00027365742049905237,0.0557484220265414,7
0.048983098089213264,0.29596698534402033,0.11362468738532658,0.04479460499913709,0.04314994545808846,0.055710604867317264,0.09938106433921114,0.15985334397291154,0.0007624123323052915,0.13777325321246864,9
5.4348806639637635e-06,0.0008733862476316476,0.0005056001880178089,1.487544573331602e-06,0.00016610083392465088,8.486904168052186e-06,0.00023547400891010695,3.148391249498053e-05,0.9981348287395589,3.7716740056675713e-05,8
0.026559033198948305,0.05211454047594798,0.014183742514183967,0.014151562539941811,0.025756561504891546,0.04560653565986106,0.02190203596097674,0.02556314585382923,0.6451754754376782,0.12898736685374132,8
0.18196833711910015,0.04705225920935826,0.02820261238206646,0.04099149230806059,0.06972292849553315,0.13883625043370282,0.03616582676045191,0.2953833974320349,0.008613680962330783,0.15306321489736088,7
0.24058873165816308,0.052566245865188925,0.039713824836433285,0.054084671921691405,0.05102126230784216,0.34278920642468014,0.047940632038294684,0.12720852514345962,0.0013785334995960014,0.042708366304651066,0
0.35661434920352725,0.06465927404870153,0.14866738015781722,0.026656843314890693,0.10272424063305417,0.06455612865643301,0.14112907138007347,0.06906313017170242,0.0006492528069096946,0.02528032962689033,2
0.09514573405317023,0.041234651993345084,0.5777294052498526,0.003867939932054847,0.022171806736028237,0.05231769930072517,0.09714546826570099,0.07917198301701778,0.0005057469274733403,0.030709564524632024,2
0.06483103459070133,0.21252997305254037,0.06225602740635891,0.020408214282028513,0.12416103106497187,0.09068474111026344,0.3244707271201459,0.05848307922483647,0.0014124140648549006,0.04076275808329822,5
0.0023830744299215595,0.0027767608001524084,0.0034765730708179042,0.00130772856055499,0.003370654628680005,0.002562649357895487,0.004688508539676123,0.002571889595354022,0.9741095015190628,0.002752659497884408,8
0.0989034653908907,0.034831740405021676,0.062306722336232294,0.3606492524594383,0.05028460218533937,0.11229881899076886,0.04494022001473212,0.12242078262533698,0.0010430256182489997,0.11232136997399042,3
0.00044404204111527575,0.9416166734964234,0.05718683629031917,2.6458790631896527e-05,0.0003423117083754327,1.4361802271500172e-06,0.0003423964947788784,3.6386600099085394e-05,1.9090016889857162e-07,3.267497860883655e-06,1
0.1264837051575357,0.07041102614585792,0.30168967425085635,0.022551719472178978,0.24599889489886112,0.058402898058752414,0.09045658414301704,0.0663115960290252,0.001679208805740905,0.016014693038173836,5
0.10198298528456634,0.3955407074702864,0.18085720474091582,0.023958280469185134,0.06322954311043594,0.08104482098244041,0.02037011983994608,0.016181940198234965,0.0014627823046136162,0.11537161559937575,1
0.0027399149040028543,0.9426685749510796,0.03688680591168138,0.00023704468895088847,0.0030209300517257892,0.0006199727278368278,0.00846270776797847,0.0008339254137627172,1.3848310816972224e-05,0.004516275272164412,1
0.2140088003239652,0.16449655478364278,0.06400836096998676,0.015759335952346583,0.27306855590579177,0.027805981360805285,0.0548016423173792,0.05910342297620937,0.0005963056410466771,0.1263510397688265,0
0.0010626326378153496,0.0006150585837023637,0.0032948975982142136,0.0003459057086724566,0.0017486539799489822,0.0005680390301770292,0.0013895729034764813,0.0009012641480884041,0.9891474871770682,0.0009264882328373474,8
0.01062229746151107,0.039145432536106015,0.05764003100951456,0.7902586220813064,0.022468762185133665,0.0016459890385005357,0.05337466571082594,0.009021816595168411,0.00014322462557411463,0.0156791587563595,3
0.23467666786768485,0.24972030842316822,0.053283385699008826,0.09555594758039698,0.14506543754112555,0.07866055700927296,0.04624514934514598,0.04921368602166918,0.0012120149397142508,0.046366845572813065,0
0.000759996268686652,0.973451784469791,0.0023228808995707888,0.00012296147293110445,0.015421970721642128,0.003144446862526004,0.003987674803836398,0.000374517071493305,1.9600419347132054e-05,0.00039416701017566864,5
0.17029316374488815,0.138073695835235,0.03947591284120756,0.019747912621787878,0.07778793075269169,0.10828929458218453,0.07316296378422008,0.2958709456322553,0.0010039975937621048,0.07629418261176867,7
0.32613065086835685,0.061582043101837916,0.2905235169650111,0.012736478262667201,0.011640424214983786,0.008024019893765584,0.2499089064480701,0.019361049506674322,0.0010188131003511726,0.019074097638281835,2
0.02813335987835168,0.8247709089280658,0.026823104071162965,0.003403371494259816,0.0362125658204043,0.005415020131477627,0.019115160865341978,0.0325114885393894,0.00039018651167624905,0.023224833759870143,1
0.07365753325365226,0.03231847735698451,0.03079953439787082,0.07509959028389844,0.037988483403048744,0.0495469487057054,0.5984570179878735,0.030338542585102695,0.0019590780913668377,0.06983479393449678,6
0.22777098292662243,0.04261041614824486,0.11337909399782466,0.08312783042644427,0.15185676347534277,0.0298343921709518,0.21008512761308934,0.0924185003604517,0.0004411243551053432,0.04847576852592302,6
0.03212288511357347,0.021418105111448822,0.016394563326107562,0.009272090056806629,0.030386241674846808,0.016521497141125677,0.08764313170592644,0.01679940021460524,0.7528701821859064,0.016571903469652597,8
0.15937288979216174,0.15340962277240766,0.06090195497869803,0.0934056961242435,0.026337308418431814,0.10346197769695907,0.05298974565460658,0.29041806838378154,0.0010923994814993408,0.05861033669721083,5
0.24582191263053585,0.0726142638961853,0.17895204270938184,0.076070330212757,0.058601569682808816,0.06563253508531024,0.05579112693924761,0.15303695080079174,0.00033107231721768573,0.09314819572576379,2
0.22931058281826436,0.47301796573578725,0.0408373477719338,0.030822360713475824,0.15144375142982244,0.0078079095367418645,0.03011659842558194,0.026982993762330737,0.00025573013217657434,0.009404759673885356,0
0.049217454759701,0.039385457953517077,0.8721729795687932,0.0011607765855641077,0.016557993354335852,0.0005311487238862589,0.012162932690900158,0.007464216398332546,0.0003199417810738123,0.0010270981838958386,2
0.15818718231440337,0.07721077290407151,0.0381071360953348,0.03422976105860629,0.526668065272333,0.0031694137331596847,0.027697242705324695,0.08776844697137072,0.0016126731901074931,0.04534930575528844,4
0.1214362654573201,0.6102763627494255,0.17956869573650802,0.004141825265826052,0.02127825571193111,0.004362456970480164,0.042430870484833016,0.009282998743658101,0.000718965532778033,0.00650330334723933,1
0.1710548699657967,0.18330088956825538,0.18757678166172298,0.20886302509541937,0.0629049810213736,0.013762310630139647,0.017808922272268265,0.09097139277289186,0.0015320811169665508,0.06222474589516568,0
0.12040824794386118,0.2813753638039399,0.1340784056908724,0.034442564458273046,0.06861853799802901,0.029079017646499394,0.2253341877332585,0.08412320559537939,0.0016109559909119183,0.020929513138975602,6
0.08930311729923067,0.028101386700193246,0.039154250087162897,0.04227921783643723,0.07434374449723806,0.04364600509811448,0.1170795120576345,0.05819759298566417,0.47097772387478615,0.036917449563538464,8
0.36026481877239813,0.07464502610190164,0.10369428828503519,0.038770039498977706,0.13311464213625276,0.100118767390506,0.04495935821869325,0.1007925750383726,0.0012772778789661122,0.04236320667889677,0
0.3080188968277348,0.049100130912711884,0.029477536827851127,0.049061598231091096,0.06324389841113974,0.22232770948322053,0.03481894795794879,0.08661821187325754,0.018104130451783208,0.1392289390232613,0
0.31052789627782895,0.12546321009716527,0.24295976631007135,0.07162270334392544,0.07131724610752578,0.03366215193711148,0.055537595918129554,0.058288115143520065,0.0006232829483851609,0.029998031916336734,0
0.017605341653522295,0.4405859296508225,0.3001660237884549,0.0033086121897628953,0.1874944661200275,0.0017323534639936617,0.03672946926190684,0.003326030054519839,0.000490108153987075,0.008561665663002713,4
8.134696438180793e-09,1.935812341852856e-08,0.9999763127494563,2.6874826053632576e-08,8.806690423936851e-07,1.7407326761137222e-08,2.0422492470260757e-05,2.277056075407862e-06,1.5425013891045764e-08,1.9832968834468043e-08,2
0.21326551682151657,0.07163028310268434,0.0284470572699715,0.10004491484184277,0.251510624111528,0.07568697273160985,0.032164324928583406,0.10653667194517,0.0013093688420252251,0.11940426540506806,4
0.07886073270507611,0.13104143343653374,0.12688144313122451,0.02423644597841573,0.11219077547701997,0.04992602795850667,0.1920557958928958,0.059652171384831684,0.0021927180464724892,0.2229624559890225,9
0.18371391460656383,0.12805055583011984,0.056467947668954424,0.06778471786639303,0.061515486542645444,0.02613973407893209,0.42365094981870366,0.042098802989436586,0.0003586200760131544,0.010219270522237612,2
0.20158278730402535,0.07014832056334258,0.16201406713572106,0.07466319672156423,0.130777005870341,0.08117152178923297,0.08448835576903399,0.11721579276936105,0.0004885191281601547,0.07745043294921765,2
0.1884658318940623,0.1265680119413099,0.2839799984869134,0.06701533163922418,0.06670395218310243,0.03723779490424342,0.10196572628630941,0.08031579780134297,0.0003032252210087224,0.04744432964248301,0
0.5106768918073962,0.04222602225892853,0.03908086780916236,0.07268396882735001,0.06160775479678283,0.053169339205994884,0.0686236493090694,0.10269723685775418,0.0027198740963226206,0.04651439503123921,0
0.13496371197187854,0.03816914928332408,0.021745495434668274,0.22040423660174366,0.04686945541862638,0.21864488223229891,0.05109716104681115,0.0674790003129525,0.0077233948401751245,0.1929035128575213,3
0.0770246544114882,0.07418430685348715,0.03689444651166506,0.08300962549332086,0.07602953146717566,0.11775657982424682,0.05483055604558633,0.12444890319764261,0.002822912844583221,0.3529984833508039,5
0.23721283997248577,0.15029366523067203,0.06435568193246873,0.18115330964287826,0.09675209684537961,0.04784046646769168,0.06697291344815495,0.10253897275173915,0.0053332169775441056,0.04754683673098506,1
0.16243721799863914,0.0958880830041985,0.07226079817459657,0.18471486922437122,0.03845427980237893,0.17751013558936798,0.030398409397733406,0.10545952757920718,0.0007089339345855154,0.13216774529492087,1
0.1934028862283518,0.06916353377607136,0.024306821577498527,0.06655584109713983,0.10488025969097473,0.2786444167999651,0.029439734732601232,0.07204824317617917,0.02300589287927049,0.1385523700419478,4
0.1841144349230281,0.05441889460471701,0.16263029371977228,0.022494148819573193,0.13052612630451182,0.02607849766836606,0.0797195949898732,0.2926802868242306,0.0006722876326777361,0.04666543451324922,7
0.034196716133181045,0.16073656895381175,0.026893452930300186,0.06459868691106968,0.5123143255538004,0.026101533779888456,0.07471492109685306,0.07868871746339968,0.0012566282763019486,0.020498448901394135,1
0.26149029329470364,0.08569406290300025,0.10196757774742729,0.06601254842515888,0.16332843842733763,0.059543009472791474,0.03353946999206723,0.09737518387815904,0.006372977107040367,0.1246764387523138,4
0.005250572681829292,0.008828237807390062,0.004575746108290185,0.0010866130015678168,0.011087082259918645,0.005107094263740569,0.004451970381386267,0.004557344386045569,0.9490865105624352,0.005968828547395726,8
0.14187062212215773,0.08696850111059609,0.03693569568157593,0.0673443042557854,0.050939215867972266,0.2709244383815283,0.05216448646976572,0.10512652198550901,0.003148665355456207,0.18457754876965338,5
0.2590722034593896,0.1347033911998691,0.07384218963258489,0.04987832809030458,0.06543686240068797,0.041247506588030294,0.0768324702545337,0.20910914579457268,0.0009676150831686165,0.08891028749685895,4
0.1865203696761748,0.02760582411435816,0.05562569248709311,0.01427176234323624,0.07489637610003823,0.018075986930402615,0.5027747171570787,0.10472254807867204,0.0008965748756674775,0.014610148237278455,6
0.32323815415655854,0.05788042265407918,0.05013235411457845,0.05334337188710249,0.11554675012147747,0.08741393140814835,0.05600685320504796,0.12374145787663232,0.05295319658945763,0.07974350798691716,0
0.09280879369519687,0.05444013884694732,0.20865304634537443,0.3802117574887824,0.05111349299802182,0.07544467185966254,0.02249962052673113,0.08933600854679541,0.0005025055325726997,0.024989964159916014,3
0.0035274383950917618,0.0041624983366646065,0.0025197618243207143,0.0011524146203655255,0.0033867016797372446,0.0029058103697521148,0.008056134338195515,0.0028977928779613427,0.968882536876704,0.002508910681207271,8
0.1536009865174464,0.03445458017378688,0.015800919951676047,0.0374637079794539,0.03802583708586736,0.3426452390807646,0.024411538001409175,0.06226528943920061,0.12334242601437301,0.16798947575602186,7
0.00026833600155251673,3.7326159357996364e-05,0.0018237174621506143,3.1183155622358915e-05,5.655003146824094e-05,2.101246411277146e-06,0.9976383640441951,0.00010431335613710692,8.065965375522037e-08,3.8027883451317155e-05,6
