0,1,2,3,4,5,6,7,8,9,Y
0.42044477363024146,0.11006664468290106,0.2414180184983916,0.08681033257421941,0.03134465174418423,0.00921394141379165,0.01978825103003752,0.007530284898767861,0.010860660231634192,0.06252244129583104,0
0.06577829716451192,0.028085438451689603,0.00999223991841363,0.01697804672520868,0.04873653984271345,0.006995411216015496,0.029949548645201416,0.0026791484605550612,0.7617335082191974,0.029071821356493183,8
0.0867546472205072,0.02260839222492045,0.05408482531756812,0.03098085904376076,0.11426088442510261,0.13438935654712833,0.2977241280197249,0.011059580296997188,0.1542254679619162,0.093911858942374,8
0.028219860593411205,0.8900297277277969,0.005542740513780886,0.013434434102365991,0.02360807332590378,0.0027421610206894527,0.014508001358087854,0.002682049070095985,0.013463472881330978,0.005769479406537638,1
0.20894394926635143,0.04583638937122031,0.09806626389208878,0.06371587615288657,0.09244163626209427,0.06527368499877546,0.2811297389840183,0.019834482302757302,0.0464621998012249,0.07829577896858278,6
0.08821317255596843,0.031247077937276185,0.03616400038594998,0.03809942323569465,0.19184326900057894,0.16840062462578426,0.21845939097984737,0.016065671530224368,0.09133805060732814,0.12016931914134787,1
0.009911456906593804,0.9391528956593322,0.002302319336967027,0.016823204588997057,0.013050530617781966,0.004621870025425968,0.00405717552225258,0.0004664528549426218,0.0015817281860778373,0.008032366301628983,1
0.15911445827737594,0.8122730712296914,0.0015464751039898652,0.0125891152649599,0.0022644520121725955,0.00036432645729891146,0.002948719270144487,0.00037275003710377825,0.004499674702033822,0.004026957645229142,1
0.07473229645291835,0.017202432740323816,0.02517213280353677,0.012495119752238363,0.14642653757206672,0.17476713559152837,0.44993735675858376,0.013888429006386184,0.03491881208109252,0.0504597472413253,6
0.06776042610283749,0.016350529743171263,0.03456544517986637,0.023181823427395068,0.07849364960847831,0.1467318451944264,0.44038661925452416,0.02148860316868496,0.05313874900581827,0.1179023093147974,3
0.8340875103454995,0.034938915262101716,0.018702760639206648,0.013920622191559573,0.024467362326501152,0.0023314831774385305,0.03184609931709853,0.0054391058798882895,0.006910217703752697,0.027355923156953278,0
0.044374775248007654,0.048222186360024864,0.1028583873931985,0.19248240184557844,0.06112765841769773,0.05482825968815709,0.011929126355241165,0.4193452246112581,0.012573500220967782,0.05225847985986802,7
0.04039780526604336,0.8539697432815707,0.017842698742271085,0.019985153251638677,0.03084927443229965,0.0024433902535488028,0.006646773997933292,0.007009070326181932,0.0061090192696534205,0.014747071178859265,1
0.3120817420767802,0.178580865803203,0.2753327094949325,0.030764669427614886,0.03645506687923352,0.033794066728706905,0.04476461962811676,0.0033974872873895863,0.025363997195978125,0.05946477547804443,2
0.24669547267498645,0.029509879610899976,0.09796336294557191,0.040011384155288175,0.08508524894401048,0.06994841278910822,0.21749837900286298,0.016630765679115627,0.034151058638654856,0.1625060355595016,0
0.10177402585589246,0.024807749508804558,0.05177336545254744,0.017191740758980698,0.04777962913625936,0.025467904770857887,0.12827206359917173,0.38813448264115064,0.05653350334755721,0.15826553492877773,7
0.06782512615629782,0.033648351679795775,0.5398629571784955,0.018779095074888997,0.03591739941641359,0.10551805248959602,0.07682641207280691,0.015809534878275706,0.008180270812573782,0.09763280024085624,2
0.015868899726928766,0.008937316521319013,0.9352258837021005,0.03667245758817702,0.0009968696211606614,9.403282409006871e-05,0.0007830226953310684,0.00014890377955797994,0.0003117478765311625,0.0009608656648036213,2
0.026605468436837493,0.007066516025529477,0.01442048873191291,0.015395002480306681,0.015596859813295404,0.06800264595626049,0.06822344606723242,0.746542274713941,0.014248381778779032,0.023898915995905608,7
0.14545808469422794,0.1775447363503433,0.03380425910888401,0.25212978836623423,0.24436678979335852,0.013582056131983681,0.048456913968849075,0.008768000868194216,0.03429930996826947,0.04159006074965578,8
0.7750467428669849,0.1363571797595359,0.01290686434020173,0.007745316849649709,0.011984885644384534,0.0035766964765081666,0.02286706877056976,0.0009990835436286176,0.0017227616368364438,0.026793400111700408,0
0.005886311017084381,0.07336236288070686,0.0030134446429712983,0.19227941239000337,0.03830456221533346,0.004236156869981933,0.00845982525832632,0.007208676838881791,0.6544864596409665,0.012762788245744361,8
0.04357945702720958,0.01806097316654472,0.8943028675244249,0.003030593822834936,0.015296241187088491,0.002641809678181863,0.007795045894292542,0.0008971675884469282,0.006515667184929578,0.007880176926046154,2
0.18290034382042678,0.7694620497943334,0.004519722427017661,0.015789629435183503,0.023578996589656547,0.0009959667270601367,0.0008090192654546125,0.00037725297395047107,0.0007140124437828744,0.0008530065231344686,0
0.2844325555577696,0.022127119211070113,0.2890162668454443,0.02005646996116627,0.03332170653275415,0.055200628243774384,0.151779386889307,0.013678135542612603,0.020508532137415554,0.10987919907868562,2
9.860394149910347e-11,1.1062201089598573e-10,0.9999967810787099,3.11275024377562e-06,2.0293490003907908e-08,1.8208882398481108e-08,1.1139827061088195e-08,2.5037631480407104e-08,1.2562473846460587e-08,1.8719515595731565e-08,2
0.2951269215824448,0.0701838259833297,0.019005686680748857,0.018791752488299486,0.16628467046205656,0.018423765259955694,0.23662693033600682,0.007474899471470895,0.08994470953634892,0.07813683819933755,6
0.13129296108445507,0.041298342169951215,0.03365996020739092,0.0628267448255857,0.3058578039507105,0.09591035082223086,0.1291266069003592,0.03320042049319476,0.10210291831973693,0.06472389122638465,8
0.5653306019351078,0.07006309607923392,0.0664647982050229,0.05912003268303995,0.05302817071975711,0.02660855628208521,0.03143798340352268,0.035457212668113934,0.011173135996003683,0.08131641202811364,0
0.2110036196036122,0.20238651812766936,0.09355018994216077,0.037668033936782856,0.2422269713718185,0.07877607034138434,0.07373084880723671,0.003410502794671605,0.013179302282943822,0.04406794279171987,0
0.0693529014791809,0.013653652316111447,0.04671269437357294,0.02789797261125368,0.08240373139746156,0.6195915523801895,0.09902034177200415,0.006562526849293454,0.010878933188117716,0.023925693632814854,5
0.5375888430959787,0.038219028615860205,0.03275970478803426,0.041476582913366235,0.17841894118275708,0.0073313725864732485,0.05894373636454476,0.003568873918027991,0.017986927059950763,0.08370598947500714,0
0.7682647321473817,0.20661756923905691,0.006718527943642674,0.012629239383050082,0.0026461713541031714,0.0005547569039025842,0.0017286776717198684,0.00013561092435153936,0.00020049678020438145,0.0005042176525868093,0
0.17035578603633067,0.07440115504685953,0.10018998911907734,0.19692042162484666,0.06920018069877161,0.03771838474441797,0.23208973463065566,0.00453987976437367,0.01525364817136454,0.09933082016330236,6
0.07580438276073347,0.014334350339338824,0.04502062253910533,0.01637868211443949,0.08516069378173179,0.14102397129540237,0.5002107489286534,0.014538253781131187,0.035898377894289055,0.07162991656517553,2
0.09388892787784958,0.022459354751065877,0.26410601754478713,0.018019539694027698,0.07225914352871231,0.22248556947480827,0.22595759716042013,0.009061979781185494,0.0164538106947129,0.05530805949243031,2
0.06513548649158658,0.01912171739223925,0.05348390560352486,0.03464948955206401,0.10188885650694973,0.1341166181583858,0.3282955070036177,0.02001815677293932,0.14944881392695636,0.09384144859173621,8
0.00382287276372922,0.9724109948196058,0.0012545805755537459,0.003944464338640101,0.014845435078390012,0.00017265759584131322,0.002011762807530805,0.0001472707124631641,0.0011576983984563324,0.00023226290978929187,1
0.03535049565015799,0.026160349528778465,0.007680070334176181,0.19583876756866203,0.04674482235512058,0.002535762424765353,0.007101571108120679,0.010213158242047275,0.6458250578580348,0.022549944930136318,8
0.08070550946725719,0.21220804750718497,0.037061518093821376,0.09037718936712291,0.13111431054450481,0.30642558929622815,0.011935140005842108,0.0074479685265363745,0.031465015600830315,0.0912597115906719,5
0.04021963191961533,0.8945897044356838,0.004282262433647978,0.005096208773105511,0.029508856559481433,0.00303934934698123,0.010024415331837342,0.0006351886631956122,0.003939735874545418,0.008664646661906417,1
0.1325491708993276,0.03309674155746989,0.12112847826720036,0.04782355996354705,0.11062521412238215,0.1146715230688173,0.31960214596283776,0.02767885322869163,0.05153216436525336,0.04129214856447296,6
0.07655648817216726,0.10731887168276538,0.03638803453975003,0.25249557335592854,0.042543271169611985,0.00566826081297668,0.018049723309723754,0.022183555832383114,0.16818992744198222,0.27060629368271105,9
0.04601145747839565,0.08303715159643743,0.11393864820563081,0.01802759376153087,0.5843000043758825,0.05910051607752981,0.011564524534214306,0.008849433337486478,0.06044852129580718,0.014722149337084569,4
0.21559861509946196,0.05608392523682275,0.08740319263872261,0.07741429204925503,0.10392653776561622,0.09431478571625744,0.0602720860032412,0.009844007868722552,0.12995857430888236,0.16518398331301737,9
0.15685675925876208,0.028970518129905327,0.0068057975649297355,0.3050225372153478,0.3148038310931233,0.007033227318565643,0.05696909571698203,0.022447593348089028,0.043042719888459424,0.05804792046583533,4
0.24681306677154408,0.07974798450778449,0.022483469470498067,0.03535131764227766,0.15612022123069147,0.12140514676943275,0.13583957597739685,0.006909379303266014,0.10410233669939832,0.09122750162771077,0
0.20894029471912837,0.2619803387923879,0.034143420332355415,0.01634003996047121,0.21980237845754205,0.018197649630704422,0.11371471138523337,0.009674826607350565,0.056165970723490215,0.06104036939133615,8
0.328330974524102,0.09973340708162985,0.06055335201600384,0.13783502630985847,0.1039545790866942,0.030679377219854007,0.06950212615525396,0.005980558546748276,0.025339261786948314,0.13809133727290682,1
0.15506568032484289,0.0824952811965247,0.03903708519259861,0.0391096199497705,0.08632212677301562,0.05052516630630219,0.20729435098145257,0.016939114596580956,0.15066551276532295,0.17254606191358907,1
8.760634688680341e-07,0.9995868423872122,3.0351869561975303e-07,7.752501269558114e-07,0.00035857082957593264,7.603784669348782e-07,1.4658652912091425e-05,3.3082973409407253e-07,1.0525982358899899e-05,2.6356107448516975e-05,1
0.38823693951292937,0.06566300296650085,0.015337666390935424,0.012538318571027251,0.3167161103497845,0.016081872905036158,0.05993692882987733,0.015451261509425591,0.060698239650462796,0.04933965931402104,0
0.03717373728012327,0.036987121540722735,0.020160479374943144,0.024151597352254625,0.4868031274491791,0.18052687027681955,0.15826047792562833,0.017887311430505582,0.01774931983895488,0.020299957530868423,4
0.05580035100468828,0.004686168635187602,0.9319805240387501,0.0018205712489662042,0.0008876628891695342,0.0007345464820327528,0.0006320761387223828,0.0002849006794578408,0.0003078682339773522,0.002865330649048189,2
0.268438897220923,0.08063106757793391,0.04790719820119242,0.03752634198638854,0.1144170118814292,0.3730057842878354,0.019096300803173358,0.010728618829848382,0.009300530809461022,0.03894824840181526,5
0.0017823339992671216,0.4347380827189299,0.0026643078340986216,0.5388016689123638,0.013032728363649285,0.000416860674098121,0.0022338227536688924,0.0003165283601947548,0.0014929349771679236,0.004520731406561342,3
0.029945597501757154,0.009737083858734648,0.6416684765313823,0.010098228559102288,0.03147974655782473,0.16549482227051465,0.055293588720706145,0.010053117799648723,0.013597525590455616,0.03263181260987408,2
0.1493807653771138,0.08576178059218907,0.048808236881338916,0.33443409284133546,0.1196874567523891,0.05056962912823448,0.11213843843060253,0.0072841713187767505,0.05247596663431522,0.03945946204370506,8
0.28226365396918685,0.10482637555854171,0.030649965007534034,0.2601902594598244,0.16785653576662596,0.039393873424419155,0.021665342134637305,0.01580251326584093,0.015205940664348605,0.06214554074904109,5
0.08891364532024956,0.030760847696664755,0.131284089517995,0.033358579057335525,0.1788273440631712,0.13932898421719772,0.20040126847574075,0.049285489007691384,0.043468595453158884,0.10437115719079523,2
0.006186371362710352,0.002178758121994206,0.005805158792266495,0.01893864687350119,0.007460712454394695,0.004550189885456663,0.007073564220113095,0.901839759107935,0.006349578068117463,0.039617261113511174,7
0.028795500360237303,0.6493610963347887,0.027924257310746207,0.05894079901823841,0.10987326684693012,0.013421824232421808,0.08610590017632662,0.004475287115074301,0.008259173232079343,0.012842895373157333,6
0.014848539513928507,0.9594382774525101,0.0017480158003388296,0.005460252454177425,0.002338106990005576,0.00015633233706342786,0.0020507537168035542,0.0005512344648309451,0.0015746895071933205,0.01183379776314865,1
0.13205687219313084,0.05535338479227032,0.0291707676938636,0.039098360372934314,0.11362582684297404,0.04693791875805236,0.27486868730655356,0.01001089762439484,0.11667134531026918,0.18220593910555652,6
0.0700125939063553,0.3007460422329859,0.020409777059740376,0.13393124045831906,0.23089565011099913,0.014344845598589904,0.13157850750645886,0.004133760161747119,0.028249761286749824,0.06569782167805477,6
0.018463889129735133,0.06009157141811378,0.676307985841089,0.021671604997805766,0.04887581792327625,0.11488615880720911,0.0188162996533272,0.018401055851016097,0.005782552781309643,0.01670306359711885,2
0.4600736989627368,0.366974727601694,0.0037020580868738985,0.007873091415363378,0.14198741175872814,0.0003818857172354467,0.009035454135652488,0.000591413093675889,0.004890926255704487,0.004489332972335359,0
0.4344846894106509,0.0929546775252164,0.01561019543190481,0.04073169990138348,0.22259892404903794,0.010002344506744528,0.0287412486913557,0.0050086095395518865,0.061183472388197824,0.08868413855595662,0
0.07710651045502362,0.315847534455232,0.46026672829376253,0.04421079962239509,0.051221527641610455,0.003233834199225368,0.004517807513111314,0.019434265428763635,0.007246341927427596,0.01691465046344813,2
0.05267956521483881,0.018421613083394798,0.03665765066915902,0.024421297292248293,0.07808659407275159,0.10620450139550233,0.2823603853708569,0.09144735778997705,0.0858578810012323,0.22386315411003901,7
0.11548851201955626,0.08768891069649902,0.04327080954392238,0.05552329847421596,0.1316013248893222,0.06389756236427853,0.08378907368110268,0.00516970723020844,0.0178482973825351,0.39572250371835915,9
0.12670054026533667,0.10991188576511689,0.03593778288378422,0.024546915015238868,0.3294024543588477,0.0746953320991262,0.1951987824210635,0.003748351930734676,0.015099072853650126,0.08475888240710118,4
0.022616923698179678,0.01140742072934747,0.8671349103887664,0.00572847011555623,0.027684312554487157,0.01881789924682448,0.01543958239469822,0.002056815932140225,0.005856590786438961,0.023257074153561298,2
0.024070777839882897,0.07566076170336117,0.007126320149453423,0.07913522397218312,0.24054636667212176,0.038175357308260154,0.03268168080898767,0.020784589166816306,0.4263968601170531,0.05542206226188063,8
0.06426402075629392,0.02932539752135906,0.026607502252133573,0.03507938452745147,0.027532417155363777,0.006065502422029537,0.016051969264444393,0.004119648638814886,0.7376693191065687,0.05328483835554047,8
0.006457861425746226,0.031143239133941326,0.0008787638935637005,0.9261548278540781,0.0143813655839129,0.0007138825510149923,0.008759819659465692,0.0001898290796937098,0.009436277947142795,0.0018841328714405063,3
0.0819219270959535,0.036638418412957466,0.3310555997992086,0.03871488271943895,0.13663545061887522,0.14894269113008254,0.06735247267798736,0.009475961595017962,0.043020334146428356,0.10624226180404976,9
0.028308070472106685,0.014193646462376338,0.0011909029902037011,0.02626258523204735,0.9127031320833648,0.002056621476924069,0.0022914481291559704,0.0012544383477403752,0.0005658280096675633,0.011173326796413044,4
0.2723024752330167,0.23383567240550598,0.01261916330473169,0.4516537948007347,0.0062882326545673365,0.0011492690631416552,0.004868256921553781,0.0026358894488697363,0.0024775539922408073,0.01216969217563803,0
0.08000717012000544,0.030080329580042177,0.03648900458778688,0.02766660705196207,0.2588678196075695,0.1179002853608114,0.2754337929734005,0.012709641251189044,0.04809650856540898,0.11274884090182419,6
0.10896408178110581,0.012894122668986093,0.026575921400930312,0.018405196204485635,0.04594437374874965,0.07720335601952946,0.12007356812757662,0.4183684377002451,0.020047464995929756,0.15152347735246116,7
0.16884767220770922,0.03811982137565721,0.10074911503259812,0.058635855576831215,0.013403290182013737,0.606103915404029,0.00584775531934608,0.0021987633950804734,0.002958381843167207,0.0031354296635676873,5
0.005100613350554539,0.00225115483235533,0.0027377018166390016,0.9846898899483356,0.0018786857894997515,0.00031333868618017624,0.00020062129146435862,0.00014433580268672895,0.0015962797895019457,0.0010873786927824702,3
0.14489595034215766,0.29305442457890285,0.010551261033341466,0.031078408058863187,0.5018611100751482,0.0019856178464927286,0.007176508351773301,0.0022329286275689568,0.004358829188876673,0.002804961896875398,4
0.527358821909942,0.09028176026186444,0.018097443872269876,0.03811362989837698,0.2257993975700437,0.011733590418712497,0.019854383272903686,0.012877140988333839,0.009668501410007701,0.04621533039754506,0
0.5557222165170325,0.04131817976832131,0.017654828312638204,0.007644473727773885,0.12971229544109605,0.17134632881471826,0.023234477588954628,0.0037645883164942715,0.016604167822089358,0.032998443690881736,5
0.6394348494702505,0.028523398877800827,0.10268092315474102,0.009436149594830036,0.041776344186567844,0.09955062996091783,0.032181499023803746,0.003936257820582671,0.0041746683874590565,0.03830527952304646,0
0.6425057489243075,0.02600923454664782,0.0675667667925692,0.034997134728276966,0.04020096122167946,0.012499588653349988,0.017879704215655733,0.003934695102277307,0.0076601599137928,0.14674600590144332,9
0.07808072321924332,0.015905504092154275,0.03031220816748027,0.01745340643565212,0.08746797119519849,0.1313015345369938,0.5148145901580065,0.013743840223279792,0.03957918276155639,0.07134103921043598,6
0.13050641229464613,0.02461267754242026,0.0653664365671897,0.06255790569154099,0.14169780999492843,0.08847905605809459,0.18867074356812633,0.007020872236738255,0.11071558293145549,0.18037250311485983,3
0.12825915247640055,0.11247675881030632,0.0033813333075928174,0.7017718801674566,0.03245628055520837,0.00986887287644934,0.0020334837941360043,0.0009322045676331188,0.001401225326695506,0.007418808118121799,0
0.3339858893037017,0.028060775619549075,0.08769420351975632,0.11764200097241037,0.1408535430294022,0.05560452315934705,0.06896333151484968,0.0052388262642499355,0.023215673015123506,0.13874123360161,9
0.04206072209248283,0.08516243127172211,0.005219037746165726,0.052080675556006185,0.045309130241342525,0.0066614157393733485,0.024298943666201635,0.0026652901641010156,0.6750254915521152,0.061516861970489195,8
0.0972544306084697,0.5030169105661138,0.006373787554690788,0.03745105980949473,0.2149046312591899,0.01667242473981465,0.015906163659451456,0.017712616165868406,0.012787946877116858,0.07792002875978982,1
0.10725130785147335,0.01900954924551396,0.04177172117045919,0.014920178869806577,0.07382391791782233,0.4963580780243025,0.17043942361933678,0.007235443361442796,0.028515730074516354,0.04067464986532591,5
0.075606195997119,0.015864375612626217,0.03493956174533048,0.016142811226078177,0.09003322356339759,0.12555272579749382,0.5212502317923472,0.013396973555065821,0.04343527805178965,0.06377862265875167,4
0.011546083492663667,0.015994084253192254,0.002090618326544674,0.8806350719781233,0.022989138211244754,0.001136055013203273,0.0031600963767658046,0.0010020313735602552,0.02979023897815914,0.03165658199654285,3
1.4192723326402543e-07,0.9998710617951969,7.377625839225421e-07,2.432514231861705e-07,1.238340103218169e-05,2.0849727847923794e-05,4.744881319241428e-05,5.23548578890785e-07,3.5652969635134194e-06,4.304447594761852e-05,1
0.14546875242926302,0.05354581044102947,0.013059674590795982,0.0406205049122496,0.6011803352418247,0.02785264670558739,0.031882213632903646,0.004887892546457515,0.024158500663292053,0.05734366883659609,4
0.17171501038684134,0.025669079412387174,0.06155516600966878,0.03310070946891602,0.18520761520106147,0.06788426021565729,0.20637185753688458,0.021035804163292843,0.10634235291596343,0.12111814468932688,4
0.08202843050282195,0.03342766075405055,0.2023308341690342,0.02659533642346919,0.024642392168566875,0.5830732166288005,0.023406490025590473,0.007685939566445839,0.003626224526675628,0.013183475234544686,5
0.08059748454177096,0.01801289431463291,0.10354386479092026,0.015266854809959481,0.09304478939678988,0.15962540557489258,0.42250775834840487,0.01245825839971498,0.029971749309817372,0.0649709405130969,2
0.18465031594937728,0.1069478258109867,0.562640220433451,0.02710091048433463,0.03690283912010587,0.018156049595663918,0.019451328937459253,0.003431710581520864,0.0034578883189137094,0.03726091076818605,2
0.0005287635085578747,0.9950236406858214,2.7520626496736028e-05,0.0006410752143090587,0.0032037909995590095,2.4385147538964455e-05,0.00020405581261403677,0.00014477148155005393,3.005400645054563e-05,0.00017194251710210277,1
0.10429245379174394,0.07742844492207004,0.04958392033079219,0.013258043301289931,0.18037323051766704,0.1215597825319509,0.38064876212966436,0.006123590725530226,0.021064814114207103,0.04566695763508439,0
0.11049118742127627,0.5615691632641777,0.04825232366151727,0.03225045508534231,0.05912377412675805,0.03244980207214041,0.04102274749679814,0.006449015624794125,0.041810132081797964,0.06658139916539801,1
0.22475512308794734,0.03791184419573404,0.04297553672099735,0.05882244867341634,0.09075297948910166,0.1660037216425969,0.08724699541623997,0.015335701028704522,0.1560647766598615,0.12013087308540023,5
0.013407185877096032,0.04079379597868386,0.001395444755514526,0.8149234082956971,0.051409208867938906,0.0024460488099814865,0.00576877548906093,0.0010726166350776875,0.0192065845007722,0.04957693079017682,9
0.9321279351721072,0.023869898901710315,0.0057035536884952115,0.025963484871861467,0.0019788454826351522,0.0004830457497388888,0.003603224894036717,0.0004936242330291601,0.002517960475434,0.0032584265309518056,0
0.07155082551173447,0.9041597147166781,0.001275881309970178,0.005422779730880381,0.012714305801943908,0.00033934389752779875,0.0031273902537727414,0.00019662658293556067,0.00031667300553455416,0.0008964591890222237,0
0.006501799258930514,0.00453165894544236,0.0032501070712415976,0.02996610386032311,0.01230112077594352,0.0023317731568658507,0.010012222795931183,0.005030243160842879,0.9138966535077265,0.012178317466752995,8
0.17040315402054101,0.38915261194575096,0.06768288443070748,0.04249240111294824,0.07352907908283442,0.013796693291854501,0.05611695384308859,0.013807398998990788,0.05260723159049713,0.12041159168278663,1
0.16141785679896978,0.1929521937848695,0.026991127497617017,0.07028704828466427,0.11751728781905497,0.12080506673646593,0.1477663870528074,0.007944810933824119,0.035878714863645085,0.11843950622808129,1
0.35910102687713547,0.055131980122620765,0.0982044836847698,0.025002014980781594,0.04631616351592621,0.018533758601588787,0.047814681457540496,0.011847993805890794,0.05274830997299526,0.2852995869807509,9
0.2518664827445211,0.22896532258694646,0.04873454114421202,0.01703689464371449,0.09592795335112535,0.33985706622808015,0.005202440582358622,0.002551390897973773,0.0021836363974855975,0.00767427142358255,5
3.943257026406951e-06,0.9981311378301021,7.117478237300605e-06,1.6345435939269692e-05,0.0016702833329687574,1.630518931374647e-05,4.994072725160252e-05,6.0073115996009116e-05,2.42284306950482e-06,4.2430790095175576e-05,1
7.41809690170767e-09,1.4374498781985588e-08,6.76949187990951e-09,0.9999575708707217,2.141719390539035e-06,1.401441540973858e-06,7.293178776286935e-06,8.281704622629855e-08,1.9690359980834685e-05,1.1791050455793824e-05,3
0.9935296870415885,0.006439926748015113,1.2254740481756451e-07,2.8637982714640864e-05,6.136047519366098e-08,5.691130030192597e-07,1.2368185598570615e-08,7.116329285006186e-07,2.0623823876713629e-07,6.496744589454884e-08,0
0.9504181018397805,0.035415725457521974,0.008151206433971278,0.0034399791658799774,0.0004983256524334232,0.0007556438799877816,0.00044423776986728385,6.211810154345542e-05,2.239062884777075e-05,0.0007922710701666194,0
0.9423609786762042,0.021917169089431587,0.005039712152914865,0.002122224864545005,0.01424207059714704,0.0009632886409869932,0.004860687570388868,0.000868822673866033,0.00314523865223467,0.004479807082280462,0
0.3749135862763607,0.04392296683938714,0.02717775364319591,0.03531038792675757,0.10558735915322878,0.03437087125624968,0.09815608023885265,0.0405527393996355,0.034455447762396556,0.2055528075039356,0
0.9656521747106614,0.02492302759193935,9.500215731229383e-05,0.006866117419720215,0.0011012971452097078,1.49419602398801e-05,9.754989497136458e-05,2.650986318290493e-05,5.7702943913158116e-05,0.001165676312850003,0
0.05392779585723771,0.020642635866291777,0.01695573186319061,0.12199315140974501,0.05318602443766852,0.011778499884220762,0.05165432996121386,0.02402373586982946,0.5955148942816262,0.0503232005689761,8
0.041057466633556305,0.011210266235403594,0.03976538678076379,0.03385395836256063,0.047911684524390284,0.03499984902906178,0.07288830870584248,0.5500913601164533,0.03307341878183034,0.13514830083013726,7
0.12440483911028877,0.14349836425344634,0.008078726150716621,0.6995178867815355,0.011595647450335589,0.0010823466795619001,0.0013406984777757961,0.0012027601555397783,0.004530144603546932,0.004748586337253324,3
0.007330100966150407,0.004400247164674504,0.012437524958806031,0.02029097345691241,0.005441492959360118,0.010138594878232871,0.013246451353505636,0.9127970621161015,0.0026509128048485854,0.01126663934140785,7
0.9036801909578137,0.012056287177237402,0.011526033193182175,0.00827741923169711,0.00764839170693744,0.010862007787605592,0.003926390712424774,0.002370135727636391,0.01155412666311497,0.02809901684235113,0
0.0003822261318523137,0.0007751838041306481,0.0003452807873456787,0.0008494506041453792,0.00021298067988249184,0.00013034733860064812,0.00039308872213611907,0.9956302867350432,0.0003985359545838696,0.0008826192422793914,7
0.23127528885482243,0.06712080906463373,0.07240145933453071,0.021941508127820142,0.1111442028093832,0.13734786581313066,0.16180726317901722,0.03168827340453406,0.03815141019724667,0.1271219192148808,0
0.010706639401963355,0.006681759841020619,0.0138281445265412,0.01302728151556933,0.008424921170733237,0.008761245033361228,0.006282976316433312,0.9051143503499991,0.006798127216892799,0.020374554627485754,7
0.21864228071116235,0.06358914387421116,0.02539267512130267,0.03791873635896668,0.1087523840525966,0.04758980591793382,0.21647167660149638,0.07433495698353453,0.024788739246150385,0.18251960113264526,0
0.5608304499896379,0.10043914221343525,0.1064799497221658,0.05783369734885816,0.05406263405830132,0.021693512609951227,0.018614058660537072,0.006086912273455156,0.035270774995781795,0.03868886812787687,0
0.2835446072182895,0.05404628984698721,0.02996150151737811,0.15709851067289124,0.07818898726629005,0.03215618697410422,0.18027845866785966,0.004384205566939154,0.10969990881423783,0.07064134345502324,3
0.04390263728082361,0.021782008734869733,0.013056311099081858,0.769690407744136,0.031880534122914556,0.007976098545312468,0.023624842480274952,0.0064324825615430835,0.01595436721054555,0.06570031022049792,3
0.007331249207819788,0.0875734653071508,0.0031183247648591986,0.17540876029606903,0.007939563027383162,0.0011610336675332916,0.0012928397426739807,0.7074103815046313,0.002442926878852332,0.006321455603027174,7
0.2098683054599129,0.032498121888838036,0.04691649098828058,0.044054801142944966,0.04620488448367205,0.5164846158704638,0.026443265040716642,0.01241745321613404,0.027827516112924222,0.0372845457961131,5
0.08948331331206931,0.08309469491010041,0.07276937912429593,0.03534604828636437,0.43974889853826754,0.09309218556525126,0.07697853952699574,0.011324200452428147,0.027088923544162195,0.07107381674006573,4
0.07954923680576535,0.020698741290029746,0.4082663115325037,0.027121256245022447,0.10632863831738312,0.13511544680283302,0.05693408982416243,0.04567368752458683,0.019450347991065885,0.10086224366664698,2
0.1254734951129273,0.04582875294869077,0.03809613460311703,0.08658332213822573,0.19033239187342235,0.03260480098513022,0.16053919344324455,0.005421994851112501,0.23713611188990674,0.07798380215422289,8
0.016735022902296334,0.6830496443524089,0.04764356288127942,0.035168946157913834,0.1980479214480483,0.005119627920916296,0.002559162359640708,0.005751450477178398,0.002311693154029403,0.003612968346288533,1
0.05867986785667315,0.01619388058324698,0.035623535312553974,0.01707519849302178,0.06722088756059484,0.12822251238455884,0.5689644313021668,0.009828627566175184,0.036029215618103516,0.06216184332290498,6
0.0037632420094581096,0.06010805802121679,0.0008317494841416958,0.9263538772491281,0.0030220071499679987,0.0003543004458332332,0.0012148214330252505,0.0002736882911687107,0.000848973545503549,0.003229282370556754,3
0.16242626002678406,0.2010082877535353,0.020005182400112717,0.2999603387024484,0.11606548495965191,0.01946611815229413,0.08764098667387629,0.007763215854405567,0.05618743924143693,0.029476686235454897,4
0.25490326755855974,0.02750964456840752,0.024179139294410998,0.015279792860806106,0.15870046481962827,0.04395107929881913,0.14351797700329685,0.007560920809900274,0.12432969925096679,0.2000680145352048,8
0.11690048339701625,0.05460639861951326,0.052264356116598895,0.04417026634608343,0.10012792374057428,0.07438048711569153,0.4124883220619793,0.012618711770751374,0.04638046731170959,0.08606258352008188,6
0.07711292080619857,0.014617458231189118,0.0348554369473408,0.016165444231527163,0.08276925707350119,0.14119171480777812,0.5142270440868664,0.013303567922548014,0.03680066837413876,0.06895648751891206,0
0.02972172614701918,0.009251164373294114,0.014402985228912054,0.007653824678864244,0.02743851102886261,0.045729889767477355,0.016300237198043577,0.8151998937349196,0.0066279779755124965,0.027673789867095035,7
0.07896723351529729,0.045380155642945105,0.058608601746692184,0.2855622442783801,0.0541483996297373,0.020589649499474505,0.06060468556542773,0.2789476542973712,0.03212802891344619,0.08506334691122908,7
0.0677082362108157,0.236192414816742,0.010832438265016757,0.05648239537470641,0.5524522726392276,0.0052574212300795925,0.0050592548492155495,0.013118487676667377,0.01690299998244467,0.03599407895508431,4
0.7737091602332368,0.055443343692194696,0.026122806913197804,0.03407235408230231,0.036883036432575414,0.004774864799382442,0.022194981645166367,0.0016581823317463101,0.007550493828524199,0.03759077604167338,0
0.22796066230755893,0.04936306912075369,0.10751331568367518,0.09633250718050841,0.05649985193974949,0.04243767548061876,0.09744890326092008,0.011627683855929351,0.05051841230511987,0.26029791886516646,0
0.06500051510054065,0.013705545482288391,0.03139394990381379,0.01540302859265586,0.0781156040383868,0.14992944332233282,0.5360501083805704,0.013177957002461178,0.03347684871895882,0.06374699945799098,5
0.12775829439104677,0.13590074057647253,0.022422127027605186,0.031032923658913567,0.12613817588157858,0.021985099580023922,0.14766927259566917,0.03210250624132669,0.18224825103221545,0.17274260901514812,6
0.011854236259705834,0.9582719428409582,0.001642108331665432,0.005206094272234441,0.012073572972528727,0.0008511555892978733,0.004627128830120532,0.0011515552600602733,0.0007669435351886119,0.003555262108240963,1
0.07211351673092228,0.037606113064573135,0.04617547278362943,0.1462339806214761,0.09940228062041687,0.07873653635214695,0.25075359412361997,0.00795722705005512,0.079939610495927,0.18108166815723267,3
0.016202264098549628,0.019156987849927108,0.018945655742845256,0.09314378234917547,0.004408892708988809,0.0033486333544720803,0.0053688021318455455,0.8107250713863545,0.005159220759715441,0.023540689618126148,7
0.05243512159106048,0.022060194138169585,0.7646350471587579,0.007370617707210718,0.015443432799866302,0.024236072094323158,0.05104316119430541,0.024986852426124653,0.004959955112940644,0.03282954577724048,2
0.2607362280387851,0.6578650404614774,0.006121561679519712,0.015302473427080377,0.03623821368104469,0.000800995291743044,0.0016099615505401027,0.00040985719120040394,0.00047314346278879793,0.020442525215820122,0
0.10986124245823345,0.03995072377992761,0.04020034310555062,0.059886626004874086,0.4138309164167588,0.09053484341855328,0.0382526985816706,0.020030857251382296,0.12642837672731497,0.061023372255734745,4
0.2157719310422129,0.03128535631616635,0.02448866299680305,0.012280079878106328,0.3315684405712881,0.0347364503712094,0.14590525328906626,0.017572862419809706,0.06864538384243099,0.11774557927290699,4
0.16042836743991762,0.06243435457512564,0.03344170468297276,0.11508555415704635,0.2865773735503861,0.035944182191599866,0.02868185900184058,0.0052194257601153645,0.17397001490018352,0.09821716374081209,4
0.07350601062004111,0.016363627155740395,0.032709110657171525,0.01910753274257894,0.09278820235189761,0.14211383620199786,0.4587231750924077,0.012162849999206162,0.060166491516764384,0.09235916366219406,3
0.12923712022738637,0.11030055345892206,0.013680053155500761,0.1936573167960268,0.1344050037015434,0.29965871856727183,0.026901149505601896,0.018710523587794493,0.03689725145463483,0.036552309545317616,5
0.21124489541230854,0.18376249108127676,0.028456751551447303,0.0825977152064,0.3024393419777635,0.13935599377246355,0.00561197513933229,0.0044655689204750725,0.01036669328970931,0.03169857364882442,5
0.2051066595937924,0.1208730241202214,0.017244203657722133,0.07264028765181511,0.21697086812476873,0.02533351602954028,0.024246245436377975,0.05450428811877324,0.12810006468918825,0.1349808425778008,9
0.1534145353236891,0.3273278488519069,0.02909971817059412,0.16305672922022224,0.1818885201948469,0.0141748794677139,0.0326551407525192,0.010402692851209375,0.017766932674163693,0.07021300249313467,1
0.012293412366026796,0.013964274359823762,0.008108086023357958,0.0230790295342764,0.01830280686492496,0.008430908058808364,0.016643351980028722,0.8487653831321601,0.01728808048498169,0.03312466719561126,7
0.08026714439535731,0.08473389753200189,0.007790543205873313,0.054436799203279145,0.011391934025306872,0.7256754647223095,0.014684527362285309,0.014781263719043657,0.0035437161427636778,0.002694709691779391,5
0.09571804200959894,0.014552419917223999,0.026127633666928635,0.020102543943181433,0.08357448705128435,0.18354949940660095,0.4182194342193123,0.011065832639956035,0.04614474109605526,0.10094536604985753,0
0.036452738610491246,0.023256312114010125,0.6745374428454135,0.012602997534575389,0.04462233079663901,0.06894468929372911,0.043732945921452195,0.012034468557501513,0.028525595003425316,0.05529047932276256,2
0.03961541611238985,0.8458125196018781,0.01200724862920446,0.022977435947920007,0.044710692031735104,0.005005930706968101,0.009965029698942779,0.0022540973054646727,0.004932726464402157,0.012718903501095148,1
0.046531954941116054,0.04984318741858311,0.14967031698004243,0.13438059062582722,0.16847906579995756,0.07543435002395245,0.15619851587251038,0.010137125022168625,0.12220087788323146,0.08712401543261065,4
0.07186843276240898,0.023065740592803873,0.11553357699813495,0.023565633758932784,0.12146425684462889,0.26362634058292717,0.28203972690494816,0.015332514383850077,0.0233983979945273,0.06010537917683883,5
0.11672452176671118,0.10928387306269229,0.0344034604979358,0.07045442199065165,0.13412181750649171,0.048310185314906814,0.29155905557299355,0.014978895987878126,0.024191333047531644,0.15597243525220725,6
0.013327942651551957,0.027430871808906385,0.009264402523277607,0.012118539837471135,0.8652441292635022,0.0148748066644399,0.05182809295668897,0.0014284718857130328,0.0008213110157658211,0.003661431392683242,6
0.0009282622059404329,0.8753636729750474,0.00031666358839722245,0.0020653205409740887,0.00051339995706932,7.188373845732678e-06,0.00037207737465094943,0.12033899557618614,1.8165726920027772e-05,7.625368096864218e-05,7
0.1796540347600666,0.27066665475449003,0.0737831365875827,0.12757667012101864,0.13057873283893195,0.02882139037524515,0.05215697844799178,0.006037947007541796,0.03421016588629588,0.09651428922083591,1
0.06589083334245552,0.015255340716273262,0.029509660385347213,0.020572802952189113,0.08477982560717884,0.13996931528140724,0.46965401122164213,0.015082310498372694,0.06540043453115911,0.09388546546397482,3
0.27562538812334475,0.0649766242259204,0.12219865210416334,0.05221502623743661,0.09692255103818292,0.03216631851164385,0.02899044814115073,0.012932761429630148,0.00869241426603633,0.3052798159224912,9
0.07720818394833279,0.025147947780176434,0.02372738963004411,0.08390372922001496,0.06661397862596229,0.5737930594149688,0.04332810896276053,0.014605232619142837,0.045990487172398495,0.04568188262619822,5
0.0010197590499232626,0.9980595410483791,2.6535900111470696e-05,0.0002032152778351819,2.8208117994459562e-05,3.91075131023003e-06,9.100974841052684e-05,1.8002722011203017e-05,5.468354527074214e-05,0.0004951338387539229,1
0.07690364949435817,0.01937652920193508,0.06398071803438889,0.019257308990825717,0.12450270337958275,0.14178669728592816,0.4155857044269713,0.021714341758011426,0.04515283881209302,0.07173950861590613,6
0.07159721544638427,0.11761508641878662,0.03654611317510661,0.021316090878624627,0.5533637973427611,0.05052694724620629,0.05162407801736089,0.004315723388662307,0.018724006234093385,0.07437094185201441,1
0.4853864293475511,0.0793577723541941,0.056085471260241174,0.025562191631784508,0.10847859828282388,0.021604566958028225,0.04491138252913761,0.05374690082146585,0.06301014665481465,0.06185654015995898,0
0.014002692309406702,0.007449699615383781,0.9483486886132796,0.027007640009474122,0.0007710006425891327,0.0002364039983577871,0.00036329756721780604,0.000323414237170819,0.000618328516928601,0.0008788344901917591,2
0.3207326802202603,0.05301773346113278,0.023284627282166542,0.05073117307904355,0.17000510967603735,0.01880090359602471,0.06214571637219998,0.011883592202995164,0.1016316195658175,0.18776684454432252,9
0.0005735802712827717,0.002826733722398864,0.0009226437781717583,0.0012943824294456823,0.00042505201250137416,0.0001738246143028307,0.0001478796179738346,0.993169140087312,0.00020073693531420697,0.00026602653129549457,7
0.18686631273031137,0.03326063191140615,0.049369913778050785,0.03628857405974445,0.056850893154546,0.030781276319544543,0.1423381395640015,0.007262498718604427,0.23501552778840848,0.2219662319753829,8
0.04491085929944259,0.01359175586384749,0.924397510055243,0.007725374243295516,0.002571103472094327,0.0015331937459031803,0.001393735134143481,0.00024895217090846597,0.0010091341489574012,0.002618381866164905,2
0.9854048886074427,0.013248896580562166,8.82531352477455e-06,5.758679370092336e-06,0.00016959184774786393,0.0011049843630815913,4.75496497497083e-05,3.3756924889274223e-06,2.2355717186048704e-06,3.893694313739883e-06,0
0.13729551633601444,0.08072417358379512,0.04386864520135883,0.2181378182262245,0.18653930292145018,0.021829509924868054,0.09319841305619682,0.011601156628741211,0.07197021500554146,0.13483524911580907,9
0.24111734430681298,0.031328651866949775,0.01870894391827423,0.028974176736923065,0.10467781623590056,0.24729550702517997,0.028284067885385077,0.007936721733949862,0.25363046241076054,0.03804630787986441,5
