0,1,2,3,4,5,6,7,8,9,Y
0.0010273856208137943,0.0008844923996303397,0.0014836056277836437,0.00949674613727094,0.10304377793509707,0.0410720189122331,0.6104910543716243,0.0977021245214447,0.11686687381809982,0.017931920656002447,6
0.00036665370433942385,0.0003241070279646333,0.05880209083053203,0.005170005294324926,0.16770065141401025,0.03699204629449448,0.2905469273286382,0.4283225023889788,0.011102093890962592,0.000672921825754719,6
0.11862340165047282,0.7318921755322219,0.01712532758492385,0.035917756685753394,0.012924918923772611,0.009158763512480822,0.04767776363296479,0.01262197564716773,0.008364318812048424,0.005693598018193808,1
0.00229291061238718,0.0020225103671556916,0.017482534938202475,0.040545412917096804,0.3149486978510375,0.09858409143913319,0.1923276946105348,0.29277922098996395,0.0348081237663069,0.004208802508181784,7
2.4136537885145415e-06,2.1454442725638104e-06,0.0004805303705704236,0.0005202022789241615,0.0010950091225417798,0.0025746395083572626,1.8010843161830955e-05,0.7798333539832167,0.2154576903952599,1.60043999069402e-05,8
1.532801227344127e-14,1.2332224756338612e-14,2.0137410979163223e-14,2.522309646414995e-14,5.108218159197084e-14,9.497337398001449e-14,1.6313874235176177e-14,3.3238736566254556e-14,0.999999982677834,1.7321897534391304e-08,8
0.0027400221024588304,0.0019096657837178446,0.22753487321863233,0.16785771805591218,0.18012269712916706,0.20270381796539796,0.07145073576703005,0.09869472582885824,0.027315264451734673,0.019670479697091146,3
2.789140374998842e-06,2.477415835006917e-06,0.0014647448808505629,0.9798997400774009,0.015326706276813054,0.0019897313308796846,0.0007914605742698224,0.000483541758873293,1.0515726470558342e-05,2.829281823223706e-05,3
0.010744479062475765,0.9282804678399329,0.025292064753252595,0.007343776904827522,0.004932931124316478,0.0020178075094024403,0.005599729325235886,0.00562879917446226,0.001722031637866172,0.008437912668227434,1
0.9636078310091137,0.0032419874679704913,0.0031464976674136376,0.011601717846131591,0.004263198045085686,0.0018705565776608855,0.004871065651264969,0.0017209355938794652,0.0027969883297732237,0.002879221811707181,0
0.004718072403276834,0.004192452673687358,0.014953160355227008,0.09090961188630364,0.014618153628438152,0.20416308166899524,0.04751925167100066,0.5973086497640837,0.012097129143110846,0.009520436805876503,3
8.26677132685083e-07,7.348280175414187e-07,1.116021342469165e-05,7.33143923318218e-05,0.0017589072923007926,0.9969141213220402,0.0002314698261719435,0.000939430183383388,5.829654282959724e-05,1.1738722367171356e-05,5
0.04603518717577391,0.006688813436177844,0.017690091558007656,0.01977865945106873,0.17947582190181532,0.32347545412531176,0.27895172084392017,0.02665327028513414,0.08503677135407513,0.016214209868715395,5
0.0002308919999945093,0.00016578458883681095,0.01065509591356045,0.002649479964996379,0.20163547717441624,0.2664726333943046,0.4672044499318181,0.019420282087826757,0.004981655575171179,0.02658424936907504,6
6.301179946654278e-07,5.600979417873149e-07,1.8311050085744788e-06,1.319386759541869e-06,0.00019082617551442033,0.0022119754053087077,3.068325443731088e-07,0.9975922286892897,2.0607787574635426e-07,1.1611176232437608e-07,7
1.4625067889867913e-08,1.1666221004652684e-08,2.387588509647458e-08,4.764613249083424e-08,2.539017701244683e-08,9.146995017227791e-08,1.3171708542767556e-08,3.298860789670295e-08,0.9999561029954326,4.363617081733238e-05,8
4.0425664805290584e-10,3.1492739802089187e-10,0.9999547166815095,1.838105906883687e-06,3.600197976381319e-07,3.6824461008967254e-06,6.016554566805448e-06,3.138367213898272e-05,1.0200224017446618e-06,9.817783934883375e-07,2
0.0014177641785197998,0.0012541207139169885,0.0191282811937653,0.027109586964072598,0.41600779380618763,0.297901591350967,0.11438169945964903,0.07352389077624785,0.04528924765564275,0.003986023901030879,5
5.1953385001607655e-06,4.615658310226883e-06,0.0002286396601341899,0.986393116091601,0.005482201185749709,0.0029128242417945896,0.002157179478511077,0.0021134776074912365,5.025537900113765e-05,0.0006524953589059422,3
0.0003909170188306616,0.00031979110983945767,0.0009094484533517966,0.008821981848935576,0.24939029944855498,0.5557622601363154,0.131813094788142,0.007125100803358454,0.0367033653618358,0.008763741030835867,4
0.0003222952713377029,4.660249239567407e-05,0.9180356953057468,0.026396106137437442,0.028375845244457264,0.013091372755851028,0.0004957589567956757,0.003528757141096947,0.0025244085700117744,0.007183158124870353,5
0.9788828133879383,0.0022963539923731603,0.005530554065335675,0.003934079622457368,0.0025317413099179417,0.0005108746286369131,0.0014133930571469631,0.0017845393432608938,0.00031310178679688316,0.0028025488061351857,0
0.0005624792756761747,0.0005222266356795747,0.003658167569730806,0.019490970642117383,0.17217488275824835,0.11213694864052884,0.39986840231157267,0.28723163105285715,0.0009098045389506995,0.0034444865746388717,3
2.4322699833004022e-05,2.1396646760560303e-05,0.00010569412889593133,0.0008312665491999267,0.0023147336904665384,0.009777979745870743,0.020077512535356053,0.0012699898152764464,0.9655360648837958,4.103930454492229e-05,8
0.0006362175020952168,0.0005672189023869129,0.0043255043373135755,0.02434227291702289,0.37453771550985454,0.03715404497165846,0.056956031297266514,0.49750414235137796,0.0029717368157071234,0.001005115395316833,7
2.3579620208742324e-06,1.603706666048947e-06,0.0005490221601688582,0.0015278600639413535,0.02372840535165459,0.9701586706190118,0.0015915006983731692,0.00018145288264591555,0.002078100643702565,0.00018102591181483677,4
3.6122308413494416e-06,3.160702149687258e-06,0.0004473792285610972,0.0008863470893602912,0.03302385026874093,0.031153697202269938,0.0006694704623888987,0.00032501582501049623,0.00016155395006114056,0.9333259130406161,9
3.6916228999558027e-09,2.8647099705088176e-09,0.9998563462390444,2.8082808636102573e-05,8.375561987218289e-06,4.586713967016533e-05,2.33580219192835e-06,3.2588955218221763e-06,2.2519246910592288e-07,5.550180414624587e-05,2
0.0003659058890541611,0.00012345632092118265,0.0018221337967671242,0.005109163124268328,0.2801365711345772,0.03398096977318057,0.050694391117923746,0.009550433279823654,0.0011163619025314749,0.6171006136609529,9
6.306936385034366e-05,4.637837600586909e-05,0.002769468939338978,0.07615617678916961,0.014352312801090577,0.8626618875540678,0.03155816610307523,0.004077502767550171,0.008203751850573685,0.0001112854552778528,5
0.985213544920504,0.001477404452153542,0.001161769134649184,0.0056108969956822664,0.0006306599359577979,0.0005819398690694216,0.0011360419307988034,0.0013982440137281817,0.0011181856606999863,0.0016713130867563421,0
0.9966923218135784,2.505174092230664e-06,0.0021171692307510987,0.0004805887767270573,0.00010185696907604748,0.0002331580944277468,3.7057140437834614e-05,4.974867386303039e-05,8.019061249634656e-05,0.00020540351455006556,0
0.0011536126097557082,0.0014511849774501867,0.016553334790628007,0.011656962851390978,0.03468205282190517,0.011253573398339444,0.007938850416083058,0.0026373810680394814,0.00042263992654507844,0.912250407139863,9
0.0013377609308915768,0.0011882890034927288,0.004608174417206689,0.011078633773798318,0.5841246802335965,0.1795512290422748,0.023503011567503763,0.18566392678390584,0.006313905570055912,0.0026303886772734452,7
0.06973745774656114,0.8458286918877558,0.01917678830954945,0.014147820108797235,0.004053172086246429,0.003810139783030289,0.021650669522549425,0.003371047534080402,0.0036185177074623096,0.014605695313967047,1
0.00016081746151018134,0.00013902843936751383,0.0011322825670808416,0.02156689762943665,0.06439724684780672,0.8913575996787988,0.005869262593006258,0.0048929805345975744,0.009043953542483054,0.0014399307059128222,5
0.00038372472606908517,0.0003635371149224,0.0008047244859408462,0.019047193773530664,0.03877651415109407,0.06450185454182074,0.7541253953533403,0.09709801080960484,0.01392738066072893,0.01097166438294789,6
0.0007328766029052586,0.9000967121056472,0.026494260954925294,0.017241649293852322,0.0062998819047253764,0.002703567312583778,0.0006753536786141242,0.011108994119458319,0.00038157346333147157,0.0342651305639568,1
0.004515037790544392,0.9806905883007034,0.004929345295724745,0.0013701357477329918,0.0005556338601654023,0.0006999071070092095,0.00029161813231620205,0.002307929456369407,0.0032049120282877873,0.001434892281146779,1
2.7358746801260085e-05,2.512234359950566e-05,0.9601447533181326,0.0014700225264714967,0.005390330860723308,0.004725271438149524,0.010169632916002168,0.010526173822772038,0.006819727280570942,0.0007016067467773016,2
9.313111451313206e-05,8.080012637231792e-05,0.007448227867181409,0.007684745173536076,0.09627060042209959,0.051115419598761466,0.8041828484358572,0.030501776375216137,0.0022433488895051237,0.0003791019969576165,6
0.0016508986841555359,0.0013087883323808982,0.0780138197789043,0.3827690287452011,0.25587188917231657,0.060690646579782785,0.015966286503678092,0.10019710195743782,0.0016675555311774354,0.10186398471496506,3
1.3065215119804615e-06,9.675764394925065e-07,0.9979158124708669,1.3226194649109046e-05,0.0001111319481465623,0.0008608700065699678,7.656919487283795e-05,0.0003520767688542538,1.594123747788055e-05,0.0006520980806109801,2
3.5650017376269788e-09,0.999905050186561,4.773047306137315e-06,1.2272546057784753e-05,1.3795020010937755e-06,4.097532722988341e-05,1.5272337369813404e-07,1.1901689227022109e-05,1.53806130262415e-06,2.1953351938806573e-05,1
5.123572800690997e-09,0.9999096755358139,6.396122485757554e-06,7.266135780252189e-06,1.6072143948736847e-07,8.689042257905477e-06,4.579435736571579e-08,5.610031748296908e-05,1.0020715136837732e-05,1.6404916728822588e-06,1
0.0019155525556502232,0.0017482778243360958,0.005292702887094777,0.2578914119384394,0.03471874354106858,0.3761127293108139,0.2524113335732664,0.03893784358187398,0.00762174086624633,0.023349663921210493,5
0.9998847863173685,2.5744288536252805e-08,2.3046932799036783e-05,5.152051996363294e-05,2.9872381977497774e-06,4.843904139886769e-06,1.0728179164577693e-07,1.0427414643280034e-05,1.9010436466048078e-06,2.0353603161352088e-05,0
1.1322660239354764e-06,1.159653159736515e-06,9.636681770548979e-06,4.524259528460157e-06,4.200237231174341e-06,0.0030190921266562308,4.146989794654671e-07,9.615613766270465e-07,2.3273097348686657e-05,0.9969356054179253,9
0.00022982344081833825,0.00020421899599892663,0.0023869692771939914,0.0005361613221604747,0.7053158971851945,0.21989296586413085,0.01658084714525315,0.051678368287291575,0.0010980677165026605,0.002076680765455573,4
0.9771476411261816,0.00015739936513908768,0.008922102402167452,0.0009120825126848587,0.0008754944013863043,0.0015322930237173286,0.0006349237640132738,0.004505425615077223,0.0005768515622017732,0.004735786227431314,0
0.9907309119278449,0.0009123675616347893,0.0017925258212672518,0.001815834931272651,0.0004933323366823472,0.0003703987950407274,0.0006820067976525976,0.0016162067095124978,0.0004307769800148125,0.001155638139077181,0
0.9969168944853435,0.00022932395485151272,0.0001530245714470884,0.0006155814692062236,0.00019706739170369432,0.0001633319736043408,4.327019103481891e-05,0.0002641792987161966,0.0001407652572777527,0.0012765614068145801,0
0.004462343911772309,0.003802543229676199,0.0114003894555552,0.05062412531838463,0.30460497979371803,0.18891159606019545,0.2915742108259222,0.024538003287575213,0.059026206312100114,0.06105560180510115,4
0.7388164674234153,0.019741752325532477,0.01787484461030487,0.03389284271502849,0.03160712621301547,0.010532448358821493,0.08642968505358986,0.0346880890556993,0.02230510897330681,0.004111635271285672,0
0.968769955519361,0.002037778161968254,0.0023435556947523977,0.0015475350588202085,0.0013978121641222622,0.0005313340549511062,0.0010518849747334043,0.0034135472857279524,0.0010384193743570066,0.017868177711206384,0
0.005244986534764306,0.002014796143682055,0.010750664692326162,0.017480626003333822,0.057246055934982935,0.04352881544583837,0.6612541681056066,0.16377045912468532,0.035015641469306566,0.00369378654547357,5
0.0006022104958059862,0.0005345479570365928,0.0018350302290827453,0.09056119693348619,0.0686074988850836,0.07873950006385873,0.04149042617049847,0.7029176159910322,0.010104438603462532,0.004607534670652839,7
0.0016582428523836694,0.0010269155885493557,0.02995463187632778,0.0644371510148508,0.3110137153408477,0.17296707628539623,0.16560328024230625,0.05380595414668595,0.0037006493126924274,0.19583238333995998,9
7.208526103922298e-07,5.601104491452116e-07,0.9979957109476209,3.2168647457871905e-06,1.7355019625887064e-06,0.0018269388175872656,1.8822496300172932e-06,5.845361560261236e-05,9.659962257272382e-05,1.4181417218852271e-05,2
0.0012240660901121237,0.8710085270477202,0.01562614209559219,0.004838007664082135,0.002596513697917885,0.004767656336927371,0.0005360494925514671,0.0022821787249756387,0.002703776451955045,0.09441708239816594,1
0.18012934549116763,0.14525893453856126,0.42297973969179364,0.05995593520727616,0.027820714486988498,0.01458806506365119,0.07034424602838611,0.038898115485074714,0.025261365289530553,0.014763538717569748,2
0.00046611337318651076,0.00041367083146046324,0.0015047865214293367,0.008386844792832299,0.5267497958243829,0.21685201314478922,0.1837614108081581,0.05806531669834107,0.0022951742029941762,0.0015048738024263635,7
0.08267916836591667,0.8966038851449462,0.008118680051949956,0.0023233777019947533,0.001960402914720757,0.0006931461000592275,0.0015561650787025566,0.0024815890980421913,0.0007669068015817443,0.0028166787420859144,1
2.773570607752803e-05,2.030048709371073e-05,0.0017106313574139246,0.004221579209670137,0.01495057954773016,0.01196529208371116,0.761989230953424,0.20272346693299145,0.002345050616361594,4.613310552694538e-05,6
0.000556718704982851,0.0004105281657383041,0.010338941410838952,0.014863033770375195,0.0335238336194834,0.03404202127047663,0.34781962065131544,0.012161872547880972,0.002089725159662083,0.5441937046992467,9
0.004236592784184606,0.004397567832629068,0.0292880238955823,0.017908258727599193,0.23986764322479215,0.03756078201045208,0.6003243042902261,0.045173957710868004,0.004717093483047955,0.016525776040617963,4
0.045082767484305626,0.7629746635874234,0.022389479639744497,0.060756869014590376,0.019729567561536692,0.010807493057079249,0.013441940371485994,0.015499881668892327,0.03667098356517399,0.01264635404976803,1
0.00019468588326016038,0.0001716203432681482,0.0013389390539292152,0.0008914874561138029,0.5750776564190464,0.2626757630249837,0.11408368202263919,0.031758578442000404,0.012870770179541125,0.000936817175218432,4
1.595517640478436e-06,1.3529041279016658e-06,3.916579102349032e-06,5.297417035481233e-05,2.061099908030455e-05,9.916995458805159e-05,0.0013440662632472926,0.0002812988051382864,0.998193600081682,1.4147250384927336e-06,8
0.0005474883744331296,0.0004327928663428299,0.0032508792367433926,0.009495803313403972,0.07958239544022719,0.11277882737938194,0.21868156432563526,0.048952216809940115,0.5241697207188568,0.0021083115350354503,8
0.0009591305898362564,0.0008605678945109084,0.0022294586779154253,0.02083356918868912,0.13456129465956354,0.32792968908476533,0.49820145988039233,0.004221794816759031,0.0016925024957765392,0.008510532711791339,6
4.61183732912371e-06,4.486355873934266e-06,0.9925050062254401,0.001468873560666111,0.0004480137698496823,0.004044068108106252,5.6428150948636995e-05,0.0012995103251121256,9.892263245720737e-05,7.007903421694771e-05,2
0.00017285090287646944,0.00015362452858289175,0.0012867580250511598,0.009187685246157639,0.02790692354774628,0.9422075684931651,0.014513663719845091,0.004124309193441626,0.0001971437439318153,0.0002494725992018397,5
0.0014154334995145122,0.9780732921589345,0.004219404403113014,0.007220386887371282,0.0016023171881933017,0.001018771628639849,0.0025775325397024537,0.0011851939450268929,0.0008782974607869497,0.0018093702887182264,1
0.001499437221821826,0.0012600669920308255,0.0197427251692795,0.033716527873069696,0.168052257004755,0.39229426361476805,0.024556739885900934,0.006969721257821226,0.029917802354707375,0.3219904586258458,9
8.445535556517374e-05,7.345154581885806e-05,0.0012490027457776772,0.0008056397093232187,0.060555728434064114,0.8953284115965541,0.02374936305822334,0.011034864960660603,0.00045374616849734703,0.006665336425515354,5
0.0005858612122433275,0.9925355183743197,0.0009229086898336651,0.0014865856831032403,0.0005176728938011997,0.0003800784292238942,0.0005484559256377035,0.00038875854934758934,0.00025509561502140186,0.002379064627468523,1
2.327528718125856e-08,1.827797824291353e-08,3.707459730860506e-08,6.5396388761439e-08,6.01866030515654e-08,1.4851213001172436e-07,3.363681026303254e-08,8.401234650922873e-08,0.9999977008534376,1.8287744210885798e-06,8
0.0013141570000541022,0.0009751167544945546,0.19265450601568687,0.40580669473468584,0.02347650961272237,0.019141547944364047,0.04601601032012476,0.007332068858519273,0.03593625557750129,0.267347133181847,2
0.0006914171564671391,0.00036472596714050135,0.6679945345797521,0.05532186230697629,0.06993666037844622,0.13567122968503162,0.01298928528441909,0.03037953021094464,0.01939167508242418,0.007259079348398104,2
0.0011311022628596762,0.0009650740653024974,0.023227631055502733,0.08359454815063089,0.4874394045492111,0.022024180744296552,0.0955079525597829,0.117801065200882,0.01051305236180868,0.1577959890497235,3
0.00967394677032182,0.001444247593222451,0.03954532288126141,0.05738412199346876,0.6043379457884308,0.054958800849892665,0.191043378106031,0.01990577980742711,0.019033868550331824,0.0026725876596119095,4
0.9803546615232956,0.0008689241103384348,0.0071702450208673656,0.00461373256925407,0.0022242293484210614,0.0007213562355599972,0.0007706965840058075,0.0015749420224385247,0.0007542704624091983,0.0009469421234098892,0
0.9822895139647686,0.0015581627039641217,0.0008329585614336908,0.007664867513307471,0.0008386797553935302,0.0008132168940580745,0.000730284902287739,0.0013555048963647402,0.000663752853900311,0.003253057954521779,0
0.9970868207624651,1.8421832041918455e-06,0.00046119770964406773,0.00023928389093830606,0.00013559168920811678,0.00019977878926620354,6.002879182950839e-06,0.001661647027439487,9.949431437596658e-05,0.00010834075427544626,0
0.9748971455673682,6.032313274956253e-05,0.014894566103473962,0.002227554715543382,0.000598321287025064,0.0025713857035472997,2.114026311535857e-05,0.0042786574527004075,0.0001905868421292117,0.0002603189323472578,0
8.518793736784268e-06,6.430348653356959e-06,0.00627063338037388,0.0007603442535447378,0.0002032213375795315,0.001942408489150572,2.540553700776491e-05,0.00014993572840369697,6.427218444841731e-05,0.9905688299471013,9
0.0023027485466943242,0.9843103169426125,0.0013007171066257532,0.0035809826967330605,0.0007826332473103002,0.0008026102953849729,0.0012254822966261353,0.0016270787446143087,0.0003647423744768717,0.0037026877489217003,1
0.00356513603145094,0.003159060699048742,0.013803318418462237,0.02331100930436993,0.2001761954723045,0.4363523017411893,0.028685932773249836,0.25423324313809903,0.027551043377572665,0.009162759044252239,7
0.33962256554239373,0.0020276301838987702,0.5219149572439369,0.043645791722580235,0.025288263339417985,0.011384119543829747,0.007874518564267081,0.026178636545915825,0.013848858943926217,0.008214658369833412,0
0.010769685521573227,0.9125071387156485,0.013555180684721191,0.018640089042627983,0.006624448729940629,0.004702985197551165,0.012897077716870943,0.006368345146362554,0.006608273298769746,0.007326775945934147,1
7.66316366352583e-05,6.80917715859893e-05,0.0033232610658324043,0.00019506119474150432,0.03506743504278196,0.9387077241983138,0.015048923050969767,0.006066032623265577,0.0006789494974777946,0.0007678899183960064,4
1.096482316778145e-06,8.548841528202306e-07,2.8531040005787373e-06,0.9967143875556403,0.0014983548026476553,3.445777000139297e-05,0.00010174336056106239,0.0015018145053298782,3.6868448703552524e-05,0.00010756908664585865,3
6.212882119770008e-06,5.5202142026863065e-06,0.005999243530866464,0.0002374663887797214,0.8709004935714503,0.11314859138745849,0.003224132714965089,0.006266134994946927,0.0001595319361072423,5.267237910347359e-05,4
0.0005853127015216085,0.0005154623206526838,0.0018253712748198428,0.049295614542708144,0.2164868939893196,0.06582642800225182,0.6305446512873041,0.03223555980581646,0.0014389276244415816,0.0012457784511640119,6
0.0011547025818886454,0.001026991618904116,0.001445637789553014,0.03073648670624719,0.1055441587731856,0.10634776406691517,0.6574924418655095,0.0872986366280052,0.0054596948268330414,0.0034934851429582994,7
0.002572708715662799,0.00023889979637982422,0.6517166205102329,0.019165639676441047,0.020305175997859325,0.01672959695227865,0.0061032993421722675,0.2683834573238574,0.008871630287485935,0.00591297139763007,2
0.9843052155606266,0.002718184359570515,0.0010700128293711568,0.0024541349550508957,0.0014005601167882957,0.0003408638036933964,0.0020218374953409426,0.0010928144557407042,0.0009962829334108972,0.0036000934904061987,0
0.9951462640820034,0.00026509255241231525,0.0010077700249092115,0.0012400068997605262,0.000731179065812785,0.00016758729333464885,0.00023491956392883274,0.0001874090853941664,3.329431901804869e-05,0.0009864771134261245,0
3.8156232333706955e-08,3.0129405100641674e-08,9.654434620199984e-08,4.99140092144842e-08,1.4495914481513113e-07,2.3620560571937258e-07,4.08813939658307e-08,1.4746209536048907e-07,3.650866800946728e-08,0.9999991792390992,9
0.0001612195084100979,0.0001342755979226605,0.0004801378221857712,0.002873891529388705,0.42542080760526124,0.18122307490510903,0.11512282630007079,0.27361231650578904,0.00032072518747987207,0.0006507250383823978,4
0.9785812703842804,0.0022922444872371913,0.004130250022505691,0.0027101353768887904,0.0010656588218292092,0.0008752316660901579,0.002554807423914887,0.0033166629994488242,0.0007297369349350017,0.003744001882869287,0
0.0024392706111643872,0.9794845433791013,0.002464753964817452,0.008748485429470557,0.0004179547470009693,0.0007600223626050457,0.0006945942925073333,0.0033536558521262668,0.0008923209973124076,0.0007443983638945133,1
0.1270876671216181,0.02737476906991868,0.31137923165662046,0.379916912998366,0.06340751437731652,0.01586976969582947,0.024853772001951515,0.010636689538964805,0.021396471305934587,0.018077202233479965,3
1.1597567478674943e-12,1.335531414371328e-12,0.9999971282005563,2.8913455439418367e-08,2.3071468319104055e-08,2.2263540732149246e-06,1.3099868008262516e-08,5.119026443520398e-07,1.6803864116489436e-08,5.165157496074089e-08,2
1.832932963674083e-07,1.4088433944296598e-07,2.534756335151463e-07,0.9992525318513236,3.2836301449856446e-05,0.0001666166772020974,2.4890813866627305e-06,1.4148007409370137e-05,0.00048717544139580387,4.362498656369464e-05,3
0.0013297197612093593,0.0013741297414294946,0.005441762285802922,0.07688806879885984,0.1066337183492711,0.7533148996919942,0.017988854878960143,0.02971746738163039,0.005513408730416467,0.0017979703804266404,4
0.02773986723655101,0.862748068327065,0.009729039646925607,0.019654676840230926,0.01552468138574003,0.004696020937682067,0.021206522248755418,0.024174809613371328,0.0027863183973471073,0.011739995366331555,1
0.09613504260638431,0.08012745112843934,0.08723099413119592,0.12090367976745751,0.11181750292802731,0.04746234929179961,0.21450520420552532,0.1333871506231171,0.08099694093254547,0.027433684385507858,5
2.679072306026036e-06,0.9977417367899138,0.0007835627540689617,0.00011409094806002857,2.721887464685906e-05,0.00013828372905289694,2.8361257019693097e-05,0.00012172827503203882,6.954966241065875e-05,0.0009727886374888664,1
0.003951747956520102,0.0035122542526444126,0.007048694697357635,0.04158149180274443,0.15258100134044195,0.0913249823954179,0.18403959766192857,0.12840018032451975,0.1091506495838174,0.27840939998460723,6
0.0018620261498350325,0.0004385254841939338,0.01881987928522537,0.04893942279309765,0.06465993993405927,0.020498267205268345,0.7493576757066183,0.035365093097199436,0.0004792555321089366,0.059579914812393824,6
4.598840101524056e-05,3.8134873421221556e-05,0.0021612512778100973,0.5442090677914997,0.01951655383326147,0.4235746700631651,0.0005528305689579838,0.009582361224178326,0.00027318777159058736,4.595419510019999e-05,3
1.3743227452411443e-06,1.3224299163995814e-06,0.9921350524911624,0.0005791920068496984,0.000594355728620687,0.0044677211485331745,0.0005099611943018957,0.0006046499867287682,0.00048617987282010444,0.0006201908183222032,2
0.0010410223866935753,0.00017900861154941978,0.0041019621725749,0.002432762684505606,0.009991585082485587,0.0010196494499153431,0.000536065634655823,0.00020286903903675058,0.00029006274323533976,0.9802050121953477,9
0.10030339285985904,0.07347929939758845,0.10229060946745526,0.2557734976969215,0.1384396722641206,0.029552046687929392,0.1637574017924269,0.028763658313158694,0.013235828422207916,0.09440459309833214,7
0.001283448374706714,0.0011857555762818882,0.0029377150354475937,0.0066568360373405995,0.03595305527001219,0.03969182492370574,0.42881919913129685,0.43274522485960587,0.04715513506749979,0.0035718057241030635,7
0.9764946586716922,0.002683890414373564,0.0007495768507781648,0.006327629749564512,0.0015187591567465976,0.0007470168291264016,0.005985777777530422,0.002105060622724822,0.0007299711405027555,0.002657658786960596,0
2.756516236806999e-10,2.203240087178351e-10,3.523356269819783e-10,0.9999606579948958,8.551676028676167e-07,1.655365786807959e-05,1.3716575392427415e-07,2.1273612378745028e-05,2.499898767106334e-07,2.715633126672401e-07,3
0.9838731398977646,0.0012112918651128147,0.004339133442534746,0.0036916645089951935,0.0019104849508970899,0.0015150268624933784,0.0002899275356547963,0.0014281347169807115,0.000245154854620218,0.0014960413649457598,0
2.050068345837297e-07,1.9744619403213018e-07,0.9988007945515557,4.259553308426148e-06,2.8094211020404147e-06,2.2640840629035534e-06,4.561276728354312e-07,3.775806415962645e-05,0.001082561050494199,6.869469461538228e-05,2
0.04984554678369121,0.8471437302664346,0.015477035514861402,0.024628225978409964,0.00952702632159716,0.005536756652321444,0.012858837236607064,0.01273659392779116,0.007245688503237872,0.015000558815048408,1
0.00030680018420393317,0.0001991213712740917,0.0031908907732942178,0.0038728378456537125,0.21586897425851256,0.22713127341737901,0.5247958159342592,0.0064200916210166445,0.001179244644876638,0.017034949949529657,5
0.0012416188848739216,0.001001925251046018,0.01651291984583699,0.08302494426330587,0.45267417345402644,0.12018528101683876,0.1898356299577185,0.11607469398588584,0.0018909978501904113,0.017557815490277278,4
0.001215080958388859,0.0008214731190092779,0.06944184557857604,0.7479286624133297,0.06589667979649974,0.008736213412655307,0.02451091908023179,0.025469612276590708,0.01615184311225683,0.03982767025246196,3
0.9993792862689886,2.6387568408776634e-07,6.024352227784538e-05,0.0004377433267947076,1.7152192543844225e-05,4.618617766013679e-05,1.5101290891776658e-05,2.4857121547106733e-05,5.1957651574201775e-06,1.397045845466009e-05,0
0.00035994084897138413,0.0002173240078577482,0.003978815085280401,0.0029844710361523934,0.0034269333121687753,0.0048823982381367035,0.008700143545248003,0.0007251384652440638,0.002580998712866568,0.9721438367480741,9
0.001949756777121702,0.9786750934113089,0.004527027328888109,0.005153108274452795,0.00027763709417130423,0.0002612966488045037,0.00013514894893882663,0.001763621650319164,8.367964327000834e-05,0.007173630222725208,1
0.0008811095997750804,0.00038585333548632765,0.00022299908898352865,0.0012378947960133848,0.000855363222556399,0.0033933931416047377,0.002091821345777601,0.00199256385814422,0.00016226674619395883,0.9887767348654644,9
0.9944088669722063,0.0004888774523876851,0.0005352256991597977,0.0010136535107641985,0.0007264942806149428,0.00036607724711741445,0.0006994419031958576,0.0008795527534616516,0.00022401494514376317,0.0006577952359480429,0
0.1609254186516082,0.07949343655467099,0.09895014772993295,0.20351100946123749,0.16634146209572856,0.03175424954595884,0.113087531444169,0.03813436766258105,0.08759878724657877,0.02020358960753379,4
0.0006220091085472,0.0005306671376518806,0.023872262036759857,0.03646243870774097,0.13562886218230472,0.5516245541730338,0.20473916576975082,0.010292399861834545,0.02188183195768606,0.014345809064690665,6
0.00037144308240140433,0.00033074315218118995,0.027215517663163255,0.16319280253371854,0.12338345544615675,0.052124815167852015,0.32733989167934124,0.3004585580541534,0.0019145665206936429,0.0036682067003389477,6
0.0010608930838722803,0.0005458254451866085,0.04100928862754966,0.015937758973518307,0.19670427663246787,0.3863899232478867,0.22837491671600732,0.015496841680240504,0.0061599704620482225,0.10832030513122345,6
0.0018211356743671506,0.001588253421980402,0.13611577083190202,0.3387432500736533,0.05788354718228911,0.17777693237233017,0.12634943289114067,0.1351201916604245,0.014998117493138039,0.009603368398774726,5
0.9999576762207049,2.914497561163111e-08,2.1256148536815126e-05,1.2387733052851652e-06,3.134591938018281e-07,6.342343997458279e-07,1.584568987223494e-08,8.937775257718667e-06,2.4393593030998573e-08,9.874004343416513e-06,0
1.6789758744649587e-14,1.3312228125125797e-14,7.639344983239833e-14,3.033878131801744e-14,5.490962304030094e-14,8.676272715063498e-14,1.789385627361087e-14,3.5827012920458125e-14,1.69551243259691e-14,0.9999999999996508,9
0.004323479042179565,0.0038518868117257124,0.008932823224021455,0.02869171324089195,0.20129431285739655,0.24804427862820033,0.4409302280714991,0.031514555528321685,0.012952172133277515,0.019464550462485897,4
0.026328549110359575,0.04002662941730915,0.005559753785076441,0.029018257228468534,0.042165661208873,0.01253047871504417,0.7500365534275855,0.05681732818672734,0.019207116168011813,0.018309672752544772,6
0.99666002217911,2.2938734747352698e-05,0.0003416845041017675,0.0012384948594951525,0.00029599616701126916,0.00011165691945882715,3.4805033747121704e-05,0.0008169179502072363,0.00021425496675382642,0.0002632286853676507,0
0.0005502368691621764,0.0004045950384373935,0.35880246469369775,0.04031076063041426,0.19034832866529086,0.03585956585193876,0.3003884327693552,0.041878732667631445,0.00359813396170986,0.027858748852362166,2
0.9999611722505246,2.3411016786563403e-08,2.6728184045483068e-06,2.2438986781899893e-05,6.082717482459871e-07,4.958876042422875e-06,6.596709822254754e-08,2.4091116736214124e-06,3.1971942265544975e-06,2.4531124831208127e-06,0
0.0009470580778687072,0.000564259572056674,0.9617474653198537,0.004606674762076325,0.007069602836439941,0.0032590405031864386,0.004740962048957585,0.0031388358854827956,0.01218186856275787,0.0017442324313199458,2
7.017403557027025e-05,3.235161887051989e-05,0.00036731859673470613,0.002465970926838551,0.14668485320204788,0.8074112743350481,0.031098668586825362,0.005184136366243283,0.006064537494360126,0.0006207148374615313,5
0.0005107495915978532,0.0004693287226734565,0.010289471567583256,0.004496913203924033,0.06129182988254891,0.05799784207007226,0.074183890690078,0.22760441511352034,0.5613811279057488,0.0017744312522529056,8
0.0011846742677363974,0.0010371259671912627,0.0023706898185676503,0.011329023886561053,0.07038212672020513,0.018716250907758976,0.1689839838528082,0.7202315048258656,0.0019166037917297855,0.0038480159615753066,6
0.6336788996930943,0.00013101747529436548,0.2110200695321368,0.1326741647830207,0.0015358150361812638,0.002354841173859689,0.0007097133639543653,0.015274434265876293,0.0018002388998326223,0.0008208057767497407,0
0.0010060648950916975,0.9811454992036934,0.0067942735575447135,0.0027472826168162094,0.0018568647791485664,0.0004621142851361401,0.0002882782873122164,0.000601815551535845,0.000512389622667785,0.004585417201053881,1
0.20135752929982167,0.5832516630430806,0.01755543373761888,0.025893152800216375,0.020594433951995266,0.006219267526037535,0.10738724995614005,0.009476105843410763,0.01881557734288,0.009449586498799312,3
0.0027714847691422593,0.0024402513644894595,0.5145658901585103,0.009622147054468372,0.2578697827864513,0.143038240148734,0.008301032906348963,0.027435971064938284,0.004269320424029414,0.02968587932288823,4
0.00017215982001985897,7.313468312706888e-05,0.007083808337442433,0.8617353330514207,0.006180532248507221,0.004799927638718981,0.003868111738161396,0.005624733996643829,0.016292261633531337,0.09416999685242743,3
1.349877647904988e-06,9.61555256805544e-07,0.9939781301635803,0.0004656733313823511,0.0020213982680091593,0.0019334555121089119,0.0005860424001804711,0.0009211709988448712,1.6644182450102103e-05,7.517371053938095e-05,2
0.000622481457293198,0.0005450847145957877,0.001122579666371088,0.0016745094982550826,0.26902092071598827,0.36773877959801177,0.323811603497738,0.023960637668134915,0.005863884985208583,0.005639518198403155,6
9.487915002856574e-05,1.1074498167483379e-05,0.7675389825115725,0.20642852467473052,0.0014694212012505213,0.0035103855969817787,0.003967205034420073,0.014258210946773918,0.0005797062352279148,0.0021416101508467556,2
0.006717481791361229,0.9770183469948298,0.004747740636181334,0.003592784811508977,0.0013892046322614658,0.0009989003903700272,0.002586491317295465,0.001211118166444065,0.00037358753134447475,0.001364343728403311,1
3.952909656386183e-07,2.659392462251695e-07,0.9990669137935385,8.285012165791074e-05,1.601097474509927e-05,0.00031425376762654714,2.1109903291364783e-05,8.334302353097632e-06,0.00036937131118194703,0.00012049459539358861,2
0.0019482367626533438,0.0006865999546132569,0.00403556774269208,0.0312682784002497,0.271212043848642,0.346315548735798,0.2929348320987161,0.03250734801723213,0.01065348292590801,0.008438061513495148,4
0.0026852525246173786,0.979217990202082,0.0019227798535775195,0.011325429164642926,0.0011202165949218423,0.00025769509268359415,0.0008452768627081589,0.0007953149568905898,0.0003486136194176683,0.0014814311284582489,1
0.005765404733768052,0.005208673878128962,0.013261457456032993,0.020247028031743265,0.12148164992270036,0.4336101808343385,0.23653146731391136,0.14903193966966757,0.006828670191342888,0.008033527968365827,6
0.041711265961620385,0.010652483897627834,0.011179933028727804,0.6326013078972539,0.13374251833663275,0.023484689893542625,0.05577125704309405,0.032357019828489306,0.005057076091567891,0.05344244802144322,3
7.726428740263644e-05,6.866786312926915e-05,0.00011339253275998477,0.0006232325289076114,0.08946122324419956,0.23457221242605575,0.6613813225856934,0.012807161094883139,0.00013681848326389784,0.0007587049537050485,5
4.04008539040107e-05,1.465121385407796e-05,0.0005394753726256959,0.0004242453683676947,0.005852381113292352,0.009036268733963867,0.0052989475189034385,0.0037560960658708973,0.9746867360162031,0.00035079774301538606,8
0.0009003122937071747,0.9926321326673989,0.0022914224477293636,0.0018301469535561411,0.0004566707473686369,0.0006252931665167553,8.155228749813551e-05,0.0002803298630528153,0.00022855292150933816,0.0006735866516630082,1
0.000699493719378222,0.9915540277568582,0.0013516060990171695,0.0019381433988584337,0.00032905723072311667,0.00039406229801520077,0.0003548662169696057,0.0016508104616145935,0.0008483426116925939,0.0008795902068732819,1
0.9955318443473622,7.850782486591797e-06,0.0008221267466870995,0.0012546130057035367,3.3278507246690014e-05,0.00044120509139121563,1.450432020892092e-05,0.0016799221851677261,3.657326817447021e-05,0.00017808174557193507,0
0.0008785010330040167,0.000795833959471215,0.5752329200327196,0.2931427516241274,0.024658202667082702,0.017208596011883102,0.013331158346615558,0.0693611308221136,0.0020617143410927327,0.0033291911618900617,3
0.0010538159228640816,0.9902516043701577,0.0009554466404686437,0.0033677628573885766,0.000547522654211707,0.0004209167602462098,0.00041396391894667174,0.0017146150299581996,0.0003481045102633494,0.0009262473354949867,1
7.811322471713e-06,6.932799726216115e-06,0.00040024112532583453,0.0007156643778751523,0.0048850135662759355,0.011926127151111519,0.0004250341476172123,0.0021074752430743334,1.4415323479278435e-05,0.9795112849430432,9
0.0002238265073671359,0.00020364329303885578,0.0006180693753812294,0.0028052137087379394,0.06407682774573191,0.8715005861205786,0.011790522417041144,0.0012290483295497635,0.0470198240848459,0.0005324384177274986,5
0.0034145301822976946,0.969392193886117,0.0024986608808364188,0.00662592594595097,0.003538271767882061,0.0016104962979837081,0.008307146822500106,0.001201473802398695,0.0010605309464290107,0.002350769467604444,1
1.0983874880093236e-06,9.71468891132109e-07,0.0008107169929199221,0.9878962110623795,0.009039216957857695,0.00024092111897097468,7.385324541976186e-05,0.0012265867514389826,0.00029588224132600174,0.0004145417733078019,3
0.00044378331523555354,0.0003859164805405504,0.005389169999838796,0.028788215237585818,0.1331644895317835,0.050077836712807265,0.3538355978189569,0.4191469620431488,0.006566320989927343,0.002201707870174906,4
8.63042164317311e-05,9.14122894561601e-05,0.0008851326161717051,0.004893637952187386,0.19675704045969464,0.19932840174622218,0.5885835936128058,0.002656342628959537,0.00317205283366105,0.0035460816444098766,6
0.0007047744566677995,0.0006367754208088539,0.004546636145864706,0.012351876004255644,0.0460835345389674,0.12280902707316992,0.003267901693393242,0.023726560832445828,0.08756654400961719,0.6983063698248088,9
6.007985229481948e-09,4.766747573181154e-09,8.360095334985884e-09,8.468085097102232e-09,3.2960230029249046e-08,1.8270794176738737e-08,1.5342181612838522e-08,1.4941117393190996e-08,5.099354258420948e-09,0.9999998857834093,9
5.313587058622016e-05,4.680806603643487e-05,0.002337783202746553,0.9306447240767768,0.022658008097479466,0.011353227770881071,0.013694070438405832,0.012461780557614738,0.005725213983989512,0.0010252479354837046,3
0.0007995325333725985,0.0007098896658619471,0.01999749630856392,0.09473340912495715,0.4557167993127364,0.025887288962115583,0.25855317411765427,0.13743511184707727,0.005113853813514218,0.0010534443141467145,4
0.0004872738373247117,0.0004323012111991048,0.0023423231814936555,0.009390882100065152,0.06711218414711369,0.8534396489425139,0.044440982548930266,0.006076710125980947,0.0018872565666196337,0.01439043733875924,5
0.0004992698501591177,0.0004412328173122115,0.028239757173734975,0.11989372662170546,0.06808978347263979,0.02948841550849412,0.5427356779511853,0.20584206089110096,0.0008957615367541628,0.0038743141769137573,6
2.1960855533592708e-06,1.0894409541456886e-06,0.00011560953780347643,0.0010230686604828006,0.019528059040222052,0.9763443515248954,0.0012033022008295887,0.0013199849292614516,1.6173474301658027e-05,0.00044616510569640215,5
0.0011628243014198522,0.9932748615683553,0.000734075873492285,0.0010179297766332628,0.0006109206137534027,0.0003961363529140811,0.0005730834700821306,0.0005248960261030038,0.00011799691026398626,0.0015872751069827705,1
0.00871378970000181,0.9537321189229132,0.006845587092047452,0.014135559387647524,0.002994756325701925,0.0016609946497984302,0.004741543325775104,0.002265605070517041,0.0010552097875676262,0.0038548357380300403,1
0.00042468868886955796,0.00034996878405349377,0.007394265642016503,0.002416380743045914,0.261513400667099,0.07546382875592214,0.4710899140574676,0.1782610420638813,0.002259885304991797,0.0008266252926526077,6
1.560033581641356e-07,1.198239972956274e-07,4.0847743016501876e-07,0.9995969521670045,4.6936103630542196e-05,2.0146719680206918e-05,7.745048611334001e-06,8.336154639611967e-06,0.00031873611046277794,4.633911851700594e-07,3
0.028534462221270995,0.7216763263520489,0.0375245163544241,0.022518629919260413,0.04022492351613107,0.007309411844341197,0.10798173053602118,0.011952101997465901,0.009514372423630606,0.012763524835406324,1
0.0038815925343073806,0.0024934106699625908,0.03191677718649721,0.29420161718705184,0.1743739355689215,0.06660593254393607,0.21083701434110916,0.06692364850782642,0.12692543120546826,0.021840640254919313,8
