0,1,2,3,4,5,6,7,8,9,Y
2.512655260009168e-06,1.902621020954347e-06,0.005646454431248455,0.0003324249446946468,0.010308707174769218,0.00027489277791738,0.9774675340950605,0.002973543601656755,0.0027394031955689443,0.0002526245028033116,6
0.0004200151882891792,0.00037196606743187133,0.019184798822548272,0.08432788781521325,0.06189538956249343,0.0004898180207940954,0.03946898221899288,0.7806832736353971,0.009257719185043782,0.0039001494837963453,3
0.0006910502159035794,0.0008669929790206581,0.03476735399832987,0.023037606563527744,0.08540413694075069,0.005949179972188805,0.0501551654844912,0.7334460567532214,0.03903674547785003,0.02664571161471586,7
0.0002486268561314486,0.00027784385944270066,0.0786634740301882,0.013236465199670696,0.1255809222285983,0.0010669909101510319,0.7005147155223272,0.0012365414958521012,0.026201781410120858,0.05297263848751744,6
0.009051148211353489,0.004861069031655054,0.3403446089016785,0.33554900341053856,0.07312663886833505,0.014728451598538844,0.06270465339008534,0.0845313359056991,0.027084292103358245,0.04801879857875829,2
0.0025547916129407973,0.001714928128608017,0.21849969309937453,0.3740995212259557,0.2503733524338491,0.003501955798074397,0.008633338294762002,0.10750988560349764,0.010594330695381198,0.022518203107556853,3
0.0010686675457491914,0.0006110048544897795,0.2569335167017566,0.5077585290366187,0.1001813254426128,0.04542106487614121,0.017498954077385234,0.010343047059993931,0.029472332058672637,0.030711558346579907,4
0.0008350888872705108,0.0007139468103372732,0.2022207487007848,0.01793448669711431,0.4426645346812744,0.0206310594990869,0.03624959789355571,0.0694317219415454,0.1770800401073897,0.032238774781640875,4
0.003255905879457535,0.002498092103703888,0.06968112049443975,0.8144532966740131,0.013579778834074623,0.05904243426125319,0.005992132213271833,0.008250033249367733,0.00743318445548462,0.01581402183493369,3
6.809211476108936e-08,0.9998589899643096,2.588676834131757e-06,2.788549468443634e-07,1.4115179239743914e-07,5.055911660459558e-08,0.00012253291039689967,6.081887465813573e-06,6.337725041465239e-06,2.9301779816605095e-06,1
3.7764131000173536e-06,3.4058063289428346e-06,0.007448101095129629,0.00014303524512858406,0.021095232558756446,7.8222849811561e-05,0.9675684398426879,7.703619611080575e-06,0.0033351070740424375,0.0003169754954034642,6
0.04206245558179702,0.10384504705458605,0.09669857533942137,0.4269968879852074,0.10380992471884774,0.09302965282432961,0.006330634795074166,0.048762349970966755,0.030946269676799178,0.04751820205296992,3
0.002044600523403107,0.0015878445681254232,0.08360692761367709,0.3684480477466818,0.144795089465185,0.15596969207984168,0.04386128060442928,0.09776781870793153,0.06269055516219103,0.039228143528533516,3
0.005932160099191469,0.8090168747267245,0.03387087281974375,0.032263247561483445,0.020035161729365272,0.003305674555050895,0.0035120526408701576,0.011033911197802997,0.0076988813448862084,0.07333116332488102,1
0.0013856331775790255,0.001515890742047768,0.025890259121905658,0.009969139043118276,0.03786972106794186,0.633212439846956,0.02829053828134625,0.10657427281284315,0.12233887795152087,0.03295322795474119,5
0.0001099760179676104,7.256465609745942e-05,0.02236413950910985,0.015461187596830258,0.007124599650858865,0.00040920523172527324,0.03865055191593261,0.9078253843947334,0.0011818270754275484,0.006800563951316763,7
3.0012747335319154e-05,3.502757516021526e-05,0.026291064623761146,0.027497526797581436,0.08558171651114212,0.8038234960063055,0.006091983999906285,0.0030015988711993946,0.043040386410342184,0.00460718645726573,5
1.499619501144674e-08,0.9998235565997692,4.704255292221877e-05,9.803466949982837e-07,2.4228557706441325e-06,1.183901836880013e-07,2.467889840864251e-05,2.437542809333188e-05,7.143037179720542e-06,6.966689478243594e-05,1
6.037561674910566e-06,3.59987618164603e-06,0.0011466572878360845,0.001006432842436935,0.0007719105149009767,0.9688671645939618,0.001799750808828015,0.00046608694011598793,0.025539381384522997,0.00039297818954051516,5
0.9998638280770422,1.713160529666893e-07,9.748624678680513e-07,1.713498212483826e-07,1.2226035006555533e-06,5.580875657932292e-08,9.545160809606855e-05,2.1930085586440223e-05,6.208100195828173e-06,9.98618848006025e-06,0
0.0006773067096039383,0.8770647386933423,0.01827157419039234,0.012111290017828461,0.008061108096272739,0.0008372592750794806,0.015205261991821971,0.008283840785915396,0.021648938248120787,0.03783868199162274,1
0.006834986731095443,0.0057267088794129345,0.326753711344533,0.27926682884370596,0.17555482727728547,0.07814553142414984,0.012372849983896358,0.048921529892212906,0.03768055461300264,0.0287424710107056,3
3.227553881151678e-06,2.1395163248597934e-06,0.0014735783102157562,0.5220965484225905,0.005018359146893184,0.00027138170979224246,0.0009711469893418464,0.4688708864166961,0.0006332184421994197,0.0006595134920647469,3
1.0099602427560185e-06,0.999036849394773,2.6524899228502338e-05,0.00011696480387364227,0.00013668828587925255,7.388085475961663e-05,0.00012806610973374073,0.00023815984676517772,7.024662428993097e-05,0.0001716092204546068,1
0.0003133621416504071,0.0003421859769373518,0.1091889889404273,0.09249942007439678,0.3157646434239892,0.017847389425220732,0.10888877264338734,0.011511237656075226,0.1857993475506647,0.1578446521672508,3
0.0003763280386095737,0.0003400482930999292,0.12325478722901201,0.02886407858265724,0.3618599961997276,0.009526118958684519,0.1551229797072476,0.08125845528392556,0.2205990661672599,0.018798141539776027,4
0.00042365850462992936,0.0004763413321474989,0.618166370080271,0.2732530843771154,0.0037650809180060714,0.000543902761060518,0.0006361988354970154,0.0008488165845885055,0.0011189632251672346,0.100767583381517,9
0.0010013153326510719,0.0008905966987462024,0.10418897067488969,0.05859145938355552,0.0628623307567876,0.039907822505869016,0.28074465725836,0.024985746687886654,0.15341630148728608,0.2734107992139682,9
0.00039613767515179435,0.9816567441793851,0.0007690452005417652,0.002263188461281775,0.0013565190130404815,0.0001786619149928905,0.00316160922095832,0.005508167602516557,0.0014500519353853876,0.003259874796746056,1
0.0010683701796400386,0.0009933296878115007,0.014917246628648942,0.014807179031350969,0.011763085279643894,0.12935566511639934,0.35927924688353735,0.0014812536361479471,0.4620357950545594,0.004298828502260466,8
0.0021273960066257843,0.002068084438977786,0.1857110294031579,0.0618387233124647,0.1935888434383661,0.017914864463508744,0.17202038747258708,0.016710033691002754,0.12994096604335095,0.21807967172995815,4
0.003032606579160855,0.0026956971074720403,0.15797502044366224,0.043671358548641126,0.21647842734023232,0.14203388101109493,0.10675260899742252,0.043416138332353096,0.09069347522736827,0.1932507864125925,4
1.3689814762839279e-05,1.2168131833928906e-05,0.0014571293421142416,2.1312519890130646e-05,0.0018255203988454297,0.0001489141261568963,0.012538500405592389,3.821347683580579e-05,0.6316991314424464,0.35224542034152195,9
9.679001555995296e-05,2.5164562133077975e-05,0.0047929256790330155,0.00991385779376996,0.001077493599044862,0.9828454576802625,0.0003051862473241407,0.00016001853585751987,0.0004037750118325976,0.00037933087518189726,5
2.4898670121926545e-06,2.798936659040992e-06,0.00358784532261152,0.001202924837599283,0.000473626837898033,3.1957946520034805e-06,0.9943185761874722,6.820725487317154e-05,0.0003152159653656309,2.5118995856747027e-05,6
9.209750504463471e-06,2.2222235895016945e-05,0.004979328234020318,0.0213795421256013,0.0014094592726246668,0.9645937466319267,3.231031693472429e-05,0.0013246575986619578,0.004385939034668266,0.001863584799162365,5
0.0019574892851994025,0.0015863413423797656,0.052158423723368534,0.006756677607740775,0.10779514210602746,0.0029299669430320127,0.4844788833178818,0.2859772058295623,0.021178200588041447,0.035181669256766544,7
0.002710518330563001,0.00096389106735623,0.10123730618396949,0.22629335166063974,0.2457477433565775,0.026526074801827358,0.041656832759874654,0.02852369479402365,0.2020026122309484,0.12433797481422046,2
2.347411203403716e-05,2.1108184590083926e-05,0.01000355698454893,0.00028704553528832846,0.0010829350695113087,0.9781019202380894,0.004491617379762402,9.179286239872737e-05,0.0021575977134254735,0.003738951920350813,5
0.00016516673243586913,0.0001495802762533344,0.04830135165150564,0.029317051760522548,0.5597966495463493,0.012143374250930315,0.034910193051307485,0.0031031504254359693,0.27242679269174386,0.039686689613515534,4
7.846220150644324e-06,6.932914324144998e-06,0.014769332842365993,0.9589129189893235,0.0022381552403882843,0.0010215191296669434,0.006554369333537462,0.001721357471538909,0.010848007900615424,0.003919559958088689,3
9.638958263877383e-05,8.294522860583729e-05,0.6375507896097637,0.0098413399289936,0.26463656175624817,0.0019101454411182223,0.006055132385579012,0.01887143819511779,0.02441944151923366,0.03653581635270153,2
0.006476539261597257,0.0011328020604796005,0.07549641480050864,0.1580290346143864,0.22566917967725678,0.06040377628552187,0.03789760553699541,0.36449833326861153,0.05002474096644503,0.020371573528197535,7
0.00206993858301787,0.0014108062710540678,0.0896596447115384,0.038224196081047684,0.32025954947947455,0.027123972336323236,0.1374824143191452,0.01993226530168282,0.21075677069744037,0.15308044221927594,8
3.7500042705410324e-05,3.3325419066609346e-05,0.009438163447151968,0.0007642068733553523,0.0009617473048498023,4.372707484740957e-05,0.41997817033956397,0.5670640671533352,0.001559006277014925,0.0001200860681096906,7
1.4926890654943474e-06,1.3351422885971237e-06,0.0026463967916452603,0.0013640822407497595,0.0029483946778264456,0.9914823365352984,0.0005643298939965357,0.00019210716911489262,0.0007536705437039342,4.585431631074335e-05,5
0.002922947963214349,0.0032744998826118484,0.10502334005355987,0.006336767168423419,0.14533220135026625,0.4128176851906376,0.19029665849462626,0.004372747194106398,0.06665162032116932,0.06297153238138478,5
3.039712850892442e-07,2.2877576571657098e-07,1.1094146055495002e-06,1.299113234924824e-06,6.09578728809161e-07,0.999394079757837,0.0002265093112809286,1.7074707268053788e-05,5.982923904744491e-06,0.0003528024460888504,5
0.00027572919162291464,0.00024439231747359555,0.07722470969665826,0.04953772134772724,0.011405382892018142,0.718099073817276,0.051987692022057753,0.02181988402896125,0.042524261726779526,0.026881152959425312,2
0.002923644028939151,0.9580698409155023,0.007457324264249358,0.0026645720230201986,0.0038199033999912566,0.0001695135673576564,0.0030562367181695984,0.011359683348190434,0.001344698106673576,0.009134583627906477,1
0.0014634223615477247,0.0016502484345469737,0.16338576904589008,0.16364860578654053,0.025949904230496555,0.010848687846134212,0.022130589352236853,0.02694197664362971,0.013812333079387283,0.5701684632195904,9
1.6656726132397525e-05,1.4811807432725179e-05,0.01548550803066276,0.6215755861175335,0.00523426121256582,0.00607915487547662,0.0030724351978968366,0.3451798017248779,0.0021475519278385904,0.0011942323795832185,3
0.0006149737511680285,0.0006918462374847352,0.20302769772895346,0.008893433824224766,0.10778559649785037,0.00975714064502153,0.02878932072913547,0.0026149242957651305,0.22657078905477307,0.41125427723562336,9
0.9872450678626598,0.0011133071571671526,0.001612230558421641,0.001924668280656556,0.0013492949771259967,0.00014111446025944134,0.0006759770838961532,0.0026671743450847013,0.0007076939138989112,0.002563471360829861,0
0.00021411784105549171,0.00019055563430268508,0.31618132717901687,0.04139127385214665,0.026168168994994676,0.003115224856515268,0.006033860653028158,0.00843461108325572,0.2131976766309316,0.38507318327475343,4
0.0006419266769129214,0.9839710080610813,0.0013562665552815023,0.0010279484422999724,0.0003716727627521579,0.0004560508561084506,0.004106654398786373,0.000852915165102228,0.0013773263098184095,0.00583823077185685,1
6.0330208487496605e-06,0.9986103933629383,0.0002966676972742526,3.2508955457783415e-05,0.00012584710756595306,6.689964877391982e-06,0.0001979611326390703,8.23137561578082e-05,0.0002660858462186266,0.0003754991560224396,1
0.005709184468716563,0.0024937276030365906,0.10015873357839757,0.06553331821058364,0.10234971803623744,0.02924999044567235,0.017394267108321974,0.5436896206902179,0.020245939632511478,0.1131755002263045,7
0.32523628060299614,0.008556503819653694,0.12094280492226966,0.09739303832983011,0.029576720519042362,0.015790177338064006,0.022811474951288702,0.33973276864231394,0.019084217605673356,0.020876013268868024,7
0.0024837550460803616,0.002209061943066383,0.10833243066243652,0.25383393607071736,0.3762898372630202,0.0036921598173682117,0.13250854960351802,0.007146145617971021,0.10602998750521964,0.007474136470602456,3
0.0024554902070277633,0.004314973021383671,0.14157450843938854,0.024568262271095685,0.07177052943126748,0.0038909199883867297,0.049390336994213746,0.008850998974846773,0.07643869796239747,0.6167452827099923,7
0.00012170148730111197,0.9950821144210921,0.0006989933830923483,0.0003049031001336395,0.0011577779536713984,5.1016506429935504e-05,0.000604825617794609,0.0007541673933178126,0.0007346634197809585,0.0004898367173858381,1
0.9946657260363044,0.0005033410290278585,0.00027006018222183894,0.00035745027431516584,0.0003566925387384997,0.00010595416363860533,0.001940976281349306,0.0007246441854121802,0.0006743093454436965,0.0004008459635486392,0
0.0007653061775075183,0.0006595985847662965,0.4723349796432577,0.31569368521538804,0.06269867698462822,0.0035463786164453724,0.13377904613161484,0.0034309177715349903,0.004575904076581951,0.002515506798275043,3
0.002360239860040878,0.0021066997748079475,0.12901671316678723,0.007234434376955151,0.008612799844309744,0.0028536521115875863,0.1301433829031965,0.5556088950622543,0.030665933566906757,0.131397249333154,7
0.0028503976738380333,0.0025379389760735657,0.07558284426943605,0.014112401177837998,0.02930283597535292,0.5541821995256824,0.22166560975089,0.07166038287007657,0.02221704851992317,0.005888341260889235,5
0.011425249632150181,0.007734946489529967,0.010108810011904392,0.4402283395836243,0.021584858321904373,0.0012339222473396307,0.002299715387547402,0.4911328948519125,0.003589621225827216,0.010661642248260739,7
9.621184148641021e-10,7.641283235139102e-10,3.5755772151292795e-09,9.750207133215866e-10,2.465600997900076e-09,1.0297814866972828e-09,0.9999543989061712,7.376518276076827e-07,4.4665006265973695e-05,1.8866350825463263e-07,6
0.001136131317805043,0.0012512098352132602,0.05807588196365963,0.26793557021704967,0.08661506488242852,0.4116230331505117,0.04454038555488952,0.010300552874458217,0.08278732746414283,0.035734842739841476,5
0.00042088261638821675,0.0003595914355152292,0.08831155148126843,0.04325092818991975,0.6073249481127642,0.0029811038095263072,0.023350230621631395,0.017851916522584704,0.15139812034383218,0.06475072686657,4
0.9996312244596459,1.0796865454656689e-06,0.0001488965055134802,1.0849839606475071e-05,2.8322261250522225e-06,4.431272885886773e-07,0.0001119645928826824,3.1989840001628986e-05,3.1673532234188064e-05,2.904619015641692e-05,0
5.342980076246676e-07,6.009342209468925e-07,0.0001790441187204792,0.0004291537718579978,6.336817564644562e-05,0.9925938210802521,0.00013223739869974363,1.9371301992673813e-05,0.004577126538481414,0.002004742382120466,5
2.503710031469314e-07,2.2328333129852796e-07,7.354759242022818e-05,0.000799076815748927,5.238371603335429e-05,0.99854944898493,0.0002022470664785244,8.970985906251868e-06,0.00017204027170369856,0.00014181091244427237,5
0.9701026638048386,0.0029262187617274628,0.0032247065625368937,0.005056971961251473,0.0035461063322967203,0.0006293752577619535,0.003061867407806478,0.007236587262247772,0.002541533222112143,0.0016739694274205486,0
3.610429241715306e-10,2.871879469925251e-10,2.0053451664948558e-09,3.9214718113387684e-10,7.931976803653428e-10,5.886985025683351e-10,0.9999706183969859,2.0089546127403553e-08,1.5102146886259168e-05,1.4254938962390624e-05,6
1.8670781921469748e-05,1.6038949168673534e-05,0.913326216199383,0.0011787829181772614,0.027197703498730793,0.0001803415179877698,0.003574611310064676,0.0014432514305515276,0.039878506230518744,0.013185877163496118,2
0.0040275472195084264,0.0030710496597286473,0.023132093176641524,0.3685801516792521,0.01820484918898459,0.0014923962907743842,0.0020497222359604898,0.01262314397892493,0.008870375905709181,0.5579486706645161,9
0.9999994488430743,5.043547014704743e-08,2.479684877927898e-08,4.988006336194615e-08,1.639562135459698e-08,1.1125981966399206e-08,2.738653689271788e-07,3.789395301487724e-08,1.8928867380473417e-08,6.783475044506833e-08,0
0.00044483151154741437,0.0003795298459716547,0.27526115707003973,0.5323824441746442,0.07819980712852548,0.07689251212377124,0.008702581768502159,0.011121812931081363,0.007306980984353172,0.009308342461563144,3
1.0838253912227504e-06,1.3751433981430309e-06,0.002714190316532744,0.0005847717258594619,0.00035136483659926676,0.9947265275956679,6.686117870207695e-05,7.007092996288426e-05,0.001261774172948891,0.00022198027493753876,5
0.004341241232167978,0.004390270637717541,0.11360454625788938,0.3533237078878457,0.29725759818190345,0.04958809377393955,0.054813328945573725,0.017820798212431394,0.08677046288285473,0.018089951987676437,4
3.0453172098063046e-05,3.172383641596389e-05,0.040594887801879496,0.004542157957368317,0.1606639981078773,0.009317864982472251,0.01635883401835321,0.010956269524025236,0.7310576367861241,0.026446173813386032,8
5.555774787060555e-07,0.9995467747370718,9.102687408124585e-05,1.2988702238049811e-05,4.846293414250461e-05,6.3505530843083194e-06,6.508326254801146e-05,2.7599757922881094e-05,6.826985523641721e-05,0.0001328877461962574,1
1.659676797123172e-05,1.4288059319343922e-05,0.006010047188338045,0.001715531334425618,0.014966333354070981,0.00015077097057190425,0.3549013636655619,0.0003827838179350034,0.6181392402929048,0.003703044548901065,8
0.9998249888954889,3.7060893162064327e-07,1.5611238047243972e-05,6.346258006365488e-07,7.275217723404724e-06,3.012150107783308e-07,7.846324982220096e-05,3.646109604837092e-05,2.200897034797035e-05,1.388488277881209e-05,0
0.001041436578694651,0.0009404901089397411,0.3472901414841602,0.09309279948941399,0.24800609938146673,0.04259798363222337,0.043017671952704145,0.00942999678200249,0.06958818733824257,0.1449951932521521,4
0.0009321759655282579,0.0007586253631145603,0.1131737728851295,0.06728257179626565,0.1984451857090021,0.029516757001302373,0.36831498038104843,0.010876692165161123,0.1016289086330103,0.1090703301004378,6
0.0006077922442104699,0.0005030160023651475,0.09048452912713922,0.14987499743615518,0.0652822464975788,0.011731970893021863,0.010100473347619581,0.6567516407903791,0.010245102414331344,0.004418231247198987,7
0.9985359135982002,5.860577950179163e-06,0.0003071681161312012,3.238927353214401e-05,9.900936622572478e-05,1.907125507603535e-06,0.0001410687035923212,0.0007373875773079597,6.570572182192284e-05,7.358993973070314e-05,0
6.132099659823121e-07,6.871081509957041e-07,0.0017072728349266531,0.00014615493937538811,0.00034922811274086735,0.996835354105419,0.00037178740094547273,1.2956380478208944e-05,0.0003978787176383782,0.00017806719035933015,5
3.36467161212166e-07,2.986636304051659e-07,0.0003895340025011674,0.9933172004816898,0.0011205983861425118,0.00030870339613674137,0.0034900893464930153,0.0006016386621836457,0.0001001750617406754,0.0006714255323209058,3
0.969000014392466,0.004133210448786122,0.0055521360777197465,0.00744535148423621,0.0038510239501766954,0.0028977182211108064,0.0007342413059870652,0.002692512860917027,0.0008687822128225424,0.0028250090457775556,0
0.002362197224017912,0.00960461451123946,0.12146422817750972,0.15716642799769784,0.17021099900623254,0.017501862218745397,0.035636533718606596,0.030782614142789634,0.03722837273718317,0.41804215026597724,9
0.0005239817935583862,0.0004654946647100168,0.5639047659795484,0.09054109309103774,0.011913348442118846,0.0016711738241426011,0.238414316192404,0.007523236065906382,0.037776709671247195,0.047265880275326536,8
0.00010250161217778748,4.612285632083485e-05,0.020348829741336977,0.0021437736278510683,0.0700907121709488,0.00040364951869814846,0.7761926360740208,0.0014710330606209894,0.015710950044116427,0.11348979129390792,6
2.752461784561581e-06,3.0493867513500574e-06,0.00021802728933631462,0.00040211500979433666,0.00046846011184856266,0.9959332363778037,0.0024185970428565514,8.02270692682493e-05,0.0003209619829838051,0.00015257326757237813,5
0.9949337510497047,0.00035940175408689777,0.000531487296387618,0.000535594199446736,0.000762704918876845,0.00010275347206350025,0.0006624172138458749,0.0006697460932667614,0.000629366122054886,0.000812777880266789,0
0.0028453768018591947,0.0015386004883030254,0.06017465577461456,0.10250749319836285,0.1830942563173128,0.006308278979398748,0.07105167267344754,0.07270988992780614,0.43095143874824576,0.06881833709064929,7
2.5681492517184585e-05,2.1387908433145545e-05,0.002191936982854895,0.005046317530625125,0.0004058533618271087,0.00015731202976991622,0.0024858731007777746,0.005126021268429251,0.0021416445590831893,0.9823979717656818,9
1.461409257660068e-10,0.9999916232108845,2.6963349757203337e-07,5.009226597823862e-08,2.6304958487087457e-08,1.1234647600032756e-08,2.007859116107659e-06,1.5135967382572715e-06,3.122417121624565e-06,1.375504628931125e-06,1
4.994428628041945e-05,4.436848961526548e-05,0.02907395434094541,0.0013085072380250448,0.01269036685922711,7.766955582329533e-05,0.010734628575979044,0.0006247366817034023,0.9353639538116623,0.010031870160739,8
0.006277374121099907,0.9726840942300884,0.0029812910656800634,0.0038076321215235694,0.001651665159052598,0.001208423864031576,0.0005353195068181589,0.0030748794318881307,0.0012231365156287794,0.006556183984189654,1
0.0008214268380706524,0.0007518998285370803,0.04861869363920387,0.060836136381737065,0.6035364260631572,0.030859282561352234,0.07672848250361511,0.08889145249268324,0.08325646286218323,0.0056997368294606264,4
0.601668955974054,0.055606046954319505,0.031530057848606095,0.15526649742629248,0.039044952182252325,0.037669151721158735,0.0049491699399702846,0.04278543091043409,0.012521713444243623,0.018958023598668425,0
0.00015109017866220677,0.00016906822472899892,0.851037574931983,0.0005064778806906097,0.027155419122961058,0.009939687917548111,0.006064019705942051,0.0018450743288028586,0.09891810503930853,0.004213482669372394,2
0.00016039353827612413,0.0002026948491291046,0.03496983864764852,0.0018231325614862005,0.018464583217035372,0.0003697038547275504,0.15803850154088867,0.007616139790540267,0.2005760967913789,0.5777789152088886,9
0.05501559269723177,0.061437247077511345,0.08345198199457059,0.4954708812889531,0.12723925372277098,0.05096614100843402,0.011355310598922879,0.04994791127586172,0.029758009255151412,0.03535767108059242,3
5.679381606780806e-05,6.282853843268103e-05,0.00958045135427167,0.0018201120175339093,0.009605574791016069,0.0045259332260482845,0.9726319626237263,0.0002313002397660097,0.0005546882351933094,0.0009303551579437023,6
0.001627510747899703,0.0014076355154905942,0.3555064069587496,0.2953316912471502,0.05236614243804982,0.003279076712581379,0.006081750005360404,0.20081834979657937,0.007887547715725567,0.07569388886241353,7
0.0019005182657667462,0.0019965213932099267,0.019492043146870443,0.002836271409849288,0.3275061104480058,0.02052966910083356,0.43702738188499074,0.010190081269768446,0.11001325901956127,0.06850814406114367,9
0.0003557390139628583,0.00035444204857813046,0.008453020291635683,0.039031704388569996,0.039583840287699665,0.011559076147358363,0.0014128493755473617,0.0009145714079899405,0.8664358655278118,0.03189889151084643,3
0.00036800181870982884,0.9951191245369179,0.0004511058718923698,0.00037119983538295845,0.0005218597956823327,8.765031603114605e-05,0.0013069705055991402,0.0005660433705102485,0.00045882126113725797,0.0007492226881365221,1
0.0018399188080561269,0.0030462017364847977,0.15938590209434345,0.08339077186076518,0.49240941066870214,0.0022630239863161783,0.14239183523802643,0.014123293375720491,0.06751469776344608,0.03363494446813913,6
0.9999805240509618,9.747360258804974e-08,2.857813580851766e-07,5.247017449706623e-08,1.0034048713663613e-07,1.3353200787918355e-08,7.011328489932614e-06,3.6879637385004923e-06,7.110079365671472e-06,1.1171586207663659e-06,0
0.00012763650695257278,0.00012671441530484422,0.09395884938895009,0.011212970095135033,0.7268798996516301,0.001581582188279774,0.013546958110629026,0.022936168302159984,0.1130380849781669,0.01659113636279137,2
0.969348126073625,0.0006623627071338671,0.0026361367131363523,0.004088752129820845,0.003362930714334839,0.0027639222407746956,0.0012751689189272539,0.009507507998552081,0.0006954405654970072,0.005659651938198305,0
7.865726201331402e-13,6.140498867192649e-13,4.019294860604604e-12,1.4970213694304378e-12,4.490935214896051e-12,0.9999994013736399,4.665790637670768e-07,1.6577973807403643e-08,6.967207579492808e-08,4.578583885136219e-08,5
0.0006245574343341363,0.0006541239212533935,0.08664517679089559,0.035661603370166155,0.4072874556601099,0.0038149371795498065,0.1493436878614787,0.08928353174858876,0.21057917715719288,0.016105748876431233,8
0.00014055543513902865,6.787743884596669e-05,0.013854853053291786,0.008478148159454897,0.035202191437471754,0.015800214916473813,0.0035229319279234794,0.8976980887676234,0.018837261294945097,0.006397877568830468,7
0.004422266542894162,0.006241916531450638,0.04702603762141835,0.11761135941887481,0.05252602870472494,0.027932052909990405,0.004119165767191807,0.045763931787602526,0.20543742647085192,0.48891981424500036,9
0.0010518195875608627,0.000263113140719477,0.011238766203659161,0.9565262373852786,0.0012901621720159023,0.0010584640143895933,0.0017266911199539004,0.0035342026759515774,0.0005837013845802496,0.022726842315890942,3
9.886421334303326e-11,0.9999976270142289,9.921069369431714e-08,3.6738347051525586e-08,3.701794747388352e-08,1.1958030525589881e-08,1.3450316419903142e-06,8.760397448659563e-08,2.8071675919656335e-07,4.746095129553657e-07,1
0.0031356564197802775,0.8975643377356936,0.03495751526605241,0.013792070013954645,0.023497193064167785,0.0007413674137348382,0.002059724407832968,0.010586888608078599,0.0027770731120214847,0.010888173958683946,1
4.200509170806427e-07,3.446039934920916e-07,2.163709241211869e-05,0.00032419033813511444,2.6311514619013137e-06,0.9663176936386532,0.00034333927448765153,0.032975805547672786,1.3219935565659855e-05,7.183667008005613e-07,7
4.723975464770685e-07,4.4735784719165775e-07,2.5407380523394388e-06,5.295008089669786e-07,1.6435580397205772e-06,0.999388682372258,0.00045210182587210156,2.7166581781336363e-06,6.274213817125974e-05,8.812345322555795e-05,5
0.00047687165686491475,0.0004126212025087367,0.03190867176956009,0.6546952532843517,0.10653205098730746,0.011639330898312856,0.014616906692829664,0.10571771957168435,0.04821810429867603,0.025782469637904034,3
0.07518023619356566,0.1773983103322158,0.11302644101798308,0.2696559168764106,0.11878832485322414,0.08894345047894214,0.01303719959571295,0.06431105142599133,0.03271121373578751,0.0469478554901665,1
3.5356627109129356e-07,2.748984384902534e-07,1.2509394524416853e-06,2.2270958375207117e-06,1.0918422859937169e-06,0.9995052446054203,0.0004349610523620127,3.731394417575299e-05,1.1580134937818346e-05,5.701920818537769e-06,5
0.9881660147063122,0.0013133202712971761,0.0015609979889430294,0.0011890432781749153,0.001162043980861942,0.000132717982795824,0.0003105206372901978,0.0013738479430151708,0.0005477039075412392,0.004243789303768198,0
0.014657962774359481,0.0038901844138961236,0.030868966542489096,0.7945815439956997,0.016305552599834284,0.02674665138134404,0.0032796557809003234,0.09004669962041945,0.008027601309317511,0.011595181581739498,3
0.002147489332190479,0.9917204774940604,0.0011161940896809003,0.0003685373650217907,0.0006058677675979657,0.00011544327117032861,0.0008605397741741569,0.0011074579469701543,0.0012743514249911596,0.0006836415341427314,1
0.006175221479989123,0.939753953460693,0.0049671951678611475,0.0038443332435478777,0.016070718595206097,0.001021752295021952,0.0032719124036013217,0.006946644929923429,0.009071704317318829,0.00887656410683715,1
0.0705273603746658,0.08904870016980689,0.10021130620154847,0.32523203065701817,0.18563864150665074,0.03262967792123778,0.010751960746105198,0.10364685124918306,0.026154198014559805,0.05615927315922389,4
0.047410101006060655,0.06198748144242137,0.06004903269015909,0.06314965962427474,0.20128640322406927,0.024838799921265947,0.013718617521912465,0.4075394085869116,0.045944532793818146,0.07407596318910707,4
5.896772074295951e-06,6.672561360173881e-06,0.0019741135374795947,0.021860464792859597,0.0031448159348454337,0.001876742764740204,0.0008451421775820307,0.9674232252295633,0.002414145178553988,0.00044878105094088696,7
0.9999022087437496,1.1034220658998888e-07,4.434772891542791e-06,4.2305145455659403e-07,8.521609596503222e-07,2.6790343949821428e-08,5.3946193865582037e-05,5.533573237468138e-06,3.035169714792129e-06,2.942920157604966e-05,0
0.0014768625441661015,0.001260738315554007,0.03022023193383772,0.04649124141463811,0.23333841716031803,0.012332849832716127,0.1962016819763844,0.2333039594337328,0.1942775410057214,0.05109647638293116,2
0.0003872999757198677,0.000360328667033916,0.07316108383979851,0.02966277229772302,0.25601522222284523,0.5001018050615064,0.044549423078322464,0.045086187286725275,0.039508100225305744,0.01116777734501967,5
0.0001879233075634464,0.00018627653435093755,0.7446307048871159,0.0013970152554325995,0.17956680327160573,0.004238942365503327,0.024910625104747997,0.0015035225962661202,0.03084648497006872,0.012531701707345461,2
0.0006809353173039382,0.0006130956190372323,0.46382125409037006,0.03975379805356842,0.27970869660617564,0.015766099769761475,0.09561191073043529,0.007540378147679572,0.08718345750900451,0.009320374156663681,8
0.9998555113331181,1.7757609955866076e-07,2.7856915132683404e-07,1.9367521592565778e-07,7.912848670579552e-08,4.177047583697049e-08,0.00010367861002103193,3.163776415105857e-05,5.989606651109754e-07,7.8026126150148e-06,0
0.00019066014839668133,0.00017822678393841199,0.01830129110061444,0.017117024661495124,0.11047415658939137,0.005590602489667087,0.060300738813751815,0.011041588528189018,0.7614200021066849,0.015385708777870478,8
0.9606235169578071,0.0067055867600178416,0.005086430061750329,0.007324149525953084,0.004650320225547786,0.00183971266860806,0.0009748861594166074,0.004510638119827135,0.0019224422062242758,0.006362317314847745,0
8.226309644011187e-05,7.317312464681099e-05,0.0071131366220936005,0.008650501006210795,0.003392480302171098,0.0018447307295012016,0.03547899063799478,0.9377005317879346,0.0013009468315373714,0.004363245861469388,7
2.1428651254737424e-12,1.6782215284573825e-12,6.005843557589977e-12,2.326050954154721e-12,3.1037969515380378e-12,0.9999968667114394,6.200758041671784e-07,4.770062690740281e-08,2.353456868300078e-06,1.1204000447793157e-07,5
2.220994519539367e-07,1.4403884519916614e-07,0.0001242619100329934,1.1313422632776562e-05,0.00020626736944755932,0.9946518502525027,0.00448829950447022,2.3626622198120947e-05,0.00022348469739653142,0.0002705300830217243,5
0.0056744376142141605,0.9571996031360526,0.005547134797396708,0.0117142393267403,0.0059350982128920935,0.0031271181654163797,0.0015172008655501197,0.004384344441128255,0.001851204943824286,0.003049618496784398,1
0.0010924525149224858,0.0012292802001247945,0.10482931618860863,0.03385831815998168,0.3239559946353738,0.023688237187620035,0.02207796408326385,0.01578264764394119,0.3697055424098851,0.10378024697627869,3
0.0006573787618913984,0.0007329704649230204,0.005408612511681293,0.05035849969228857,0.02664280595302897,0.002284202411568729,0.8466997918696004,0.024596181524495844,0.039849028470581555,0.0027705283399400565,6
0.0006457256804634342,0.0005819804591943993,0.022537226038222946,0.16024376471352336,0.04593820358518361,0.0030874739415006807,0.09483786092954309,0.6095925053176275,0.05651853246739942,0.006016726867341175,7
0.00352350027077062,0.003963995391652531,0.04105433490941513,0.6395710935011305,0.026629710218811085,0.14030937997532072,0.010097188788095755,0.0448749121972674,0.014237212363021251,0.07573867238451494,5
0.0016043097010909097,0.0018022353677576764,0.15936912642916728,0.03356790789639832,0.20090373642634535,0.2674157324203876,0.1185412967392611,0.043200556046928414,0.07184853294886161,0.10174656602380219,5
0.00015033625026814572,0.00014665265133196215,0.007844258143337026,0.0011712271079635656,0.036538906512308,0.00021204675239617636,0.8769072145378144,0.001272332002427953,0.017826482454767412,0.05793054358738541,6
4.0768727045320205e-11,3.258356557332722e-11,1.3495439258555003e-10,5.678303247268865e-11,7.174252538809869e-11,5.204522251072506e-11,0.9999851619805049,1.6035743339394147e-08,1.111232193768861e-05,3.70927293642648e-06,6
0.0002706886162641268,0.0003022609179382834,0.1603322435151302,0.0006348665888476896,0.7476275386804707,0.03879125563747812,0.013637956895479291,0.00734860237199313,0.015199348796554994,0.015855237979843218,4
3.415073384934267e-06,3.5719896518883373e-06,0.07252530328337665,0.021601832650706577,0.00021634490842954883,0.9030826876295562,0.0005942739921017949,5.2081953252526e-05,0.0018924614408422004,2.8027078697742416e-05,5
0.001001352358956363,0.0011155292024061883,0.1364853295352707,0.14745274931128818,0.2742278602113452,0.07954828400476201,0.006656793655479053,0.16339545637608982,0.10877547640529096,0.0813411689391117,4
0.997872634364128,7.00999183803013e-06,0.0002150994443612087,4.394019388828892e-05,7.439326461627073e-05,1.0524127663386386e-05,0.0011252328068577003,0.00030192396713923296,0.00021914898906096175,0.00013009285044701462,0
0.011941528683300829,0.00923441777766383,0.10175878772516207,0.11255297260603514,0.0538063131797131,0.008997721208353317,0.017644703511435874,0.6277910807110806,0.019019168703938303,0.03725330589331686,7
0.9855670160192119,0.0010937637620517969,0.00257469370760523,0.003472231548496507,0.0023756060842943993,0.0007341715972602433,0.0011217013567239762,0.0008893284267127044,0.0007973968096543068,0.0013740906879884769,0
0.0009380240123360609,0.000996994252891229,0.26963957420867785,0.07333246064503295,0.19465193131383876,0.06777654678428972,0.00915678065887597,0.0453634533792111,0.1660657660494756,0.17207846869537105,4
0.0005842914675185521,0.0005258252654668248,0.04239181576727475,0.008661277869383708,0.3690283652719704,0.0063899688328462965,0.05915541899831016,0.029108739218963578,0.10299532509859485,0.38115897220967115,4
0.9393091325384401,0.0006134278983736943,0.019650820532818452,0.006723210200149828,0.0027963428253564267,0.00013903625421652206,0.007215037992276692,0.005081477660362447,0.0030331495524333805,0.015438364545572016,0
0.0013299909099959146,0.0008823118871420266,0.2528070012294643,0.4673644091444704,0.11178839260935003,0.1184295764849039,0.013691851226980885,0.008125627656289719,0.009243234145488296,0.01633760470591414,3
0.9999839924547282,9.491348860387934e-08,1.6492756188831374e-06,6.525893909900547e-08,4.035402323307347e-08,1.317758815709383e-08,7.749517776363036e-06,4.329882472993296e-06,7.651285061390236e-07,1.300036858209056e-06,0
0.0004279750381689321,0.0003779810825284317,0.11030601097443299,0.015632399145011244,0.040291697925499775,0.0005630076294167056,0.04624553160029699,0.03703119670790297,0.7298612871311299,0.019262912765611845,8
1.1632205851337053e-05,1.1998237197802992e-05,0.008307812626564852,0.006078931502982425,0.013851401204425497,0.96569555666815,0.0008729667858399298,0.00015108743284191978,0.0036569777453895804,0.0013616355907568013,5
0.004084936729452874,0.003975879699739008,0.12375380208417693,0.03858780521141387,0.04699553521130678,0.17773898462805438,0.010164118938216804,0.3774954115868187,0.10096460543140952,0.11623892047941106,7
0.11510602247726599,0.01710546766281135,0.10430831638116767,0.4105309427951834,0.025087680587449118,0.032324869942509424,0.025828668368011818,0.08361316757259503,0.035222046380885184,0.1508728178321211,3
8.322346377745695e-07,6.172548878942416e-07,0.0010740425019662824,0.001605449225700682,0.0015452085043203012,0.9943277632262193,0.00018932491367007218,0.00012638478498765043,0.0008811985100349864,0.0002491788435754364,5
0.9998450826622632,4.514531852849916e-08,3.69786190869885e-06,4.215518537630074e-07,8.915617200946027e-08,2.432445292884184e-08,0.00012897789176790714,1.5374062507025288e-05,9.368620793312625e-07,5.350481676296568e-06,0
5.066060424954197e-05,4.4715469525497625e-05,0.05054403886966549,0.9250720499578448,0.004772395279913897,0.017707537735966013,0.00010730182370766702,0.0008951004697895665,0.00022713453172342558,0.0005790652576141023,3
0.025622679122076174,0.015128916268075039,0.21939449151270465,0.32184123155983185,0.0444676794152669,0.008297251064246945,0.004712284384691675,0.27156071784901553,0.027196494445959306,0.06177825437813212,7
1.7549758184135762e-10,1.3668561253511226e-10,9.643457913686828e-10,3.604969937028202e-10,6.228128047694957e-10,0.9999918804116115,7.192333048225359e-06,5.4545126358401044e-08,3.8390276430284044e-07,4.865476106254776e-07,5
0.9908570793395163,0.00036819941538886744,0.0003917497581154385,0.0007934017239372285,0.00013231930110009277,2.0619170903826315e-05,0.00044108017814205113,0.0025623144821744492,0.00033404670047633244,0.004099189930245964,0
0.0004956708197903613,0.9955165882842465,0.0010775104599603743,0.00038249616137285845,0.0007558135255022093,8.83576733297841e-05,0.00032488490640450945,0.00027497051241247056,0.0001381847587573409,0.0009455228982226644,1
0.0005675097472247066,0.00040703877241559663,0.3979751207268198,0.05404114317941486,0.36303705577460554,0.02113839377892092,0.013567325050563486,0.046469905737100074,0.06301881924786676,0.039777687985068554,4
0.9934767166281592,0.0006866093737707983,0.0012324241130539197,0.000465738740168206,0.000568471801121133,4.5552503924196595e-05,0.000610364309647432,0.0015426127186319318,0.00036218644975533033,0.0010093233617682518,0
0.01639654482587305,0.01592294224493784,0.23709683937586523,0.35181382356708674,0.13236590048575939,0.1017077000964202,0.006136972355358724,0.05791625467901389,0.035731378478739376,0.04491164389094591,2
0.9991384227169894,0.00029260542635265103,0.00016286655388340928,9.402255815335257e-06,1.1470914341196027e-05,5.205788087408608e-07,7.742256037189445e-05,0.00020491914500765697,6.011366055863593e-05,4.2256187870748245e-05,0
0.002096458001247792,0.0018393945935757212,0.3030298561823588,0.08053347308900567,0.2226808780521165,0.026837375448912473,0.21086626096233826,0.06228481871705842,0.07004364332725838,0.019787841626127664,2
0.0036435813023015552,0.0028409192710934137,0.12554376220850355,0.09967607659248053,0.04267978659491562,0.006946353401452293,0.24508659236283484,0.1255363235737139,0.05856865479092286,0.2894779499017821,6
0.9989174812195657,9.87640322344754e-07,3.8594274219118695e-05,5.916559115354701e-06,4.631098719263609e-06,1.4112526139517219e-06,0.00013895002194436347,0.0004968453906536307,0.00016571669876134655,0.0002294658440851419,0
0.0006851409269726786,0.0006601090984357713,0.19237298967326355,0.6169537308106184,0.0539811020569849,0.0032911232627492485,0.055368067462793664,0.04333873425583109,0.004486035189034918,0.028862967263315723,3
0.002450317514625055,0.0014484980752776148,0.11104671725160736,0.39917948993646923,0.049426115303777884,0.006657199569030825,0.020621804412694972,0.3132055544263342,0.025963925647677383,0.07000037786250546,3
0.0005076569793973546,0.0005296243624199024,0.49520474104561396,0.1980239208847606,0.08159436278218965,0.004964439647848386,0.00481267283997838,0.049598689660174375,0.01579666632317165,0.14896722547444552,3
8.644987906974226e-07,7.683668663945699e-07,0.0005650725076586785,2.635201820225576e-05,0.0007054542246622946,0.0024477062306224335,0.002122292749123233,2.078707715607807e-05,0.9940146108340662,9.60914928514433e-05,8
