0,1,2,3,4,5,6,7,8,9,Y
0.3200070782880392,0.09307500904636201,0.05855088334986819,0.19811314482722348,0.14739688447130364,0.012304426607886304,0.013633229667119055,0.0691911215087601,0.08206003659262151,0.005668185640816846,0
0.2348949273926907,0.04091836332686051,0.08852456709630349,0.1653118689272909,0.058065661547866444,0.09871554023399993,0.11355281952489864,0.18664025739700393,0.006979503690166085,0.006396490862919922,7
0.41097305368149567,0.00995420605138436,0.04463332418427121,0.13748454506733446,0.03242596964604108,0.1518100738462871,0.0031133755919808713,0.14979809585117776,0.010504127894624482,0.049303228185402656,5
0.052025043479042646,0.2829408939122008,0.007662254925632622,0.2894602900835495,0.18451159837105352,0.04303575741143085,0.02527964546452256,0.019809310709445554,0.09135883834384283,0.003916367299279117,4
0.08290454169238294,0.16231260574351622,0.07148553233163317,0.060003408516590515,0.2620821749313255,0.15241579257378263,0.01797148278672835,0.13736640639568715,0.047092235738194745,0.006365819290159193,5
0.09965372659492806,0.07761224712769901,0.19517779164478474,0.03593531298958492,0.09005901412436426,0.07557255056836189,0.3275278301602077,0.04351410105473883,0.043487961715196526,0.01145946402013414,6
0.1864219533061502,0.05177226093196788,0.41305096939678604,0.04604040562473364,0.1186300201147625,0.025618134182106855,0.02095303517873174,0.11841044515528405,0.012404398773236408,0.006698377336240921,2
0.18342435328511472,0.0028629267322113823,0.014920595575354046,0.5776891976889259,0.03139520025832696,0.0036939689386379063,0.0376618411181564,0.10206453006185233,0.006228252809062007,0.04005913353235834,7
0.014786124603180597,0.5924907228337752,0.05092657214794149,0.015374435821326155,0.08292734774826117,0.13031039654366292,0.04333646309895335,0.03681629132804255,0.016242848062635474,0.016788797812220983,1
0.03252776589073114,0.1947968439261569,0.5721198453282177,0.016813890995135805,0.0871987251498281,0.020989973919564336,0.023915517700464954,0.02542013519416312,0.02367730395754944,0.002539997938188716,2
0.04115603665597704,0.0060300961421719665,0.005379243423914605,0.793731300897148,0.047245956620550006,0.005250618839091763,0.04835253354207117,0.01024409184680535,0.02759928227116277,0.015010839761107961,3
0.05045966094630773,0.5471923832706825,0.1666899137478013,0.01474074531971731,0.03394893409521497,0.028151841531847535,0.08228329923946041,0.05045239320207721,0.01776390829256204,0.008316920354328655,0
0.027907528526366698,0.05006717238545289,0.12193018014914864,0.027244688207805394,0.044675563690072105,0.027774974593369892,0.6433948596653799,0.028190821916418463,0.012840391217136288,0.015973819648850324,6
0.05860758221940109,0.5328148321663686,0.17294642732499,0.01234240614724613,0.03966344915309721,0.037158933663768816,0.07780911039010181,0.04092525211508704,0.011764788821863133,0.015967217998076304,5
0.042562642424060305,0.40989288053772865,0.1795396787804977,0.019615584865308813,0.06357178380697266,0.05299979014726762,0.09180317277301803,0.11435247519191334,0.01728975862065401,0.008372232852578867,6
0.027119300639689863,0.10515122562593363,0.026703941225771806,0.0974742902012172,0.09340164500622966,0.25700120541632376,0.014211023300610944,0.3463242348393799,0.030492681013799833,0.002120452731043006,7
0.0586996620578584,0.04789740005828715,0.20616111753306102,0.0572515089136493,0.21038856739375028,0.14576771172759004,0.0742529684236574,0.1518084408423416,0.03703920990057009,0.010733413149235033,7
0.03095442136164976,0.6140056106243221,0.11593363478806372,0.015024348121082854,0.03987699665441771,0.026659066757704113,0.05730624674539109,0.07277138842695736,0.01872200620514117,0.008746280315269743,7
0.1307158205347179,0.2216332655193343,0.08996479763856408,0.025585983484505876,0.07475005983571813,0.14199047331389544,0.09498671261966636,0.08703806751437189,0.12927709204220134,0.004057727497023951,7
0.13209886473065707,0.04345545989837425,0.043712252024107244,0.038347757331707935,0.09799959882902162,0.1742548452084864,0.2942324268175469,0.07914962408129012,0.03780482130868135,0.058944349770127386,6
0.1684485458532295,0.003193447539864982,0.011029696598479084,0.4765438688726574,0.06812216655913625,0.006209153524918578,0.007261295865880892,0.22066249351033787,0.029995147132937012,0.008534184542558491,7
0.06110171394568019,0.49467591837881064,0.08517443450469003,0.03449161179731027,0.10458981823263026,0.02686261418708973,0.08997625803447015,0.06727332046446431,0.02551478414704119,0.010339526307812895,0
0.05019585249408445,0.5362214077064368,0.11368073590451702,0.01902695186818807,0.03381927642643176,0.03471249584596372,0.11795446221377397,0.061137057673034526,0.02704969478498117,0.006202065082588949,8
0.7597027804874285,0.0004767634350027101,0.002857025499511603,0.1919201591268095,0.0028395004158612504,0.018931917335354903,0.006035289379909626,0.0028203369977947692,0.01168878583783994,0.0027274414844872356,6
0.1043230457770983,0.2790225431788896,0.22663967555077916,0.04100450778482132,0.10904702870099693,0.05592249320811636,0.02685190519080867,0.07322947338288247,0.05503526336332892,0.028924063862278127,1
0.045443079202711706,0.5770578572027619,0.018105357005746992,0.06837762511241664,0.05152479740039937,0.1264567422740037,0.02068310177388836,0.07434158032475592,0.014772370562767975,0.0032374891405471265,1
0.06027216316555969,0.2978293684350103,0.4227275856292782,0.019304637481707472,0.02848100409557644,0.027357716417676484,0.06024842427589942,0.055401097063678184,0.022224423834333755,0.0061535796012798525,2
0.321037703860605,0.1343925590617411,0.16346312756126438,0.051349334492735724,0.0625366790010337,0.046259711153145026,0.06366449110675088,0.03451632484937795,0.07307685717010744,0.04970321174323834,2
0.05381647930842092,0.09819468961645669,0.2752391271387736,0.024854812290546483,0.056729896192316116,0.17121681833055832,0.0676007723382554,0.18864967302413674,0.05130591896857591,0.0123918127919605,5
0.015120776400555985,0.0697652182428349,0.022953384939591426,0.019767730497592013,0.03017342093235766,0.5585512217260117,0.029723886506652305,0.20863107855827287,0.04354123750118066,0.0017720446949503663,5
0.04793439221073634,0.5006550411513551,0.22658472799850427,0.015947105689214147,0.03236763555600916,0.029745172920696242,0.08341042495472589,0.03883949806273318,0.017791635704626687,0.006724365751399037,0
0.14365897179889056,0.02209028359946005,0.009062870822375906,0.03975861062481939,0.003799029548293571,0.1567527418039339,0.0049971037218024955,0.06124570933535926,0.5573020625557641,0.0013326161893011904,0
0.7260160000669383,0.005296267509633603,0.004360073758292653,0.018772063498814967,0.017331282532016164,0.12945487691838092,0.0066440817602507135,0.012103510898734801,0.03923956202141078,0.040782281035527,8
0.061292732860111866,0.05555023197860308,0.011340961377628384,0.04148892172585103,0.07642638630799335,0.03153715035736428,0.02799166904149752,0.03510952375716093,0.009926434556328646,0.6493359880374608,9
0.08910152197421445,0.23361428719704985,0.20487474021983879,0.01655724918206853,0.06984515670053947,0.12412525937337825,0.06176092888743384,0.1526401572421183,0.044290127579915246,0.003190571643443536,7
0.036879849684677356,0.38254857904642203,0.06093241107822408,0.017424297425881922,0.06266364600740204,0.14100751051133928,0.12100114393244282,0.15728214647306504,0.016866603835774138,0.003393812004771254,1
0.1355404289683417,0.1453177887073791,0.16778822598400914,0.069359589361947,0.10337405853939127,0.015123530100802755,0.02901649983468,0.15027769041959793,0.10426109433096108,0.07994109375289017,4
0.05602017256177129,0.48183835158765687,0.2148551164151225,0.015741578521875205,0.026464391258039465,0.05139406699460294,0.06143960719651592,0.06537661853284717,0.020952858724713665,0.005917238206854879,9
0.9996899750456035,3.5170181290721574e-06,3.582956020978265e-06,4.521568745744186e-05,1.7267711906419776e-05,1.787853514913579e-05,3.851912707073568e-05,5.168950507515453e-06,0.00012009078713580118,5.878418101922781e-05,0
0.11217813349264655,0.06917053405895059,0.06115669472039045,0.10168515097818871,0.5114392769099614,0.013120998792674731,0.03273133383087223,0.033179054522723836,0.04367542944991822,0.02166339324367327,4
0.0781281801473168,0.007423532654369052,0.02931795995575272,0.04587077540908179,0.0223746507926825,0.007406678424309713,0.044376678482138394,0.0671221819722775,0.0134444237103277,0.6845349384517442,9
0.03392842795464646,0.0006933318846741502,0.0066877936483995615,0.04723154275607606,0.004636989091213922,0.8560504392932591,0.004712282897696652,0.03710042863574463,0.007440469962441605,0.0015182938758479087,5
0.02613919665804501,0.34778983302760047,0.3679645138759073,0.011451567227907787,0.022429424822259954,0.026485619056504255,0.13323153450961694,0.04702922327463465,0.01270841323948683,0.004770674308036929,2
0.04211461965705918,0.5123691638173645,0.20923850755981596,0.013544139548733496,0.03174267541208537,0.026520077544807254,0.09365657008923922,0.049706517379319914,0.014982377929798523,0.006125351061776057,0
0.09547464958409795,0.022967725704840933,0.2372802525573518,0.03549324880854222,0.11944347884700879,0.07611798539136022,0.01939984499192818,0.302319720090831,0.08775191337142428,0.003751180652614868,7
0.27902881001808033,0.010933120350789959,0.010064459960898595,0.4737648368108416,0.01399737316490448,0.0663472378268737,0.036960499608412016,0.014934065708745916,0.09180811024946399,0.002161486300989666,8
0.05478753681572562,0.25343211418211087,0.41275376520293844,0.023703397156185975,0.033611332945879466,0.04603385481210055,0.10448473561035626,0.044707321872733664,0.023556900747752366,0.0029290406542169926,2
0.055054795028799314,0.07553487731611205,0.11327715425639058,0.24172715028921396,0.01484150237003851,0.1315790923831789,0.24357648191590955,0.08984316258475329,0.029611921941117263,0.00495386191448643,3
0.0011231527541553249,0.004580505073740604,0.0005935363187539684,0.9539818590596996,0.018431803266611577,0.012324445668381806,0.0029460071170696093,0.0002319344217826111,0.005299629897441837,0.000487126422362977,3
0.03524638456419726,0.01184751798688952,0.6675260107474131,0.00966897269259899,0.01430248765585817,0.06085077387822135,0.012469143096129266,0.16119514164407556,0.006553557753602864,0.0203400099810136,2
0.1249393536176392,0.3200556614501396,0.10760808890080586,0.020700964460406673,0.130843266190249,0.031263356451084384,0.19684599948761475,0.031919882446406714,0.027728184611732102,0.008095242383921427,1
0.003389115366559131,0.00047620097094941123,0.006333076777670274,0.9439905135811222,0.010022036010421564,0.00048466325950498237,0.013218503082703437,0.008872272664546823,0.0057622814284091035,0.007451336858112515,3
0.1511703954434998,0.04754696338698638,0.07615796389425648,0.11477998718269165,0.015197411744180081,0.5364080910014744,0.017021039300058053,0.028087630316241653,0.004716963007313526,0.00891355472329829,5
0.7584322449196121,0.0017430489284477654,0.003630988697916193,0.04140512749294089,0.009727289507208978,0.02865708163458623,0.015549999020027818,0.1313522172184158,0.007824932454951158,0.001677070125893007,0
0.07597029722362945,0.09564769627341264,0.088494905615708,0.06468356635097162,0.034839035352655146,0.08917097592084362,0.020047947517559908,0.4413993778143764,0.0867315887573967,0.003014609173446371,7
7.519714312802811e-07,1.8459055470020229e-07,3.0203501428788256e-07,0.9994780603140615,6.253736257386777e-05,1.5200135935237171e-05,6.841761418779441e-06,0.0002218566732225975,0.0001947115200027128,1.9553635785157876e-05,3
0.0008837699190430307,5.926236740726743e-05,3.4669304487672377e-05,0.0013479451907626684,0.0014400837812936491,0.002457773070203058,0.00021751565435183337,0.00028801506534212296,0.00013740847924613187,0.9931335571678629,9
0.02895698117750614,0.6255053401282736,0.020026702790999676,0.0121416976503643,0.16892082285004617,0.059244008791261404,0.022315560366438326,0.029624767335782252,0.02870394462591253,0.0045601742834157745,1
0.7313613861838901,0.0005166208934315708,0.0015795669533455576,0.006169033102609575,0.002939104379448836,0.2050178550778487,0.021992630866526353,0.00942967377854166,0.019460608241681276,0.0015335205226761825,0
0.45254938305870274,0.0151365745958388,0.04140661581696398,0.11295243580914284,0.047722605759217704,0.0848746505051377,0.0035433772605427635,0.21049539503650566,0.023035543517533313,0.00828341864041411,3
0.11594244641707876,0.013909663351049482,0.13355957219236517,0.1387689267892824,0.08859369045998554,0.2005709933096245,0.10079589687861078,0.12551185358958128,0.05293791360015479,0.029409043412267577,5
0.08403069326074099,0.3364283381673526,0.1687417787488939,0.056451689169764674,0.07856970611243516,0.13063973306363225,0.03732583338913884,0.049762418340556974,0.023758821961840006,0.03429098778564457,0
0.08106754064796982,0.21994070683298506,0.2962209863666274,0.015685851793155056,0.14097853546279532,0.1270155391727251,0.01441778796597023,0.07081053851099739,0.026163796248478227,0.007698716998296338,2
0.23221747134401047,0.01640047602325958,0.06391076121477933,0.05117502955992635,0.023075154089758864,0.034960087853325036,0.5288642057564964,0.015168978152062968,0.028175466758942554,0.006052369247439018,6
0.05645413965479732,0.0822090553303123,0.19741280628537264,0.08280505669134049,0.3468964653080363,0.05148839972211241,0.06122573896337837,0.06782106147938187,0.049069810618418086,0.004617465946850006,4
0.04874346791346107,0.5628553819810024,0.10054583787361739,0.021701314944267983,0.045046392549266415,0.04573943957898936,0.03902553873017467,0.11343405139331274,0.01740897755865627,0.005499597477251941,1
0.21484003859205145,0.11697866849969463,0.19760906253089008,0.05648195052559453,0.046742876542330926,0.059603724783237756,0.03612796370472923,0.14879423607375786,0.036270410616254495,0.08655106813145855,0
0.12475936586234808,0.37341483789739144,0.01309112633023457,0.049117240133807596,0.3044381843802388,0.021291911239880383,0.022175162070016224,0.054927863775708206,0.032927626612584936,0.0038566816977894072,1
0.05552826097182597,0.03575491440133276,0.04726821123680414,0.07602824329503441,0.3540898795623515,0.05152445714132991,0.03256843451335333,0.06883288378514683,0.25147407326488863,0.02693064182793229,8
0.5633459413029075,0.02247168640973672,0.21544964033602299,0.028857519480474228,0.0515053243321535,0.01131818736498416,0.07278140691948008,0.02064642896485714,0.010407845543050897,0.0032160193463329416,2
0.03820505020853049,0.18109917647504573,0.4998332110038515,0.03127859244626755,0.024242960151489943,0.07562492959690703,0.02967643669263234,0.07927005859962681,0.027555617905659986,0.013213966919989167,2
0.19472875677057938,0.12193669451910293,0.13134816038995822,0.1745748488555214,0.17498514513187893,0.10601423837483119,0.03424458044295265,0.016024358792480785,0.03663108405254597,0.009512132670148553,7
0.05190179932449197,0.08244339083498022,0.008845827485286256,0.022221615998784524,0.02514254639633808,0.5053293589761995,0.005018177724462306,0.2667267787607592,0.03035718314083842,0.002013321357859384,7
0.02222115607874949,0.6646550328315295,0.04613341971148784,0.08138583038333723,0.06987294272746511,0.059442796672894,0.023327344096306893,0.015480478683932779,0.015762184507312448,0.0017188143069848767,1
0.04330563510578259,0.181725867651842,0.5117440770454648,0.02440858652710316,0.023299143727188058,0.029990181565677426,0.013707469499039239,0.06449368275829435,0.10034963086281211,0.0069757252567957855,2
0.8440216837931969,0.0010173930406981071,0.0002823594818071747,0.018428490113802536,0.08471526745849481,0.033393757468111164,0.00022218307788630237,0.006163382122180151,0.0050108418065582415,0.006744641637264659,0
0.04227737644428961,0.36170546304312545,0.2638942397696578,0.017956229044536826,0.1870765390480508,0.041176365354736164,0.014831444247966084,0.057760277113328096,0.012193549591115342,0.0011285163431939103,1
0.0287284063489377,0.689498221696904,0.09910218364885529,0.009767052544184439,0.03992362561115,0.026133415730747452,0.031009137318075773,0.05522956477621246,0.012418044961358291,0.00819034736357495,1
0.0016484534470169192,0.0003207131422379859,0.0004476662322541572,0.004415773176213254,0.00019716092253112117,6.822097718207282e-05,0.001046971027477091,0.00037634419456205985,5.9471359925313587e-05,0.9914192255205998,9
0.9709374589477701,8.694615009276701e-05,0.00026328523460734645,0.019643454845132732,0.00459551955460788,0.00022529861783893013,1.3199962869989205e-05,2.45884339153993e-05,0.004126735407871626,8.351284529344656e-05,0
0.9209063220276006,0.003287587074876932,0.017768288953423313,0.008238577703090569,0.004539974890645064,0.010730397074500951,0.027753809383101558,0.00429850115555575,0.0014926402002385867,0.000983901536966874,0
0.03414718766480489,0.08780291119425107,0.675972784290604,0.018641907960587702,0.026103219962443608,0.04256686271022637,0.06641898204942963,0.032086046071435025,0.008060175906147597,0.008199922190070019,2
0.03413244763024788,0.19848154206851581,0.23801221364439237,0.07194408530905955,0.27557632843235225,0.03699129517960775,0.04107854698376164,0.06399420285696125,0.030757936125823206,0.009031401769278094,4
0.9070506456424707,0.0008618247893282469,0.015328815273297113,0.02822829284980413,0.006488799848748685,0.0037905397564703927,0.026407188396203478,0.005264053999990171,0.002592124515293749,0.0039877149283934175,0
5.439711217237109e-10,2.0760282259387928e-10,2.3836682180793876e-10,0.999980156221321,1.8046358120808922e-06,1.874876010549741e-08,1.0960606445813668e-07,1.0515372738952983e-05,5.075212553813335e-06,2.3192128089592153e-06,3
0.4748958043369816,0.0098885876140739,0.02827038006558544,0.03155350490609788,0.0918030037056609,0.07345344157142135,0.0923168788074882,0.01084028523920093,0.16926497047859765,0.017713143274892405,8
0.3788839072208468,0.020575510510500588,0.20638297446091297,0.059390613440789185,0.023152495390769336,0.11122923737853259,0.041163365926049085,0.13680546641971894,0.005979071186876611,0.01643735806500407,0
0.9897145001064173,3.446485152793282e-07,1.901689065383144e-05,0.0006030671290286355,4.193169776011424e-05,3.3351184730290567e-05,7.5171174058215575e-06,1.161662220395431e-05,0.009568403669045666,2.5093423940929633e-07,0
0.05012675018473249,0.008779635716990754,0.010634516589228565,0.7665505651935055,0.09666126697846873,0.037391227797788334,0.011091527513945171,0.009295907627730448,0.007991550463103929,0.0014770519345058202,3
0.12530090343044298,0.12909339483621313,0.03731206512340943,0.0745159663521559,0.042297948536272924,0.016075002614220853,0.384699771308376,0.04951824311805283,0.12445149637590591,0.016735208304950393,6
0.0664523749402641,0.01655401025674631,0.08978344490385246,0.006223520913879746,0.034837340035199574,0.7310647397708951,0.009956503667308735,0.030660482341577762,0.012015337688279384,0.002452245481996681,5
0.8157264925525491,0.006614174729408742,0.032973208449058544,0.043771480115452475,0.007187197007496008,0.02299409987410566,0.030252085071449917,0.01804089869858827,0.013242952800718617,0.009197410701171995,0
0.0054429764588393,0.0005163594379581845,0.00017333711995213682,0.829608909361206,0.009081430960556703,0.03002951237160869,0.00016399262543554476,0.003638368228170241,0.012560809595140124,0.10878430384113331,9
0.0026863728883014,0.0023030877579965745,0.0005375381112693669,0.0032846642678051774,0.0009197860387370833,0.0012812144457813224,0.0013167444575539766,0.011405859353577174,0.001327404431458581,0.9749373282475196,9
0.008741968906000732,0.09089490074801153,0.00426674727327033,0.6766670998170613,0.030657009201094723,0.07024470078364184,0.0045500593229735415,0.010733563334917635,0.09806154311647264,0.0051824074965561495,1
0.00018890785187584264,0.00026806486203331223,4.769338767808575e-05,0.9980342108102037,0.00023156574955044445,0.00016813672276438422,0.00033000419864689094,0.0001530322844056225,0.00047828408532879854,0.00010010004751286428,3
0.2944491454098833,0.03313015878733152,0.09079688679199295,0.059683291130065846,0.2489609772665526,0.18301830514030323,0.011201011451511098,0.04562114320166084,0.029896304716030768,0.0032427761046675764,5
0.10550661912873695,0.0235763472868477,0.01700015064918019,0.5695493163924297,0.07029958032696075,0.049708156727905094,0.0090283101365848,0.0821251467722683,0.06483723296605438,0.00836913961303185,7
0.9990601807377238,1.5893980633089724e-07,5.008204565483634e-07,8.687249722418352e-05,7.14563062586499e-07,0.00011169438336990823,1.4579879146690515e-06,1.906421742303934e-05,0.000718825318857562,5.305341610544241e-07,0
0.11553622676489732,0.1648288935821529,0.16336762565880308,0.04524408204747399,0.03537070070114442,0.02573284146668609,0.1080288340918154,0.21560156375495493,0.02192874319340796,0.1043604887386641,7
0.05347344883668492,0.5439252398358462,0.14933548258531146,0.013588738770181201,0.03532832182362409,0.046898568510491685,0.08019196931632161,0.06405697257617089,0.009723863720064934,0.003477394025302794,6
0.9150888789100898,0.00039018885168406445,0.0011157784011345717,0.05644369020008559,0.005557191399308619,0.0008915812348353906,0.0046709878292770105,0.007889494327828374,0.0007571144344108082,0.007195094411345605,0
0.04407168291511069,0.49197430738223324,0.17124315891328315,0.019790917558269595,0.047819598293377515,0.04958542010356244,0.08405013517221865,0.0660148516271758,0.02069065088418878,0.00475927715057985,4
0.060824510618588234,0.5134329043872171,0.13732087366727025,0.029679939477542727,0.03466531339898731,0.07525558232092791,0.0696547940810292,0.0530641495219009,0.01782031009362087,0.008281622432915572,5
0.12314369299911777,0.04104226277119865,0.16299135616808375,0.05120755719968288,0.4023503367603422,0.010668709634759988,0.0697531629638668,0.04370115418283278,0.025784394856512755,0.06935737246360259,4
0.04529318512639635,0.030457006217211514,0.08561640281932216,0.07017724616713501,0.04144101454215348,0.03610627512602912,0.5729382676969261,0.06384934119567928,0.03578050170648013,0.01834075940266712,6
0.14558164037875362,0.08208135608899886,0.028157224466350873,0.08655283854042596,0.15405003323393918,0.007222559392593872,0.009388120538856131,0.03297452446125536,0.06621464495419488,0.3877770579446314,4
0.36274931746784916,0.02136155295231463,0.06831179162478,0.054604494259412564,0.06913243547557149,0.03064939979937291,0.013284007985923767,0.24840882668881148,0.08632509627286672,0.04517307747309698,7
0.4993659217700351,0.035189648993289385,0.11821073394881736,0.015858243471632918,0.08904822374412966,0.12921444498068063,0.017578122089862706,0.0715944249647427,0.022611892650724785,0.0013283433860849594,0
0.8006740475841142,0.020956007969585945,0.010986255757073803,0.03601914570382833,0.005093169579171857,0.04455643668421604,0.0036523577312336606,0.060308308414060104,0.010977916609407615,0.00677635396730858,0
0.04195989655177471,0.006748053497757348,0.005860040811410146,0.45158176367499986,0.42613610804288876,0.022760121371329725,0.001744908354353972,0.026574586136921315,0.015349085681535486,0.0012854358770287649,4
0.02141496507013311,0.7767617840979056,0.06805693405328268,0.010634902216857828,0.03499516116580844,0.01609021538796076,0.023678658667031362,0.03073175629620679,0.012993217353969504,0.004642405690844092,1
0.039580963212362284,0.018564113550332457,0.6810187308228727,0.007781598563506899,0.018251294844202622,0.13893328358285356,0.04121026362318671,0.02291045367978026,0.03044122744253832,0.0013080706783641645,2
0.09643153424136994,0.047328235600965614,0.3573084398616875,0.038866051296817805,0.06378859984713875,0.08456662820925996,0.09923522204530878,0.17520838719944162,0.02455648904675628,0.01271041265125424,7
0.06588234365799849,0.026547332570441694,0.14689801569319993,0.03603568820665958,0.03344076927250159,0.08911988913573465,0.5238859689677999,0.02931917520895727,0.03519160396103745,0.013679213325668758,6
0.13865906270518294,0.23093850308856084,0.3595529811649869,0.024218801487773202,0.07097439893776691,0.02715968778997824,0.030755312342723492,0.07569609914250418,0.03566773193246493,0.006377421408058246,0
0.016332718891729003,0.07560234047402793,0.0030529699902620403,0.06967300733348182,0.8131106899483499,0.010387167525114717,0.0006779168422196349,0.004790192180566021,0.0034694205169248835,0.0029035762973240106,1
0.042320270843973516,0.1188809779108659,0.0761019137368283,0.024119046616468562,0.024514772459854218,0.017759583155271975,0.6478088268553911,0.017068205302421955,0.02555760380773715,0.005868799311187348,6
0.044745955202258506,0.4932924410074958,0.14665387960482126,0.013231434628848621,0.14017164726177603,0.03875850923739457,0.017865817033192052,0.07723000600990203,0.025597897718660195,0.0024524122956506994,1
0.013578180824303076,0.7963275239982038,0.05764426929754136,0.010464851900627962,0.027409101158438864,0.016262765171870155,0.03026580128602649,0.032076090997883284,0.010977173834124188,0.004994241530980462,1
0.016412899101177252,0.01214591162464121,0.0028652063277242556,0.013727971922014562,0.006724544496213972,0.0010365646368999453,0.03022435386133092,0.0074251909927937326,0.0025629804656017072,0.9068743765716022,9
0.9730759461490353,8.841994509934363e-05,0.0005465259860513524,0.0009275951234301765,0.00012836546459830622,0.015759688662927256,0.00015175026847799006,0.00040702959780359075,0.008889562850709883,2.511595186682529e-05,0
0.08686685011849243,0.03444365316840331,0.3985675980849011,0.01693923535038654,0.16084279849328603,0.058258114408026404,0.1813511583545256,0.02710242266409464,0.027901163264979583,0.007727006092904275,6
0.07775842508361157,0.06789199222839369,0.4577864567112954,0.10300012673476475,0.0510055344423403,0.12532973189980537,0.0402822776058398,0.05012374173067667,0.00790294871181621,0.01891876485145664,2
0.21447607242506614,0.0012428493941278012,0.0012511716533566619,0.6691624966066693,0.01168040876343232,0.010094571253877496,0.0063192868230908085,0.006993415247077275,0.05057149940678695,0.028208228426514808,3
0.01840006864110113,0.020279880446848423,0.00520021908482271,0.02167307813691305,0.8805543814231117,0.01762494612602213,0.0049209006148987116,0.024930127656144482,0.005442743898796246,0.0009736539713412587,4
0.03041085146512563,0.09952292851461014,0.5647716001195899,0.043793448736617877,0.07783848764617438,0.011049731917333107,0.0061675458847658335,0.1208431039510141,0.040771481449321134,0.004830820315448639,1
0.18920897873332215,0.0955262352827253,0.242081204116332,0.06498940975605734,0.04043302985902604,0.18760623866698062,0.037496936716456625,0.1178492486113916,0.01657462993327641,0.008234088324432235,7
0.0642719882511414,0.05718567473760037,0.11759814463684688,0.02458884303168494,0.15912090784922145,0.2597689096128122,0.04601329610119839,0.15814457842957547,0.10193925667023306,0.01136840067968538,5
0.06396933315072328,0.5338515326225893,0.15850688470287783,0.018420277606843147,0.03261000187282499,0.04028115530158854,0.0828473565748349,0.04580798525079375,0.02014902162191534,0.0035564512950089547,0
0.09832456281894168,0.258649654233794,0.1334757762019928,0.0357602145214508,0.03998079218854732,0.033478309829757746,0.1851628541861798,0.17466025743132454,0.027501454510848667,0.01300612407716283,8
0.050029609961776564,0.6458725658317191,0.09568853304433976,0.012903058102534866,0.027531957677683714,0.0420016166629706,0.07079607109789403,0.041346323532201655,0.010104716709027645,0.0037255473798524304,5
0.27608191916414354,0.06693062041032238,0.016297334616232177,0.042031266749511596,0.09665427184232876,0.013847271069310637,0.01504378058853992,0.06957476463228887,0.2387437704770172,0.16479500045030493,0
0.12634036926710338,0.099784038913083,0.047676864413342714,0.07531990961480427,0.05731677231238752,0.28423955546476776,0.24863273169432187,0.030155060757445735,0.020535076410592757,0.009999621152151873,5
0.041812322868920546,0.5414393067209805,0.19410868391930744,0.012525569042120835,0.029720279105890982,0.030625191383192772,0.09586139869102023,0.03402460837486114,0.015326682285275074,0.004555957608430424,4
0.005925760924543147,7.017636193527323e-05,0.0002948013447561769,0.0038912602465314004,0.009932045806028739,0.025627473436825088,0.00010928880833233523,0.0011854070442900255,0.000268623926581593,0.9526951621001767,9
0.21949321212759798,0.05347949542071695,0.05067628347231894,0.17252287268345273,0.2983903253692614,0.02095452596125562,0.013785345405775598,0.09193090260625851,0.02693771113825515,0.051829325815107144,0
0.9650563578533334,3.887902669639997e-05,0.0001548252025859956,0.009449572712887806,0.0004393774888537487,0.00034299492311356937,0.00021379469172510027,0.0003509839428206798,0.02336216724468615,0.0005910469132968918,0
0.03318681213145359,0.0002544901194401145,0.00026409794754544714,0.04676303282978145,0.0014428101292065594,0.0012367148838598732,0.004632342373533864,0.0029723143469645307,0.9057539296222471,0.0034934556159670906,8
0.19816183874226156,0.08724856671924738,0.1835802437394744,0.09487765098908915,0.23956756061437198,0.07219840888897179,0.032082977199265485,0.04535186866774412,0.04242617878494958,0.004504705654624839,2
0.05007328721285278,0.4830685937203945,0.23024519717939973,0.012798618882245346,0.028041397166241527,0.023559497506290807,0.09784997675125517,0.0513374676304222,0.01780976935226264,0.005216194598634764,2
0.0898625527593373,0.24559987384854012,0.07524047447363483,0.055929971321936514,0.2954027051871895,0.04466160999105874,0.013172243007820923,0.07492198219350191,0.09426927311475329,0.010939314102226651,8
0.9935969357856532,1.2270264460133826e-05,2.4579426076756274e-05,0.006217761556539629,9.850410451339275e-06,6.791193741529303e-05,2.234960679907843e-06,3.26708671706392e-05,9.047702581973424e-06,2.6737088970871308e-05,0
0.028855706568473468,0.43523426506641316,0.035603894057924065,0.03158390405943304,0.354470405588682,0.031201017939374083,0.009769919180986053,0.05203924886893518,0.01713050981979111,0.00411112884998816,1
0.9783519357558711,0.001017825470622168,0.0011798999871978039,0.008172472642035238,0.000208545827259899,0.0007117828980037582,0.006213159568071959,0.0004327470239782961,0.0021614151551756053,0.0015502156717846745,0
0.004125438823390927,0.0007474918002071276,0.0018265507116193211,0.003214057937089836,0.002648093031353324,0.0011548690272213766,0.00021624977391960758,0.0074600209311917335,0.978472100449,0.00013512751500671975,1
0.06864158565316802,0.3750380201940338,0.19357517525292656,0.02436980133205868,0.022777412307700706,0.04698370797532068,0.17678677783672464,0.06377355758125137,0.015246809290992942,0.012807152575822423,2
0.07138325817534236,0.05789863089684104,0.6159749068583381,0.04140848908476897,0.10598816281158904,0.016782124400331205,0.011436630197180095,0.04927562943479172,0.02556823839777627,0.004283929743040959,2
8.710131064211765e-06,2.0198081384732706e-06,2.3124602852155205e-06,0.9973030157794165,1.4814341287701254e-05,0.0001849421468394441,7.440539207467306e-06,0.00014509240804004003,0.0022757997549251274,5.5852630795385266e-05,3
0.04060090133443129,0.5005429553564607,0.11724799884590309,0.03095010710940206,0.028730301295117965,0.04288168411143257,0.12559271859504312,0.06558209068879471,0.04228302903217223,0.005588213631242071,3
0.8768869511164724,0.000293268633258049,0.0007783111387321734,0.002542120370073957,0.0040618160337061475,0.020154209025492253,0.0005324833154732774,0.0012251218125446976,0.009195375937663819,0.08433034261658306,0
0.05942706966353088,0.3216700811446168,0.05373539372434154,0.07588040472027845,0.23601025483961297,0.10994533806953265,0.0036089510904860032,0.06260571598514447,0.04125396880026276,0.03586282196219344,5
0.02816722924035846,0.03972179835162657,0.033985334333699935,0.018228279791832516,0.03272542139127661,0.03751550735946052,0.7803949345446678,0.014772914413650794,0.011920770979157865,0.002567809594269113,6
0.030750231738992932,0.06830256761634992,0.1945209793734121,0.06092885113233414,0.09562571824263626,0.027485172098024698,0.06114628162763388,0.2259192827099811,0.22439680494438613,0.010924110516249617,8
0.052231747114800435,0.3275749506116283,0.31703023234508115,0.024037875792232818,0.0505235618627874,0.04771962996597659,0.07025391867900951,0.058342985385004126,0.03584239057162323,0.01644270767185643,2
0.7706013230704335,0.0028037209521173095,0.00032339313229075105,0.007471044089727047,0.005670861491342588,0.17983557787025434,0.0053723726462203795,0.020313952926011045,0.0070693923732300734,0.0005383614483731022,0
0.04992295969427431,0.5397099184389432,0.1577419490831114,0.014742991797536829,0.026708458896832096,0.042123978789457166,0.08243724663310295,0.06278990652762777,0.019435793015188663,0.004386797123925819,6
0.05197284805083778,0.020698064042408173,0.0068533621497217515,0.027324927764554172,0.014625192216326533,0.026867847627063235,0.02067838222222304,0.06394097627031149,0.007021115445532647,0.7600172842110214,9
0.28076001121645644,0.04674296427315003,0.0639118592804958,0.038572584373692445,0.0309141566563642,0.013383146293117196,0.4451031840800257,0.024902362277037026,0.04352806149156377,0.012181670058097277,6
0.08127050003292285,0.024488123145540164,0.40198028077012843,0.02810563620862875,0.04434264311710413,0.12228199783632938,0.22692399525186868,0.03739560295486984,0.028257893585561022,0.004953327097046733,2
0.10356771452197207,0.3654471528167045,0.16483493127484639,0.029076585542522713,0.05866787703630791,0.060093408318099596,0.054819815808482615,0.1209468845929564,0.0312700327424545,0.011275597345653652,0
0.4161425585182139,0.03336679585161361,0.0499575486494696,0.04205579524335166,0.02652610873070272,0.06835453474199822,0.085490017877085,0.23013697552650508,0.01414023168133658,0.033829433179723326,7
0.0725268603227982,0.3454101659267944,0.22875385712225946,0.024778888676818957,0.032427411544535586,0.09379745751063331,0.06848772035686354,0.10737448490334907,0.01744383144267789,0.008999322193269769,5
0.24361570306346622,0.0211326985502927,0.03892211002235177,0.09224218107626468,0.4416773898700996,0.033185150696100535,0.023712249402010173,0.026658944094960533,0.07310917711880302,0.005744396105651049,4
0.2568615473167136,0.0387730727598904,0.033393577348141634,0.06134499809698303,0.06682420189320992,0.36936665134388064,0.023329397706471425,0.1088046537279961,0.03485289395496331,0.006449005851750174,5
0.005263801475066371,0.001309962042306031,0.001343555707913329,0.04273376457807866,0.014017691955119056,0.0019200364341264821,0.004287902390977343,0.0036942089118296843,0.0016205641773877793,0.9238085123271952,9
0.03574011829277317,0.13984856986438543,0.2225737847398537,0.06576609587683659,0.15483605912712264,0.10318845620647048,0.0793629603039342,0.08292078925248611,0.038780563220633495,0.07698260311550502,1
0.12299793452414891,0.0450182645749475,0.10287983680895615,0.03859822514774055,0.0314787985656416,0.07556903834303694,0.5295937853452292,0.025250773102884077,0.021664018344577887,0.006949325242837253,6
0.23245185585314143,0.021867531039296582,0.24759218662995336,0.019309177493334787,0.014782882132521758,0.021416473525438372,0.215707068871311,0.023483278678878235,0.20187090375392183,0.0015186420222025603,6
3.835728447699821e-09,1.8897001017604465e-09,1.3726340781904792e-09,0.9999355656109264,5.723505754358003e-05,5.815356078279383e-06,1.3392080237014333e-08,5.681477486079755e-07,7.421300896873952e-07,5.3207470626204634e-08,3
0.34619619002612456,0.10025143601832322,0.09265294174965776,0.017001686070971057,0.07801768465998567,0.12204208851065577,0.016568940434834794,0.18052262365629748,0.043473286457439086,0.0032731224157103223,0
0.12084250631537637,0.040988011106568904,0.047544520705547,0.4343821652175986,0.03888359859379632,0.062110847941214874,0.08161945843571267,0.10040419757230341,0.0701187902361778,0.0031059038757043416,3
0.03564662866757126,0.014964106586240164,0.19113733475816103,0.04055916338079701,0.6661554655671248,0.028203510573299083,0.0028084460480263178,0.013780011403478525,0.005555442777773864,0.0011898902375277,2
0.007494804361773697,0.028679682810886682,0.9254641868493583,0.005161762498975026,0.01038722315562378,0.006670741444016948,0.008224358590537056,0.004396313908800962,0.003111567571522595,0.000409358808505438,2
0.811789092863989,0.018914773531481622,0.053151443891018585,0.010915904334748105,0.0159272021200973,0.02965137986625189,0.028091518344633446,0.017343141940133682,0.009022376319751365,0.00519316678789464,0
0.013613346992135386,0.016835434079523117,0.005356015124755403,0.04731165375854225,0.005066610096109748,0.8846917173392289,0.00023181285235693066,0.01846711170174706,0.007433499632156424,0.000992798423445122,5
0.0839444791612049,0.3982648737451846,0.15975633924219965,0.03900977346156654,0.03771931907119079,0.0270112593025416,0.15582280273643218,0.06106680588391962,0.015990012456902507,0.02141433493885767,3
0.09257874158688138,0.0677375043837532,0.1204973578716102,0.017189792564538103,0.3383680420154975,0.11881934638510035,0.10635449527540898,0.07226693733145431,0.06026788603107446,0.00591989655468133,4
0.043534636029267944,0.03294431837453284,0.1539528305146567,0.03721740961633312,0.07523984878818198,0.07921439260021944,0.4531927293907352,0.07437978955053857,0.045691447489247874,0.004632597646286477,6
0.044791478347081075,0.022342977179383,0.0172601928624438,0.4500039932518165,0.1804497510181124,0.07213205061273702,0.01597155760082502,0.13228179475928764,0.06339331703039017,0.001372887337922887,3
0.5644256712973389,0.0057303820817139126,0.007923914117213727,0.046261706875544595,0.04869279180443959,0.09294497249251196,0.05350123420507588,0.17203128006569054,0.0042591101071396105,0.004228936953331219,0
0.022065311362705575,0.5507127452782834,0.007343636712443496,0.044245056631701744,0.03473680539828689,0.1643394386346098,0.0028005849416864836,0.06350917947239779,0.09148708371702273,0.01876015785086144,1
0.04686894809982039,0.008943430619623003,0.6152702585009502,0.03382852541800264,0.13794625328266583,0.036355329819685755,0.003402109858529094,0.08161210410083687,0.010494810589308321,0.025278229710578064,2
0.06209491882810582,0.45753628814332414,0.1256871489171362,0.038738438159768254,0.09483482278182298,0.03520528931661475,0.09524267150228043,0.058083004295137956,0.029132557209279805,0.0034448608465294356,1
0.0008853594801202446,0.005699089881498783,0.0001430112964347823,0.03245973389535697,0.9586951884045051,0.0006221601527364868,5.1666433098916996e-05,0.00023412114073516213,0.0009809977384259215,0.00022867157708737795,4
0.06281641485817714,0.647536393087256,0.029363605673993605,0.01395419396812174,0.06846760531794643,0.06770301858976249,0.02829930296687032,0.050724256966226594,0.025961063688093387,0.005174144883552246,1
0.10422190176779492,0.2933856795978185,0.3730050102381777,0.011287536089247402,0.054727312923847186,0.02981128924968843,0.028207318880224534,0.06704114453675669,0.0351854077489078,0.0031273989675366506,2
0.004162620449846584,0.0014086051829599131,0.0002807830594214671,0.9608656223002331,0.011162500131382598,0.0040472106857004884,0.0004327568899165639,0.005865649031799338,0.010290371724673373,0.0014838805440660625,3
0.008661253001041163,0.004786915074715244,0.012727484639656911,0.012010682041976773,0.017926510139142964,0.0259916558077497,0.0017189226712008912,0.8982548262546701,0.015593392380965295,0.0023283579888805925,7
0.00021460167160376162,2.6757662574496514e-05,0.00014273100199471489,0.9965096803769752,0.0015911456090933764,0.00038791329545201006,0.00017913389947052095,0.0007371951624474345,0.00010302699795479505,0.00010781432243424319,3
0.11676552611038024,0.05484327133150927,0.47799958037044443,0.09481223064731002,0.030251970262935145,0.01012872043353595,0.08929607427797905,0.04133012298560249,0.012396782753142897,0.07217572082716023,2
0.22363237432693261,0.0068585370556680575,0.005446129458296216,0.1257341299434555,0.5070510817455519,0.04103073102973692,0.011777497157823332,0.06357504288215775,0.010025519035098704,0.004868957365279156,3
