0,1,2,3,4,5,6,7,8,9,Y
0.015797647598635656,0.008404650285895997,0.1146544013347943,0.007477257898097322,0.023534401055627405,0.018381130212776403,0.01149373966545772,0.026752162944924072,0.7406646467302426,0.03283996227354851,8
0.08023283118522888,0.05369025811908954,0.7240317212507236,0.00039048386615303656,0.09125548390818104,0.01745781712041367,0.00689440582536688,0.02306310911614865,0.001073059272026044,0.0019108303366687416,2
0.0008293906479751041,0.0019318342556369193,0.0026556887533937656,0.9212152396311927,0.013254163599324813,0.010904351595280056,0.011688121842485655,0.0030623317434857965,0.004756731414703566,0.029702146516522178,3
0.041378399105508654,0.07639692260221206,0.002303204341704528,0.0020288977016775624,0.31349370883403854,0.019173439595360418,0.01814041533745957,0.009078679650852543,0.001162280365036822,0.516844052466149,9
0.002812321597521645,0.007983557048539279,0.02165380065273715,0.00021791587077729638,0.9082803732116702,0.019421083157519056,0.0030281357006619355,0.03551822683781568,0.00031782712866621117,0.0007667587940915607,4
0.47858312871221287,0.025142619763555023,0.01736632926012209,0.0021782729115415234,0.03911014963647944,0.03964765321939229,0.024251168137118063,0.1599206573690562,0.008158465524497118,0.20564155546602572,9
0.05164871887629862,0.03547212356586451,0.003860725261318347,0.0016247173476997767,0.03932945031644946,0.21640942696124124,0.19492592403178102,0.04191818352624566,0.001427854805298956,0.41338287530780227,9
0.019573056349207616,0.002478292362238897,0.0550223673242181,0.009209185263005595,0.008512307411042384,0.006984634370428004,0.0028670432225369855,0.025337280493266886,0.8533829507092574,0.016632882494798128,8
0.0045460325675163804,0.9816042862572494,8.321452501283633e-05,9.288096599068108e-06,0.00742162630640867,0.004407476814588581,0.0002275191849321596,0.0016613908784352202,7.300617842214466e-06,3.186475141535244e-05,1
0.9707908075032008,0.00894470868736606,4.5757324021587525e-05,2.478949531297496e-05,0.0162278327379317,0.0038201474383107977,5.331835157097364e-05,4.282509274381958e-05,2.1759014125645264e-05,2.8054355415815217e-05,0
0.012428358194989943,0.1271611004799921,0.6228738739282279,0.0008567370752221286,0.025384856748075342,0.20381159520344733,0.0019364818076026825,0.0038690071283573385,0.0007643816138780519,0.000913607820207399,2
0.009108082917736368,0.0055374520438504415,0.014352364807029568,0.0028034162045509456,0.011618077781647496,0.00808855151643862,0.007979842047967641,0.011564835633787504,0.9196990767344508,0.009248300312540618,8
0.002331411001195046,0.7744074633357598,0.0008785567275167281,0.00045638024656427935,0.14138936780309797,0.0686626422673612,0.005459687911727485,0.005356849371237484,0.00041860256345573223,0.0006390387720845911,4
0.0012409818015512797,0.0017201967261471283,0.005073440191537864,0.9496094528070728,0.005526358435820268,0.004193251236818847,0.008788417626740017,0.0054891731781478775,0.0036824138084683797,0.014676314187695801,3
0.0036710458880390476,0.003912436970905618,0.011413502043617508,0.6515210956879454,0.014709943318537462,0.08783222158847521,0.09790255892118338,0.013609663840290425,0.006508855387025922,0.10891867635397987,3
0.0007548804691377761,0.0007484812370712594,0.0005730055494637132,0.0010559923878206735,0.00821327162891865,0.047069955062202344,0.923697611185074,0.01287382982319615,7.308949709145477e-05,0.004939883160024215,6
0.24138935112183918,0.5671496771292359,0.026370619229383545,0.0005481312676137098,0.13317549854307287,0.005211766091133578,0.004927762214185178,0.01965628336940644,0.00047030309370001155,0.0011006079404294392,1
0.06021172198105585,0.429326276847963,0.03250460161604666,0.0012461496940984163,0.26492247037190614,0.05151583221157605,0.0030169342243635757,0.15250187032513482,0.0010981119895554729,0.0036560307383005242,1
0.9670079967212942,0.023593909388061798,3.187045955000185e-05,1.931020640572626e-06,0.0015939996524532093,0.006982681408286666,0.0006989851058238574,7.77551315254507e-05,1.7753040849872304e-06,9.095808279222379e-06,0
0.0007750337361242718,6.395717523234767e-05,0.0006130188853328894,0.9897374783394483,0.0016746678176269754,0.0001736700875988337,0.006233227914440579,0.0005767388582315965,8.66935556328632e-06,0.00014353783040066263,3
0.9999584985552525,1.1268540617883296e-05,2.0268123482714626e-08,1.2675866272420534e-08,4.337931573109232e-06,2.3916512351217412e-06,2.0970314327382635e-05,2.472757416405471e-06,1.232576378019126e-08,1.4979823950221008e-08,0
0.0170853544446662,0.005603572072354753,0.8667871229950741,0.005257893298379498,0.02097654068467103,0.019985842451923346,0.009376639213780446,0.014987431229709946,0.020441487909004668,0.019498115700436452,2
0.007016456367235758,0.008058693056610628,0.052527440872417015,0.0016636924210785063,0.8492129932090307,0.018211194507730316,0.02670077532856709,0.035435353240045465,0.0005164867741215399,0.0006569142231627529,4
0.021408089638842644,0.06691107363611462,0.15807637842225467,0.0021908001734517366,0.6116923246668051,0.03218079972724116,0.012293738366573978,0.08978374701198857,0.0019448394177268905,0.0035182089390007132,4
0.12907385591134,0.03832239484841124,0.2131997796580704,0.009046858665211223,0.08712708546747071,0.06260169244849285,0.03829754261797471,0.0887995866507787,0.0702581529362857,0.26327305079596447,9
0.07116485872891763,0.709670415740397,0.018686676728796075,0.0015893316307048874,0.016679076488356464,0.05874863463777368,0.00430766535632895,0.11562592509036708,0.0016366620522982815,0.0018907535460597972,1
0.10190138706569213,0.0852610358723101,0.06592901339959317,0.007303292379820939,0.05099524485188236,0.06291793265349394,0.40836715071762236,0.13336930458174845,0.03499635657491508,0.04895928190292143,6
0.5492488171829477,0.10409105909730264,0.007743247448876816,0.0018557569528889534,0.02964080076061177,0.028490273186236037,0.013835849520355046,0.26030994142160463,0.0018439042859024347,0.0029403501432747905,0
0.037668931346619125,0.021324281073336362,0.691282752876342,0.0015354609149668286,0.056703349422029876,0.015082870721290371,0.01039739598097784,0.11965580212968806,0.00964285389028885,0.03670630164446077,2
0.00427920267402717,0.0024531826244286992,0.007915899439182859,0.000916180306542949,0.033116844349310746,0.015408882203395419,0.014475431498031627,0.010114551406633003,0.8961530669763507,0.015166758522096828,8
0.02748293192275245,0.010033569871626489,0.11388890325455045,0.0015735658477538843,0.10450220480835264,0.13700814531218394,0.4589429946208632,0.10151948153486756,0.0013142986381364532,0.04373390418891354,7
0.1134004505519062,0.02408034420498661,0.3653024971602412,0.006476249441112785,0.21217758683999874,0.15062329238710723,0.016627867431311633,0.09437579195210288,0.007625427652074214,0.009310492379158404,4
0.09558858879786422,0.002812157104077141,0.00034872094401550705,3.290280999540945e-05,0.8863167030399572,0.006883478064567876,0.003557493669494633,0.0043841083229433945,2.9404221962494383e-05,4.6443025122050764e-05,4
0.059659278420204055,0.018528887142530856,0.054179351226234865,0.007535589815048176,0.06362141431668447,0.034683160875784914,0.02206119848071219,0.5843859905706758,0.10578352009577713,0.04956160905634775,7
0.4582187577481451,0.08545361884378343,0.0489790593934802,0.0008802528331432842,0.07885779119634036,0.24477029721802868,0.036473141851306026,0.043407367237875284,0.0008387315188964803,0.002120982159001516,5
9.439969637661627e-05,0.00015002868732706199,0.001999564056160947,0.9795297176814343,0.000801772046311621,0.001451660624842687,0.001642059645211471,0.0014767322673647,0.0035570772618328996,0.009296988033137974,3
0.06511804637324255,0.011496733802466266,0.2644957878149721,0.02578878300066519,0.029728637539963607,0.025646568660440513,0.006942060198538474,0.20740378624690325,0.25635037681427547,0.10702921954853202,2
0.011788213385619481,0.004815816536658424,0.05683217279215548,0.0012562537632963484,0.05229687216203075,0.10410111339229178,0.665050067172738,0.0949465753563202,0.0012467623295017469,0.007666153109387922,6
0.998122525120459,0.00025866457741635207,1.070349614337029e-06,4.64321728052076e-07,0.00013171940666384683,0.00143972650792505,3.59906369772315e-05,9.616935000452826e-06,9.488283945582534e-08,1.272613762416453e-07,0
0.0372493395381991,0.011610190880901507,0.13559857192624117,0.03417369322378061,0.028925688725292834,0.014539266521121674,0.006850996518336192,0.3264113804299729,0.3269445539506753,0.07769631828547824,2
0.9998868227738819,6.163850785957135e-05,2.164187442683717e-08,1.28050908030586e-08,3.9774641372887176e-05,2.6405622918811496e-08,2.01499034986341e-08,1.1654569472703181e-05,1.2042621160659024e-08,1.6462300131043122e-08,0
5.669230037611246e-08,0.9998195186607636,3.0651655290553385e-08,2.0455259527810575e-08,0.00016574235121446848,1.2611681672909839e-05,1.8498250313536987e-07,1.7987884983888964e-06,1.3882678523215821e-08,2.1853453863647508e-08,1
0.19625016722040634,0.04628797415655446,0.0074333670642599626,0.0005512836572058272,0.29057921253860336,0.43754505928975357,0.005080366837615206,0.010409376554724221,0.0004681428624707453,0.005395049818405731,4
0.009018346604671618,0.4005606577196259,0.013727337796563805,0.0005752763475783184,0.5192959174036954,0.004973707059094824,0.0008320054270754771,0.04993461422844029,0.00046491542993484683,0.0006172219833191158,4
0.04005475212391343,0.002260566401943675,0.2776650927775569,0.00025688884064361514,0.045096064541141165,0.6235583135878474,0.0025490142095524197,0.00804249152669951,0.0002092088611800623,0.00030760712952127413,2
0.9966954088421616,0.0003572323060403158,3.953263855683283e-06,9.682240147162036e-07,0.0026168729313568013,0.00030174069832974423,7.969132887072216e-07,2.224393085453855e-05,7.619511399279481e-08,7.066949837397705e-07,0
0.0009027679153151276,0.0014456016589469095,0.9794697492273109,0.005377890151177302,0.005715374951431976,0.00312919592872696,0.0011247473694200349,0.0013695158298377057,0.0012358982795791968,0.0002292586882536144,2
0.038501352412159934,0.010727770562653083,0.11008700198712452,0.030642378976237613,0.02770769826238653,0.017807274966302307,0.008286454987449558,0.22534565171643473,0.35117841669085975,0.17971599943839242,2
4.440456694013794e-05,0.00018502796477189485,0.00028647238151024697,0.9960115054143543,0.0013240082979211272,0.0004516972523746206,0.0007455974049354131,0.00021846716793536773,0.00030036531253725105,0.0004324542367193838,3
0.00404822004686945,0.004310883534679513,0.0010755401988341844,6.864799732040114e-05,0.002388231350412087,0.9609006787422387,0.007222691392957131,0.019706128549824134,5.715498661465678e-05,0.00022182320024917494,5
0.0024130730770785024,0.005660811587654111,0.009630187581549373,0.8026922493711535,0.09706962285518596,0.023742046957074964,0.04122175098792623,0.004394668980063155,0.0010042339454062812,0.012171354656908119,3
0.0013377061816744905,0.0008381279464733085,0.961227799280351,4.735713648458162e-05,0.02975981368811133,0.004548044231984853,0.00018963133831227457,0.0019218314620152361,6.366645795372507e-05,6.602227663915997e-05,2
0.16967357616504253,0.3303594488678791,0.04244586132776042,0.002037568983229989,0.13108813173803738,0.02977849732621539,0.01470197974213637,0.27660619792407054,0.001500479394013803,0.0018082585316146291,1
0.005908011169377679,0.003538976002866225,0.04535346996633069,0.8453390775328519,0.00714621316365739,0.01029800631304661,0.01735576673182221,0.017129576093955486,0.013499056406761772,0.034431846619330596,3
0.019682136768183686,0.00629080892906224,0.037640494763210026,0.3691206255010353,0.06652266690495043,0.03471489651507996,0.015994022088842548,0.0646683061686036,0.05267432935012411,0.33269171301090805,4
0.0006619966299508814,0.04982898470919268,0.00030589622569324805,1.5363847263054717e-05,0.9403118914681161,0.0010958136452641494,0.0015761678394048406,0.006166595152402061,1.4261467834873312e-05,2.30290148781572e-05,4
3.692658077961813e-07,2.857396608087588e-07,8.57827531025309e-07,0.9989897826775122,0.00034906152624397365,0.00020040850198368236,0.00022650100993673713,5.1207891077223726e-05,5.0310479252027614e-05,0.00013121508099470753,3
0.0023246374301912178,0.9865800462263119,3.1048746514969935e-05,7.1728703260985935e-06,0.008894678041817162,0.0006025038898691481,0.0002495807643911566,0.0012839631467172594,6.244887631035875e-06,2.0123996230215757e-05,1
4.37661055665115e-05,0.003218529652899229,1.9326159447468725e-05,1.8733385528370915e-06,0.0013127659139361536,0.9937545242274407,0.0007467033097236482,0.000874020972805712,1.2788051749083065e-06,2.721151445273609e-05,5
0.015045480482458377,0.000998196979165847,0.001062083152891223,0.9634642903900128,0.0027624413549806174,0.0016584845079680424,0.004221108522553161,0.0016165123692100446,0.0031847694875440915,0.005986632753215839,3
5.5223379663746225e-11,0.9999912717626567,2.005267262202132e-08,1.2530496089942292e-08,7.042144548233429e-06,1.0726199493416966e-06,5.379333862947304e-07,1.7474032005097694e-08,1.1123656702822566e-08,1.4303378621939444e-08,1
0.8814306947136359,0.0038430711124131543,0.0002675274855601579,3.3902337629654617e-05,0.0033662944011470554,0.0793401907004677,0.006957199488566665,0.02327582489291331,2.8716416491607916e-05,0.001456578451175789,0
3.7152300691036987e-07,2.649113404231014e-07,8.894016415853956e-07,0.999040428615192,0.0004750932873398529,8.573048139572204e-05,0.00010156302203589999,6.268805171043963e-05,7.722447257100073e-05,0.0001557462337659922,3
0.044384091536853715,0.011012769885279062,0.12418944515128473,0.026588386885276843,0.022370793456462347,0.017558938530017786,0.007737933991700263,0.24558795289100305,0.35548828109418323,0.1450814065779394,0
0.0029409426282953894,0.00297087553317562,0.018254111866711196,0.2931112497969037,0.00803084969655195,0.042583799503919516,0.5786092094419406,0.01333725118964729,0.00334662071128602,0.036815089631569035,2
0.0005229613434685295,0.001028934724802877,0.0002618816362644275,0.00019893701167325462,0.0007868451740167742,0.007217864827514707,0.982226815820496,0.003192962254919759,1.2160091760722612e-05,0.004550637115083503,6
0.0640264810118078,0.0257994854394221,0.7290895989600583,0.004430682268098222,0.054146808376045415,0.034192235106650946,0.002930891992908442,0.050454833395518255,0.013346949706149198,0.02158203374334068,2
2.118524777251652e-05,2.8431178498394257e-05,7.2202526182251126e-06,8.998918202619567e-06,4.81655500837924e-05,0.0011647456091873772,0.9987119966480079,7.760920232619417e-06,1.6497803231889792e-07,1.3306973644872764e-06,6
0.06057118577609032,0.03497632027727492,0.11369237773038655,0.008634756908698384,0.2307856643205861,0.20651597774624328,0.19087264185618263,0.06263980490516069,0.006771046891973744,0.08454022358740323,4
0.0025173210683917535,0.002842994875617288,0.0037850429600422178,0.9685010220103369,0.005110067581133729,0.002941464926195401,0.003698806055533031,0.0025147999814768254,0.0018704616361368762,0.006218018905136435,3
0.2224299859459661,0.11590471917920368,0.03251331302321882,0.002516062802449669,0.1436949520748875,0.16237476977043153,0.026858224430206756,0.27974485169615154,0.0024411223652334875,0.011521998712250663,7
0.04588332574353632,0.20589371686137295,0.4529357726709552,0.0023174387641838145,0.07361949328186045,0.16185159768935056,0.003710724893678124,0.04647586538737116,0.0019407338595513897,0.005371330848140107,5
0.9372015711632093,0.008248114764371308,0.0003018470555900328,3.291260963415304e-05,0.02606491851068918,0.008561054439459351,0.00033847201387994985,0.018720731860426516,2.643189098974111e-05,0.0005039456917502348,0
0.00382308284817324,0.13044120488046207,0.0028413882401750147,0.0018616339267880052,0.021319632888455814,0.5900542819655962,0.24359422250043616,0.002452988853580496,0.0015747966471431672,0.00203676724918994,5
0.0029831791118042706,0.001383128760299117,0.13225872549323056,0.0005345166746643867,0.01241441028638396,0.797807871219954,0.02241217918066041,0.01825055301958372,0.0002973214314225795,0.011658114821997398,2
0.011697674137176197,0.029331542520258894,0.033285443321683844,0.001889868401678886,0.04832823491078734,0.04704815008091105,0.0016278679772184104,0.8159871635722901,0.00260735864674833,0.008196696431247388,7
0.032446937128295716,0.015358700868494921,0.6034763447171557,0.016924742611140752,0.044561398410281026,0.05055166100344423,0.020154532824050823,0.07713335281353545,0.04790591518291401,0.09148641444068725,2
0.05596905605008509,0.20535844168439885,0.019043478229987452,0.0010459563426212706,0.5629843435771139,0.05802723917424721,0.0040747915050223914,0.08772953598359581,0.0011554676769909575,0.004611689775936664,4
0.19074892339670022,0.24373046092866024,0.02238693638790254,0.0012546994436283077,0.030085483116338796,0.13144345206395214,0.04535130606252069,0.3093906421806049,0.003976631164474558,0.021631465255217676,7
0.007313325983064763,0.0034281025295440416,0.00378029275191771,0.010070058200582358,0.03942001420693593,0.012449583183120453,0.8347629560035672,0.0370180935841908,0.001077834447009392,0.050679739110067235,6
0.01628363351912996,0.5703600932214856,0.0031392802289423424,0.00013772897735329548,0.3844910712669621,0.008671632049508125,0.0010282785501545273,0.015584455521679629,0.00014169576910132747,0.00016213089568277542,0
0.644651833703101,0.0861964288650986,0.052575569401900224,0.0006486405706022265,0.05353442733683275,0.014121462667358097,0.005412698907717056,0.1199687094480343,0.0011844449902251913,0.02170578410913082,1
0.004205171284006664,0.9732344641751156,0.00046285260233258944,9.176890700690505e-06,0.0057539758877563855,0.012679655078975826,0.0013761712590686199,0.0014371264540346273,2.3234260651232997e-05,0.0008181721073579649,1
0.15095571773411331,0.46546713896233927,0.0016750980842484284,0.0006491786189125065,0.3693300659791751,0.005425986485024097,0.0013663564731830325,0.003788036729561345,0.0006165085074134761,0.0007259124260292557,0
0.08325182396838225,0.8531761008689609,0.000399641590495728,5.825219228770162e-05,0.03881721906311697,0.015661454106639848,0.004567821743486997,0.0039302881413435095,6.078850595228018e-05,7.660981933351035e-05,1
0.006411796877689533,0.0034822706674766555,0.0044867103651506325,0.8106260301824617,0.009112905059638089,0.020051850778275614,0.08442404083123388,0.0051289131744245075,0.0021217723130937394,0.054153709750555445,3
0.12091462839854568,0.05697990307763734,0.20157459361923794,0.035632827621055296,0.05745312571599277,0.027908775265654672,0.01721044196770461,0.25660015482515314,0.04692837811102632,0.17879717139799223,1
0.002168201464949376,0.3315237666271596,0.0009784606786757718,8.555505403864811e-05,0.5449156828739616,0.1034656702544319,0.003237057606360647,0.013073093087615237,6.50307793300136e-05,0.00048748157347663223,1
0.9369679139401429,0.022845184632774258,0.0011283021331774722,0.00019619347570667958,0.01030465300219152,0.006029617339652061,0.0005251984494622656,0.01445404028525449,0.00016912991784231397,0.007379766823795932,0
1.174843650636645e-05,1.054883375825593e-05,6.3182646131120815e-06,4.276743791982596e-06,0.9969593891872762,0.0007543380233064555,0.000288821068832872,0.0019507357108453978,2.5322501421861627e-06,1.1291480926961384e-05,4
0.04474454635599082,0.017908867043790515,0.04229910442352071,0.0011410074539662278,0.0192929099629832,0.027119382194850692,0.005042396908038369,0.8317116273980079,0.0034655013281802206,0.007274656930671209,7
0.050232919880057215,0.04345332661346623,0.007151108347902066,0.0011932286018875964,0.6703814070395802,0.13486234424545554,0.004398962896839934,0.08511015518757563,0.0008860049096476439,0.002330542277587604,4
0.04043600309134377,0.014079982239009409,0.03420664337722513,0.008012931254526194,0.03621939425169129,0.016591047226123715,0.006301403174654465,0.7769466258208081,0.02852157627852064,0.03868439328609732,7
0.0003432664612070669,0.00010931006213807657,0.0005675233699900579,2.7907705138026862e-05,0.007524593009136462,0.00012040289290788083,0.9904429761861341,0.0008529917742356194,1.9550646188242705e-06,9.073474493983964e-06,6
0.007066437670246846,0.9851594110488144,0.0002366310570919976,3.5371874159866705e-06,0.006222116387799223,0.00044587107990572524,0.00020891867094706927,0.0006486290490953625,1.5786842578043204e-06,6.869164425786728e-06,1
0.0005390444321108997,0.002494617105726868,0.0005565849467939175,7.131849906985956e-05,0.0017218790475654778,0.9691799263400919,0.018128319814413266,0.007121777322578688,1.8735263820806363e-05,0.0001677972278285517,5
0.02353838408272742,0.008443641437906909,0.7067129537211051,0.010619621471605405,0.03792152543741208,0.017200984234611808,0.014208220057801868,0.14564731892161878,0.01722820415706586,0.018479146478144456,2
0.12102072777354862,0.02444508581919054,0.2714932531354337,0.01824646515612477,0.031371186578664126,0.026300200562176648,0.01804836608462363,0.30760450794028243,0.09573031243510781,0.08573989451484786,0
0.4311402315997479,0.17974590109101143,0.0072771353164941275,0.004534665193144299,0.13377338600499997,0.09858620554455992,0.013853257641639428,0.12187398825816302,0.003404443560477255,0.005810785789762789,0
0.00047703177689522734,0.0010279646958933012,0.921721478566416,4.215267138476511e-05,0.012372797210906946,0.06031225688987649,0.002179885385284282,0.0017665912037380736,1.2798795350934354e-05,8.704280425420295e-05,2
1.6737382476636854e-07,9.80298795890238e-08,9.640226256051402e-08,0.9995003886215017,5.684160655034533e-05,7.745301188271698e-05,0.0002825550788997619,3.1361473008920464e-05,6.31829123859854e-06,4.472011095086701e-05,3
9.474438998034259e-05,0.9256425660897343,0.00011209868511672103,9.577850374075757e-07,0.07313260074491561,0.0003188393395775932,0.0002822605597850471,0.0004114465657023587,3.747256749045254e-07,4.111114475878597e-06,1
0.001377434079393565,0.00251177712381497,0.00320555651144707,0.00037968614831328576,0.019587718327437054,0.9620678417583002,0.000830505037404238,0.005575302865681645,0.0001172661314923677,0.0043469120167157526,5
0.014075744439724003,0.015671854407863638,0.10325313345649621,0.1084720625129055,0.035815035191553976,0.03829866465849181,0.08551555691063939,0.01068827583420792,0.011974571958688838,0.5762351006294283,9
0.002916552284723989,0.0039915599376245045,0.0011641350725875306,0.0014822454155376287,0.04414006080790214,0.048733200837141,0.8718745367451266,0.019082470629923624,0.0007270923676626797,0.005888145901770189,6
0.011705433820946501,0.011363395533235298,0.15770345862972224,0.0014524015797977863,0.056230851544506216,0.6730644569193364,0.011947374289595608,0.07374467937266194,0.0011670874924581314,0.0016208608177394053,2
0.03398114495195676,0.014958622570250647,0.21597460964824913,0.006381901073504259,0.02626739466258291,0.03809007380391359,0.008122243848822317,0.5483784070434009,0.06826599992665801,0.03957960247066179,2
0.005762904631030935,0.9048429395998615,0.002591531984138729,0.00012951026669709634,0.014275632777896253,0.02951386651808123,0.006627738965418559,0.02173631258564294,0.0019771257745181967,0.012542436896714417,1
0.10038324120463127,0.031834622766148415,0.20349640350919654,0.010523977694485773,0.1271594508425593,0.060935174218888485,0.021873855483178908,0.4251048989037873,0.009098067069016554,0.009590308308107578,7
0.03884455311050781,0.011641502951669063,0.3238208485655498,0.4436875099751718,0.026033819481191902,0.02550861962572291,0.02299146407039332,0.026464818827048077,0.009919030811395531,0.07108783258135008,2
0.02237307200323751,0.9164879228527045,0.0076598116219498994,0.0001917550324161507,0.01818688767068741,0.007887829122986786,0.002377853856785863,0.022965299858788313,0.00015229447062644223,0.0017172735098168958,1
0.015342441678885254,0.004357252959733557,0.02200420424317773,0.005294865596276683,0.013658963676591281,0.00958372029857542,0.004988371873533138,0.03381452182257087,0.8705003811379945,0.020455276712661803,8
0.020949611075003805,0.002040660975903249,0.01608971743760262,0.0008259656460771785,0.007985869966541619,0.004334582247220893,0.00485556659292605,0.007069657137613206,0.932618892107659,0.003229476813451813,8
0.16529149325493536,0.01972965522963167,0.1621135679256503,0.020144715102672933,0.02177609318234539,0.019628426700326745,0.00668539620537812,0.3692033281929641,0.06700582344725392,0.14842150075884192,0
0.11983495036604268,0.04402435587672275,0.13328803770667294,0.0023691944055781724,0.16609250537529258,0.056472996861646356,0.033908917629702086,0.424917770325787,0.007393861938356817,0.01169740951419893,7
0.03090062582807532,0.009006620440085798,0.03618504167336332,0.006871696804851141,0.03174538815971026,0.014722897344723573,0.007533892054459131,0.7660196611893403,0.042124114751353144,0.054890061754038565,7
0.003889556620229615,0.007437544964331262,0.0070848549312829455,0.015312247362061104,0.009272649895159966,0.03573304707098263,0.8299935387924079,0.012536582530890258,0.0010762030812422507,0.07766377475141202,6
0.022481871465591403,0.07640769524735758,0.005061803868009309,0.002220720054446501,0.06142025615690662,0.019829472640560338,0.07786908281880787,0.06443697225115316,0.0017908933637886797,0.6684812321333787,4
0.013062226519423892,0.01014754555083843,0.518574031674067,0.0034279089260386736,0.10647747878228589,0.28061125361312317,0.011827996817639814,0.03671542833321256,0.0011054033069363687,0.018050726476434267,2
0.025624364203912196,0.026810547457580467,0.004871988380794509,0.019424148054451043,0.034515644845883764,0.06211632890963425,0.6471893074699329,0.08268067571980325,0.012345102968144145,0.08442189198986362,9
0.991453486743712,0.0048210721095131295,1.327659481472791e-05,1.3202339273973108e-06,0.003233788804097901,0.00028395076680301317,6.0095946848908035e-05,9.316179648769925e-05,1.0695272427562755e-06,3.877747655256155e-05,0
0.02017292811204848,0.006040753742354419,0.3600646574861057,0.024940918638056277,0.027602539411881434,0.04726802070804367,0.0045874953713206,0.03276174153342584,0.44627715921468386,0.03028378578208011,5
0.0006549476081060945,0.09172715406001555,0.004591638215032024,4.5641762666588505e-05,0.041561408879820065,0.8412399078197877,0.01786834820932081,0.001977956504841357,4.2305973679607104e-05,0.00029069096673014854,5
0.0036332837432451384,0.006343322412770753,0.003501032099490193,0.0001477062979819917,0.03474089097116397,0.029713234895420392,0.9075470078210846,0.010108547877150108,0.00197099829009252,0.0022939755916006844,6
0.006340543384852556,0.0007725236752206592,0.0028910211183068644,0.9448201073460757,0.008191215878664846,0.015455393979359558,0.011748085506590098,0.003006727634996596,0.00034718623378797995,0.00642719524214566,3
0.00019607713372555872,0.0001096381391889653,6.307236385037643e-05,1.4948636173767277e-05,0.00011628302259127999,0.4357151049422801,0.5631907524829881,0.00020646014497613968,1.7763229232814111e-06,0.0003858868113023485,5
0.007955880054776975,0.0291185391392163,0.2395193406518894,0.0038862226502656854,0.10386654212125256,0.3054514811075347,0.23120922024221793,0.07592533871339824,0.001102643191300219,0.00196479212814828,2
0.04134174773381391,0.007585013764659983,0.0038331280850388704,0.0011851144906310268,0.044146859673483495,0.04567240087111276,0.007157133600716069,0.03899630089534323,0.007763301086359331,0.8023189997988416,9
0.0005113480405609862,0.06694087314109663,0.00025715715096980756,1.76045471439362e-05,0.9278869032087405,0.0006046446891043495,0.00010749752171654839,0.003642501099293535,8.697063221454659e-06,2.2773538152446952e-05,4
0.016274799234774463,0.06100390219921386,0.5394282536840986,0.04168481911794618,0.131086004195058,0.06459189317220479,0.06646966655884709,0.04245545770835064,0.010335666232511611,0.026669537896994635,2
0.0018119054488907865,0.001627923581137278,0.001985220781070427,0.9742660907467745,0.0014109642518210267,0.0016338392800341773,0.005900839738139188,0.002580108197325956,0.001461037799477476,0.007322070175328221,3
0.2455103963867775,0.37268471254280006,0.007011789757201068,0.0026260495393326147,0.3427634594155891,0.008624059569004038,0.005620895687608949,0.008767602423161304,0.002268240067053205,0.004122794611472036,4
0.013084997976622525,0.0025617757386672355,0.01129658091549094,0.006804149065838987,0.01081022109579236,0.00727887798751694,0.004987329610510267,0.01927505808337183,0.9098439747606548,0.014057034765533835,8
0.02843720618466422,0.8720899786479656,0.04462919927401551,0.00010261566802375038,0.02238759854710363,0.00399438761113791,0.0012596762763861593,0.02582053232480435,0.0009276803931078431,0.0003511250727911914,1
0.02268319746812524,0.8517549301116395,0.001327223742141145,0.00019285598133762894,0.08187668310797706,0.022969857345972202,0.008149068909993822,0.010618440340134984,0.00018885397763540785,0.00023888901504244827,1
0.0008338349931753808,0.0017228308975275567,0.007885924719610962,0.9503303211387687,0.0027198997676516827,0.012126117999207337,0.006609473058127769,0.0061670412539140225,0.003081360659847746,0.008523195512168303,3
0.003294777190018964,0.9660674472526763,0.00022908724217673588,8.859930737185629e-06,0.025365817745634463,0.0005872110525269344,0.00030332685659847854,0.0027304310598258276,8.753359681377646e-06,0.0014042883101238136,1
0.03396160566534344,0.04307601221640424,0.2721131524437667,0.02466280757208771,0.31290174104290835,0.10004640744842082,0.05289503177576393,0.13050546527963058,0.00661726503317875,0.023220511522495362,2
0.9788978242120727,0.010379694214718429,0.0004526740834654724,2.3867630738012523e-05,0.005054127270296742,0.0038636783317689857,0.00032684279393341325,0.0008253607998537025,2.084711422473003e-05,0.00015508354892758755,0
0.015373967084970892,0.020719093506612364,0.02521329302406001,0.003461157782342724,0.09995227710791692,0.6494879997244521,0.13510168890738886,0.03497528793321142,0.001939321795925016,0.013775913133119492,5
0.06332728470521916,0.01595259509426525,0.20409883980545973,0.02901209658454856,0.033415569958986,0.018748680997330968,0.010906990124145659,0.24771872206212828,0.2559140510967789,0.12090516957113726,1
0.0023561245778120077,0.009412530505840525,0.745537549384,0.007920708835233948,0.033857888206604785,0.15662814363834726,0.006946049409898141,0.03366723392490212,0.002608151382786188,0.0010656201345752056,2
0.0466558106484645,0.014547670391439269,0.05208732137303742,0.010002532384346362,0.03646434719251116,0.03146437505498783,0.012481162262482672,0.17020828224520024,0.04531751591386838,0.5807709825336613,7
0.02215457966341891,0.002778835136339597,0.8436047224802122,0.0006224402061305859,0.06329742031865947,0.029607747306217843,0.0021569219975019617,0.016161005440513736,0.007231361760591946,0.012384965690413328,2
0.00033143599382880364,0.9865942934133554,0.0007338746714300085,4.184835593997836e-06,0.008141559344523892,0.0020942669164864414,0.0020097032136020838,8.18163997279959e-05,3.7282324985593883e-06,5.136978952812629e-06,1
0.08472681903805092,0.32521836920665537,0.12622691424411567,0.0021788887451436247,0.2643606444566572,0.04832845895765144,0.015169338592028098,0.10253732696419403,0.0021228057149504905,0.029130434080553227,1
0.43844087039721835,0.06723871170818113,0.007737350475564937,0.004835715154383943,0.10611733549554363,0.2607702830206977,0.0709157612347277,0.03393837568471208,0.004194825873097034,0.005810770955873594,0
0.9779871906638354,0.0051650744719949635,0.00010276047169249326,6.823401652470128e-06,0.010190198050867169,0.0060995460037731345,8.304197627449653e-05,0.0003449884404871857,6.738142380587836e-06,1.3638377042022695e-05,0
0.00033663616839790437,0.0006197685084267891,0.0009247953368809433,0.0004609258951452474,0.004531774696676301,0.003391137478345718,0.9847516324011323,0.00125540195537651,5.536471447516496e-05,0.003672562845142822,6
0.9770862017558984,0.022328945312753336,3.8761221052129355e-07,2.2541180216996676e-06,0.00033030051673233244,0.00011658221654227404,7.98426096334201e-05,5.5194121981272794e-05,1.5966197358723913e-07,1.320742528438279e-07,0
0.0005934926278511877,0.00044363227653636185,0.002417628082248595,0.9696278840607832,0.011140026427951708,0.0016295457543867718,0.004742695300826301,0.0025956524632153232,0.0024929105323198736,0.004316532473880639,3
0.007412453737044948,0.7582417145888067,0.006342720643718753,0.0003123372077005873,0.11033796903855188,0.009901239204789594,0.001728636489022128,0.10503443730242572,0.0003101127677505562,0.0003783790201896671,1
0.0006600557024734072,0.001947826952534417,0.0005598983707356406,4.922955611566192e-05,0.005361089076843483,0.9294808280869775,0.05353745355226461,0.005839053568886331,1.5680623387654335e-05,0.0025488845097810468,5
0.16777544751138254,0.10349068213680176,0.05869145391507295,0.004099920612290401,0.054693680930743734,0.4339209775708828,0.07971274012646777,0.08617490166068557,0.004238743393885229,0.007201452141787287,7
0.0027719104570417294,0.9701475642012536,0.0007826887897481953,2.1572019481714954e-05,0.005121138587772619,0.013881820511581117,0.0007579429238382551,0.006325467695530763,3.11967243183383e-05,0.0001586980894339626,1
0.9111869208420272,0.01012040878090907,0.00035721162157729676,1.1860294243532837e-05,8.405471060142501e-05,0.07423856987895623,0.0036819198798891707,0.00029506239900349476,8.4951670813716e-06,1.5496425711038112e-05,0
0.5412383693648903,0.08648632705258014,0.0017051744894027825,0.0008969446004075725,0.01457395703353513,0.2991948423911736,0.04853268300393007,0.005519917061179921,0.0008072072594637188,0.0010445777434369657,0
0.07139114323494264,0.016598768770898976,0.022006045865925524,0.033293409142429085,0.05076475893658801,0.03780726791040562,0.03008158855196217,0.16617401580088878,0.25121893240794746,0.32066406937801145,5
0.03604485806252846,0.011057215247017933,0.03232063892290825,0.010745945552497038,0.03461308207349683,0.017763541989371485,0.008074062849957252,0.7301030306637278,0.04566203951114953,0.07361558512734599,7
0.6391045806882178,0.0779677308876014,0.0038982718338181604,0.00019341428080370314,0.24374840639229076,0.005028623646427079,0.014445238049633052,0.015297085697378752,0.0001433831607018079,0.0001732653631273996,0
0.0043119964784554005,0.015461287324412574,0.017213983019458857,0.00153102488601674,0.066708397929692,0.7806200005023003,0.02237716148718729,0.07622053965755803,0.0014358714100364562,0.014119737304882729,5
0.07436894541607186,0.09526729144332763,0.003968788172532339,0.00041674818276236366,0.7682270098531571,0.01769036275320382,0.015819754641283545,0.022905824667938814,0.0002927354857739684,0.0010425393839483671,4
0.005133485655939045,0.01433463129310279,0.043764585028655836,0.0008058439275314843,0.11461788259507706,0.7348264734026775,0.02600403373021446,0.058394792072352014,0.0008547135005065551,0.001263558793943546,5
0.05889721650935011,0.02168420578144001,0.0912658751287691,0.013770936728187994,0.04257182719018855,0.021582197741884194,0.016670292124704448,0.5609281125846006,0.07090351330875772,0.10172582290211717,7
0.0241524910799301,0.019905283952153883,0.00538093581465726,0.000692782790870824,0.047570711651061484,0.13993975303345718,0.7135922309301553,0.047166083449955265,0.00032635234443299105,0.0012733749533264073,6
0.9702470864882371,0.02448866740358812,1.896993815817364e-05,8.83862666011959e-06,0.003187678382187986,0.0009254050609478042,0.000599014890455042,0.0004148224408151124,4.1463528690763615e-06,0.00010537041608161121,0
0.014939378290038132,0.8920347472135446,0.007703281341963693,0.0002891308424277674,0.0362072248281498,0.01871429496692789,0.0011308839663448378,0.028381694215307268,0.0002518951836231126,0.0003474691516727524,4
0.037924153195465576,0.014410650103510173,0.0011548679969556,0.003668733134097681,0.844277482568582,0.03430517872410215,0.005967510571635947,0.019980263388335265,0.001016630773894688,0.037294529543421,9
0.00043291714869572376,0.0017136563300082903,0.00023278760635042948,2.714199870690564e-05,0.06632260743449217,0.008837270542126524,0.014320800765043084,0.9078004702469565,5.1376981772041306e-05,0.0002609709458485059,7
0.0023218124212012812,0.014219094187222394,0.0017025438435948226,0.000241563941037061,0.02533290893018217,0.8845702631774752,0.01393157812289063,0.04667275784896523,0.00021873225591366246,0.010788745271517254,5
0.010133164954996918,0.8645907462347074,0.016710412003160254,0.00015760075990928953,0.07452655600574505,0.00922649913775301,0.00231485700530783,0.021342763742935995,0.00019530378035195422,0.0008020963751322603,1
0.00048308935697596796,0.0022409938580580167,0.0004571482183326313,1.938468180435754e-05,0.0049604987735540175,0.9873774931506457,0.0005006120048648248,0.003784374250746494,2.2934145518910298e-05,0.00015347155949857995,5
0.0034686695468488698,0.9786428064815615,0.0022851598623696593,2.6940743916836724e-05,0.009996665036971114,0.0018513836864615645,0.002102656870232687,0.00115025082478652,0.0001637905809293547,0.0003116763659216779,1
0.007539630354928568,0.0023739321446701123,0.009251764342256436,0.004225983134087687,0.011266363126492073,0.012702790386708494,0.007308370098790857,0.009252321789352114,0.9176699175514742,0.018408927071239724,8
0.00726423616876471,0.001736060444830873,0.008546390084374541,0.8317268115655687,0.014236255246236978,0.012686659539672943,0.07711932168349991,0.008129731642041196,0.008209888280069695,0.03034464534494107,3
0.0800912502689586,0.01725735830659677,0.40206283391621,0.031453359865330356,0.055990715284846455,0.06347883494197011,0.044903973387743504,0.20210345120824044,0.028971396494741716,0.07368682632536216,7
0.0011169853373971276,0.002652282702408402,0.011391191069834945,0.9031313963986216,0.02565345694848179,0.016521643510058595,0.01872007342220092,0.006116994898292357,0.002003400181137816,0.012692575531566629,3
0.004650204726813332,0.009044622717286213,0.1801853409900358,0.0012717946589730093,0.02521584787996349,0.6345361153439744,0.004596506602319114,0.13017484659631892,0.0012865417680992786,0.009038178716216361,5
0.997805238262099,0.002192728465767511,2.280255258199082e-08,1.6036932743913004e-08,6.067685237201644e-07,1.1990215441806062e-06,1.3710077795492122e-07,2.6069233282791437e-08,1.1116430902711267e-08,1.4356138402595328e-08,0
5.74087590243394e-14,7.568025695827134e-14,1.3528342066631331e-14,1.827661079078483e-14,2.3517369281477484e-14,8.702673466901053e-14,0.9999999554717778,1.4382893482645117e-08,1.1111121721613603e-08,1.9033931876811255e-08,6
3.8480372832979067e-05,0.0011467527804238807,0.00020331989233879623,4.44121853816014e-05,0.0020723527846025725,0.0025799036154812984,0.9936648985003299,0.00016547291794716344,5.076789615766643e-07,8.389927169963083e-05,6
0.8263684518527137,0.03138627837199529,0.000659896263415833,0.00041273636029956663,0.04105633846784717,0.07706456881158368,0.016119252023375767,0.0060183618048884075,0.0003722194570229367,0.0005418965868579602,0
0.00197898171863921,0.004295015228843494,0.008213921410290594,0.8778433615081794,0.008959692008135204,0.01934453587450677,0.03888549350091757,0.004642863726400242,0.002777475755605414,0.033058659268481755,3
0.02428473022954997,0.6860850286291483,0.02123184407577562,0.00023143683980621774,0.16489740500437902,0.020889184482048226,0.0006391322083075497,0.07965821679532499,0.00023741718755212855,0.0018456045481077684,1
0.01680086068858625,0.5675207495015809,0.012763870400499427,0.0006231278141958775,0.18062196124438606,0.06842817536556915,0.0548205798651911,0.08366648042678013,0.0013958647237658263,0.0133583299694454,1
0.16415246211321086,0.017125103966951695,0.008130534557778183,0.05274637048432021,0.1226450761238289,0.022821576739282687,0.017124097435207493,0.013794457874792049,0.48422496898679535,0.09723535171783283,8
1.6014414766662851e-06,0.9977113624912465,2.177588101399807e-06,7.40000706807713e-07,0.001847163612903406,0.0004177150655704975,1.75212075000037e-05,1.4038259207967188e-06,1.4475787440428398e-07,1.7000869940358723e-07,1
0.0737442244705336,0.18397852106603196,0.21306380269660863,0.01450279193899924,0.1671076578688978,0.05121930812708153,0.04534304872798929,0.18712922035467977,0.012950833346138476,0.05096059140304027,1
