0,1,2,3,4,5,6,7,8,9,Y
0.8118279881097611,0.02519649604149096,0.03191879733228932,0.018563978728719673,0.006907576211570529,0.0031057973185447665,0.026260973704034168,0.03099243107648399,0.004227390014296975,0.04099857146280896,0
0.014177654011926494,0.21769702447842526,0.0016530122831984759,0.05880207127583202,0.0647186071207399,0.0026852034575629022,0.0863367495833495,0.39915103181210443,0.04182263102456926,0.11295601495229152,7
0.0008637970843166665,0.00798767104588524,0.0016818616483839906,0.005708913419841071,0.9318532809633164,0.0003018386785800256,0.021802126359970253,0.010989724563047629,0.0034639020118091305,0.015346884224849994,4
1.280859731964081e-05,0.0003465114745179157,1.1357199589076779e-05,0.9795797356698478,0.00014825178377396485,0.0012646461531485135,0.0040000164931864365,0.006756515011418352,0.007859614302011817,2.0543315186388815e-05,3
0.8583899115963566,0.012272225418486337,0.019075148755318374,0.03751154984452822,0.0019217344382424673,0.0011513222268774543,0.01812307997545491,0.031621693011051326,0.0021723202141324255,0.017761014519551928,0
0.06383837545006393,0.05190803852926229,0.6278065180838606,0.06819892640932214,0.009436716577834015,0.006925586400896307,0.038636187006817806,0.05470470317309691,0.013009017514013042,0.06553593085483272,2
0.002434805832945732,0.008899473768382843,0.00346707917905369,0.010688865408486953,0.0007292018469844132,0.9186483824113199,0.03255280337255179,0.0037522082543634734,0.009498748362398345,0.009328431563513056,5
0.0007252518018117794,0.030026975461552582,0.0007210528936271787,0.15554879710914332,0.02692526617335431,0.004867205233007443,0.17499388418325748,0.46956622218158156,0.05495530076498468,0.08167004419768009,6
0.650004214416397,0.020744874544731534,0.07764352312200168,0.08972229674545726,0.007570226638983064,0.007867225489085274,0.05195067994109692,0.021340219622834018,0.017021844629119688,0.056134894850293576,0
3.0058288706840172e-06,0.00029272736949445283,7.237917077169884e-06,0.004893979724582253,0.00011908337908204871,0.9909755259639627,0.001693931147062326,0.0007205617364806805,0.0012011586261624653,9.278830722530191e-05,5
0.002452129971382502,0.156925070089893,0.002110093224578379,0.009127112680050288,0.00674819351876405,0.007543038350123836,0.20401445863167406,0.49512573153652223,0.06329884984111053,0.05265532215590118,7
0.8722986979330115,0.014876110163673214,0.00502612660110896,0.010093478163345012,0.0041763120596482895,0.0008816033030256575,0.02911131242885897,0.026552925167224288,0.0034187245599521525,0.0335647096201523,0
0.00771895109118943,0.12052723843233039,0.009221363161534293,0.21217445441185795,0.053493094304501894,0.006784549047416922,0.04254055252609787,0.2143251519337236,0.06152703877684965,0.271687606314498,9
0.0003673789057835129,0.021776503967935054,0.002166050653197566,0.007193302539386819,0.012820632380773833,0.0005181662140443592,0.05086495598279496,0.09618284478852017,0.7813436135630076,0.026766551004555834,8
0.002622478419908637,0.19303401007355372,0.0019549375123952594,0.016886876125293694,0.020528469743412547,0.00858130560029555,0.07146169508965748,0.09022893526456224,0.5109039311159004,0.08379736105502104,8
0.0004983149794132773,0.275039550456503,0.0010388517069835643,0.02356728922956582,0.14995426909713033,0.0016224567743983109,0.03325283203161021,0.454204063250307,0.026680467311509727,0.03414190516257886,7
0.09014269182360886,0.053169667920228876,0.1891748562327911,0.04282319397267683,0.012824895546635249,0.22851518980206748,0.2024335243158018,0.08034490451869546,0.01494949131347207,0.08562158455402286,5
0.17506009421746346,0.022786332794333286,0.6707587205822425,0.014333426443297242,0.005040342209134066,0.005854735551678046,0.035735660253277374,0.029978492214398328,0.004985998903493907,0.03546619683068223,9
0.09180007420804977,0.20840731924458275,0.1511607290064374,0.06149644861284064,0.025055863678576252,0.018827832656988903,0.19013417430270607,0.05331976705507164,0.05071534295342539,0.1490824482813212,1
0.0013426623100610403,0.32107817464622224,0.0011756847921210278,0.19556573682256959,0.047201236879411114,0.0015953749971093347,0.20394387807106018,0.0634579428777837,0.11206546028739181,0.05257384831626997,1
0.000720908528040486,0.4281345728482987,0.0010832341116632869,0.02660664219005348,0.017992053399758633,0.0005876380682770418,0.053881936651073194,0.2451486183451159,0.19614359451529953,0.029700801342419963,9
8.189144228089515e-05,0.008098383157436323,3.7511327841570976e-05,0.014087851262237047,0.008711067316572918,0.00026445796533601236,0.001419242673869733,0.007977432649164543,0.9404080742486385,0.018914087956622805,8
0.060163391677597454,0.023779630017535195,0.7779520777795563,0.019513296052153805,0.0057446959949856,0.00543603730940835,0.035249125217800784,0.037028580359163746,0.006855697936183807,0.028277467655615174,2
0.21931104067184987,0.19336253225058836,0.10385355150343337,0.05749288461575041,0.02680610778677115,0.011775394247053336,0.11077541890582045,0.08682665446193662,0.01675731892116273,0.1730390966356334,1
0.0016738773603061296,0.21162897443050577,0.0015698767234207812,0.0037637376546782422,0.06124713893445419,0.009289970897959717,0.3026059142895549,0.3045019250776286,0.025610510445130224,0.07810807418636143,6
0.0010404451006022829,0.4011769901818067,0.0009194218642478961,0.03392236886020053,0.008251216732597776,0.004470888071018873,0.12282758476770715,0.26556831265451547,0.07953579165886934,0.08228698010843385,1
0.0018317870591238654,0.18339432896627,0.007448511965702864,0.025730922934231744,0.007703510109599878,0.08985396844518412,0.5499752922260667,0.025648448142683543,0.025605147926918672,0.08280808222421833,6
0.3342153950843947,0.3100780848315367,0.0010131365907225381,0.018435576275082466,0.007488802284529645,0.0009134831009928687,0.013739915933651302,0.18592653058449546,0.013819591422058205,0.11436948389253619,0
1.2835077953467093e-06,0.3935464592702394,1.1307368892835302e-06,0.0027228481764203665,0.000145018983562863,0.0002923151923296436,0.0006085709340754549,0.5379138450311325,0.06417354041939964,0.0005949877481557357,1
0.3936296720910167,0.029494942578932173,0.3878534246942434,0.03880140693150632,0.005360886596691769,0.009488962612090706,0.03870043825433961,0.04783462241833461,0.006883962790987184,0.041951681031857355,0
0.007380901864632171,0.12239306023930142,0.012626662929065384,0.29888876300591144,0.041644972506654145,0.04226118262024438,0.14425151197092984,0.23418009980629342,0.039554656667306,0.05681818838966129,3
0.10070966472415911,0.3013514575876879,0.12810252933363528,0.062427479206586735,0.02531220282847156,0.029065312758978643,0.1709762287631457,0.07044989633320968,0.009525468622522197,0.10207975984160335,1
0.009542501445037111,0.20936986789391349,0.01527392410574923,0.019599577710226964,0.07968279336538737,0.0038289368067213913,0.33708683129165035,0.07659539825578028,0.012429788067816446,0.23659038105771799,1
0.0005662193730793583,0.011967467072987655,0.0017653463181288302,0.020993498529620673,0.0038308107919661507,0.0018119046780878747,0.012785322335571213,0.018350746539901458,0.8908514079609404,0.03707727639971576,8
5.084914057643696e-06,0.0017534238041186816,4.400413337147493e-06,0.9388600952508888,0.0012283662313851453,8.851647048014438e-05,0.00021556534837400407,0.004294174487048786,0.04919532846596307,0.0043550446143467295,3
0.0008326895008619131,0.05315501182795277,0.008508840169638298,0.022788662989884693,0.7503566333659847,0.03897109497730384,0.03244151323253204,0.05617748365869824,0.02022751691158692,0.016540553365556453,4
0.00021273430322660513,0.1087661031303264,0.0002839980329078395,0.014809818493116654,0.008029986761749455,0.0006801202539617566,0.03215548389249456,0.7525796852971975,0.062072693582042905,0.020409376252975682,7
0.17075794621072016,0.05817993630806561,0.3047013105559108,0.026619379142791343,0.007767009182478812,0.01143220328134637,0.262770447003571,0.0831120643808566,0.01406179198118147,0.060597911953077295,6
0.014942907833548572,0.4693997776772369,0.026987083065002655,0.01851680002014803,0.009626946878003436,0.006120313050298494,0.045793439224812514,0.14734579612334764,0.1883522852636231,0.07291465086397841,7
0.27018030923402114,0.135544357930736,0.024703532184780008,0.1303082190581147,0.01937223427795237,0.02169221538423037,0.09163044662053194,0.19181215255239636,0.04488120895790002,0.06987532379933689,0
0.00041148011667500807,0.0018483632138364436,0.0003657983879329554,0.8829793102949702,0.02609080551358464,0.0005817264100276767,0.009769477475421782,0.010600601362809478,0.06627529728321457,0.001077139941527527,3
0.00012286601282897422,0.004568053389076086,0.00012960026964178143,0.8458181220045444,0.07316100983896584,0.0005684937333048449,0.0036225987147437376,0.06411376601676176,0.0022467541248666753,0.005648735895266355,3
0.6763873391325754,0.017666148213797236,0.006361747850181848,0.00390636406924643,0.003340137377875335,0.005244861510202104,0.030513022758885497,0.16856140288434435,0.04991851562256011,0.0381004605803314,0
0.011770969958110422,0.252515578001726,0.006892876013726738,0.13516501700066538,0.009996340916500451,0.08125161788888265,0.1256456471452011,0.22919671993965013,0.04889274323712451,0.09867248989841268,3
3.845186218502361e-05,0.01650424777553758,8.856092529556575e-05,0.0029394991210122848,0.91800952910432,0.0004159009200968612,0.017391459732075815,0.02941081715319297,0.007824269516737958,0.007377263889546193,4
0.14355156652988735,0.048139481579107885,0.5002368060951147,0.030470999964915483,0.008704252256184252,0.0327247128308092,0.10604084063670415,0.03929366507704662,0.02142539815659605,0.06941227687363448,2
0.0023761881873292337,0.316603870593064,0.001931018550158155,0.009720404047968692,0.009266377632973074,0.15017251451194108,0.16988032587462956,0.1922440942110763,0.0470749155623273,0.10073029082853269,1
0.0032361029257041464,0.018007027649882646,0.7640380402191307,0.05538022769323124,0.013809995641944997,0.009313102007880466,0.03669226426303344,0.04187540664648667,0.02333315156570712,0.03431468138699844,2
0.0005512806740880666,0.0568654671326857,0.7202937573938565,0.0019376333740806354,0.016597160125306813,0.009608963381190107,0.09227148715512166,0.03781926061128478,0.03389833679106713,0.03015665336131881,2
0.5628453448157212,0.10190130112956314,0.05399807843540928,0.0502700480479974,0.010923746841403993,0.007397730184849966,0.0538979541482917,0.06491843152093392,0.019714660171085106,0.07413270470474422,0
0.06340831055896987,0.10222019120539333,0.39259315201112377,0.06718873834204196,0.025236974713669102,0.028575230992668323,0.13151505234575928,0.07285350190879042,0.024189818299877416,0.0922190296217071,2
0.0019579184597178488,0.07654487057426869,0.0031631871608283407,0.09313390863851558,0.05676766625898694,0.0052526941123964615,0.062178644816974965,0.32045726567214194,0.06763385305893188,0.312909991247237,9
0.00012723335421472413,0.09114972314053861,0.00012702327859932707,0.006486227591157491,0.00495857641057784,0.0003607381281047251,0.01303622083458447,0.7805899035397763,0.08603552165206062,0.017128832070385337,7
0.040199774079805226,0.12181456077499808,0.029730642383598165,0.06011942926709923,0.016253733678683643,0.0032143023719341532,0.24125819931986398,0.3008717746202577,0.05714142145725785,0.12939616204650198,7
0.14954276782544457,0.019057540956830005,0.7103832173068503,0.014051816586183461,0.005470968705902624,0.005212614048988726,0.03299995136229219,0.02646990796986562,0.005178686632825279,0.03163252860481709,3
6.977067561933505e-05,0.015365607990951657,0.0002621621540797306,0.970619848828153,0.0006415061742968739,0.005704073958556742,0.001753285914050774,0.0017105219353565585,0.0009941129835790532,0.0028791093853568965,3
0.11510428809559108,0.03235554751850616,0.6585149323140698,0.035906426133088566,0.007650418999198031,0.011121087916977069,0.05458603609980445,0.02905623059694145,0.00908084098246014,0.0466241913433632,2
0.03303292385494522,0.027268679232231963,0.08046417895007502,0.008507012475233501,0.0061896813907788215,0.6880764888371985,0.10926104431487871,0.014677358943861844,0.005240620536541242,0.027282011464254997,5
0.007284864195078187,0.010374695164883875,0.929893094289873,0.01642471723301757,0.002161519479884458,0.0011639833737222675,0.006098976474563263,0.011246496131901876,0.003259651755422043,0.012092001901653096,2
0.07083457572741586,0.03319119118926519,0.6577903254363346,0.04124293785959403,0.017282173405166804,0.003488367336189309,0.048664612366237925,0.04068436079059676,0.00886879075334738,0.07795266513585175,2
0.033904911620346506,0.05914622610997146,0.6178367203770158,0.007944269128550749,0.0161864699681797,0.016846853922845968,0.1111323424746719,0.0714101697828996,0.03142341067041273,0.0341686259451054,2
0.036693420184522416,0.071446302929158,0.003581305788827891,0.025308896625965784,0.011176219489797905,0.0037675691892108693,0.06982298800743722,0.6528824090682244,0.005967784733907698,0.11935310398294789,7
0.008064951505941553,0.030462799172778183,0.03053336890758433,0.02255564647019696,0.02454853109376751,0.7960874146967596,0.02958248912962637,0.025437970897908953,0.020217290309046287,0.012509537816390158,5
0.000498272497381256,0.10907757826590517,0.0004497868554342591,0.008329597792890924,0.0026514517140049645,0.003556402277725369,0.0028158531770743943,0.006237755082426633,0.6556101642845584,0.21077313805259834,8
8.880682332363376e-06,0.0008029710029502285,3.880328332906262e-05,0.9873100909211542,0.0021480367487684195,1.9160271317948207e-05,0.0005877704260588006,0.001488793460739368,0.004740222452730589,0.0028552707506185613,3
0.001219125280083434,0.050082189857029724,0.003613599445036945,0.038676835451460126,0.7383536012878829,0.0007193956908021613,0.026530564521195343,0.009527629985276231,0.032552954188056656,0.09872410429317686,4
0.058939013781813016,0.13302604645562213,0.04493226173390147,0.06602257853120963,0.021289219459439502,0.013397132729094244,0.14015666978132774,0.40926181702671305,0.05602623378393513,0.05694902671694403,7
0.013555410295517371,0.15555347399979225,0.021849249094247555,0.003362525082226477,0.001799401675016241,0.00614461790230411,0.3273398949677784,0.31289585704316386,0.12925202845688563,0.028247541483068087,6
0.009324980939640591,0.0776556339455378,0.017086114704497148,0.06289015508782156,0.5529477986822431,0.0017351519766658963,0.07015374596909642,0.07841580612952487,0.01007041598160667,0.11972019658336615,4
0.10616686303619705,0.14950494481308466,0.31370383292570975,0.028790826185903267,0.01643516095380575,0.033163883501635856,0.15163125880927292,0.09408679662041476,0.022221791343225536,0.08429464181075048,4
0.000181395834197351,0.8603322266114367,0.00015936188865234112,0.0054407938891356455,0.0020024118797633806,0.0010221320754979955,0.01716684689248498,0.07314004196110784,0.008731047757980644,0.0318237412097432,1
0.404665755472953,0.0281670135442938,0.37581997838173287,0.026957511685896544,0.006049418283846141,0.007810993354903103,0.050962835560061745,0.05035196315486597,0.006096758987587524,0.04311777157385955,6
0.0030926663035386872,0.02139359206973157,0.04083062027493937,0.44258317316763984,0.022105358225493726,0.04126695962373778,0.17983129941915693,0.03412981115069353,0.16210305896561056,0.05266346079945768,3
0.6088231787392436,0.0495729184593255,0.09835729916793289,0.07350453155721982,0.00909488632493088,0.010617136697702026,0.056731523929865864,0.041144922163152825,0.008987619860900636,0.043165983099726045,0
0.000668835351594799,0.009965110094737802,0.00043109999529318457,0.019744512196140415,0.7993914405991305,0.0002664320080671089,0.013640697889097483,0.006992914385726692,0.0032409580737826973,0.14565799940642934,4
0.0018234125272157406,0.13363949142105344,0.0009735900795955631,0.008480969959461465,0.06952377871820851,0.005773274151070101,0.02869976903152136,0.5305795542044593,0.03552470452050336,0.1849814553869118,9
0.6983421559476821,0.024987575050543553,0.03624130621931311,0.018447046737262943,0.009347754612334856,0.007131800832293952,0.09101515659948825,0.05355903054006871,0.0071317010812734696,0.05379647237973909,0
0.21734295706716097,0.06994351486058313,0.19743680201412733,0.13734247456992782,0.021574461240280517,0.042534691593287426,0.07828467120470964,0.04555159003246363,0.029281090333826577,0.16070774708363308,3
0.1298246950324033,0.06354594316655121,0.009101919643328571,0.025813241448217415,0.020054060641968994,0.025778714715875416,0.3533823835131663,0.266621591915607,0.05958635219708606,0.046291097725795385,0
0.20540515329518833,0.05195358561261546,0.4126111088448213,0.03306663014443573,0.012824010144761568,0.014178036280704732,0.10857937179555761,0.06813616019494283,0.014509630686740929,0.07873631300023139,8
0.7471945510590688,0.029928646233146096,0.03420838341557251,0.03987199789758253,0.008735978747103018,0.0017149480489304276,0.033590920484785104,0.0324303143567275,0.006967267320044094,0.06535699243704074,0
0.19089586627099212,0.07081848057013085,0.001496496458552251,0.07125206714268796,0.010115089998938034,0.010390139725008758,0.04575568760029708,0.08855489657174101,0.07554694061156311,0.43517433505008835,0
0.02486756527358379,0.06416882935489085,0.5933419442560784,0.009437373966134536,0.009831797592169463,0.0297019635553652,0.08032563330321423,0.11283037249584564,0.03665664757337974,0.038837872629338265,2
0.10238998503930638,0.07587616987042912,0.5511924609001161,0.01996149409657771,0.010190750058593946,0.024383890368878027,0.0992121119848199,0.053754343298623136,0.012123241554028467,0.05091555282862703,1
7.136597359720584e-06,0.002208997671307536,2.2237149117127995e-05,0.34324999207631907,0.00592505377819102,2.946975533411315e-05,0.00016800026355452317,0.0013293319914194266,0.6467729711397683,0.0002868095776297345,8
0.010007490242422826,0.2961629836483942,0.006380013839288901,0.022907827253690748,0.04704856179712573,0.21091558126018467,0.26595493541736653,0.046359690478119706,0.035296596364217246,0.05896631969918903,1
8.281973141837106e-11,2.555129790693811e-10,6.576395198570205e-11,3.067140485459419e-10,0.9999790003045042,2.5122683771793235e-08,4.328107888952949e-08,1.0318557666022158e-07,9.879254905849432e-06,1.0948140439904154e-05,4
0.6054361771728216,0.21538262470516933,0.0007053851042943519,0.011893653614090685,0.0063698609157539395,0.0010236805922104332,0.01653795370635321,0.08056745571905793,0.008342170596341654,0.05374103787390732,0
0.2892248566098112,0.02818424856754133,0.5305723777756913,0.021233281618634456,0.004296469140135778,0.007056589371542366,0.037397151451793495,0.0393655339818967,0.004626926399301861,0.03804256508365184,7
0.12338278875515177,0.026658118184900444,0.6865090905759874,0.02958719350998894,0.0036943694776483656,0.013531085059858904,0.0405518702964735,0.023568012957976472,0.009496940077672737,0.043020531104341064,2
0.0003244593467093603,0.1918806976906874,0.0006764740784264235,0.0077444198726885445,0.0032320474308166194,0.010346032332958449,0.695594570548687,0.0284902684278721,0.04794765649284942,0.013763373778304899,6
0.002569997991137074,0.1575212513755915,0.002317985482128655,0.005193067971264651,0.028128118754958575,0.005550612480901525,0.15907443219278825,0.48131054468135576,0.14770098913229707,0.010632999937577296,6
0.0008497631989038983,0.03331417798153223,0.001834033245966621,0.007541385846067352,0.0012383554535917215,0.5193500780277198,0.0032931541234172013,0.00502413915736839,0.35129610180585785,0.07625881115957452,8
0.8626229149228269,0.010102660866678662,0.000448662634518174,0.002337916301585151,0.00809920665257812,0.00010156667623494125,0.0060659071568977645,0.07881573814277629,0.0035533761001445723,0.02785205054575951,0
0.05222025622896459,0.033745953114091475,0.6958593217496356,0.013563532636995645,0.00750429237571928,0.006500595340205164,0.07860090372832168,0.04843826994641594,0.022524733844199347,0.041042141035451445,2
0.8051364303228251,0.023512643931687473,0.06929112487413999,0.012337377662600813,0.005459210281721588,0.003663140573612375,0.02236301577025912,0.019590374185759617,0.007271867644095136,0.03137481475329877,0
6.265011118769065e-12,2.176950544321082e-11,5.09897374318253e-12,3.807470798612115e-11,0.9999967289850875,6.163306746161993e-08,1.4638292099420029e-07,4.348744422455434e-07,5.440164686483914e-08,2.573651626671485e-06,4
0.0036579422974201453,0.27324669645275484,0.09378436222682347,0.034755383664656005,0.012406949832365498,0.010710811010193548,0.04919210708252413,0.1644012729526182,0.20759212203615873,0.1502523524444853,2
0.00030336646931223784,0.007390176977813928,0.948366523673118,0.009139511338558715,0.003140258327632823,0.0010665838269366436,0.007997530629499988,0.008602511473096885,0.00578943335598244,0.00820410392804786,2
0.008512536242963812,0.04861901664030942,0.0051596249173564675,0.01099949722783384,0.04166646762928491,0.0025706567351728316,0.6016810026503551,0.0849726698376756,0.003144438272759582,0.19267408984628764,6
0.6557928630965945,0.049525943724539855,0.06195000466711805,0.013721063721687037,0.004421006483880302,0.004601415468588644,0.08699377867303922,0.05341353455450714,0.006774140724531363,0.06280624888551396,0
0.0009005354022264363,0.20434387564067075,0.0029838453096492023,0.1514047407771423,0.08331366497190075,0.02282045186427192,0.32747112996092853,0.1514686913955219,0.020916670960764456,0.03437639371692383,6
0.0003793001486496922,0.010660653023871671,0.0003166077583352651,0.00260999270473471,0.0017742442776881695,0.02085432226650208,0.002368576402664669,0.02084536242617163,0.9022236709918139,0.037967269999568114,8
0.002658411460011429,0.03366863133302104,0.8322415102003324,0.013092125584899658,0.002367495541324733,0.009827196783532206,0.049039662257197865,0.02074714607383166,0.020163917760755365,0.016193903005093484,2
0.010734237067842448,0.6580439587082859,0.013363920338725944,0.024833037261155783,0.009796204411955972,0.035794134517530524,0.05567438959937838,0.1151670589449178,0.019532769606308713,0.05706028954389871,1
0.003000240351503112,0.08678310350578165,0.004480271188339224,0.04236993265145401,0.0065670525165055765,0.001455319043734372,0.511750989856087,0.128198759193671,0.060939117876729156,0.1544552138161947,6
6.853499391125878e-08,1.8396820565376568e-07,6.810031908985193e-08,1.8728079096527594e-07,6.849572217616727e-08,0.9995853209232441,6.115807982210483e-07,5.136187039387782e-05,0.0003391201699242175,2.300907560765367e-05,5
0.005067042061436583,0.005651886345303041,0.005987593094774665,0.9580578750571677,0.001518374229259582,0.0008377399072271116,0.009821748647585572,0.004126400106418966,0.001145062885286038,0.007786277665541198,3
0.003024450301008663,0.012412736478414451,0.0033589374331657656,0.006806660559754353,0.0010713132692582764,0.9432641070590768,0.009837649545743265,0.009850142234246677,0.005460177478560917,0.0049138256407703145,5
0.0028862033348724405,0.1747716879128717,0.0033624720837882537,0.10793856030911299,0.011157341659820066,0.001555096317268731,0.38905833450563926,0.1440918917720459,0.04421763075363537,0.1209607813509454,6
0.013972808575335362,0.022849657326636102,0.8232273962043296,0.027193450701136806,0.005227532716897416,0.015038265315197117,0.028485145723414446,0.014438101778110665,0.013321854328692376,0.03624578733025076,2
0.008964100545691913,0.06084994440914434,0.01690284473834941,0.11394793765417838,0.01716863087257481,0.5583396728829251,0.1196702786055801,0.04919046612470018,0.014212898985805723,0.040753225181049624,5
0.3623417735219153,0.108380019382675,0.08904217461076151,0.024264107798696186,0.037722151884794955,0.005017682339813263,0.18887385112979996,0.05164969856696916,0.010354320982927682,0.12235421978164697,1
0.0020991834212365093,0.059326231595018396,0.007017889348589164,0.03702846422132774,0.051785372795676056,0.005864584043424182,0.6014796628059682,0.05686271289711143,0.020457276706988724,0.15807862216465998,6
0.017805012949995272,0.049111953004669265,0.025105199477406616,0.40634769812692645,0.041602421132262604,0.0022495993134231946,0.08795244027432178,0.0994974412941115,0.029866689458392676,0.24046154496849081,3
0.7864963847536945,0.02805493893509504,0.07269606480852318,0.010243538164905199,0.003395340590202306,0.005586537345959753,0.024961185158968655,0.0348576727696885,0.007478529829098985,0.026229807643863335,0
1.4720970523216844e-14,1.0536020327024284e-13,1.2083201419072787e-14,7.188560515043875e-14,1.8448055020097733e-14,0.9999998833696059,1.8908433967689467e-08,3.9138884809483494e-08,3.5290345565978675e-08,2.3292507161686427e-08,5
0.0008513511239936365,0.055258144340797094,0.000744889078755359,0.010011852216473133,0.4572745295692273,0.020958766028043176,0.016873917227250432,0.043963738274054164,0.05223366378743613,0.3418291483539697,9
0.000491986547736453,0.07832383699218343,0.00046517137321032875,0.005931709948758723,0.013260458417924859,0.0017381301105926597,0.03152812154097064,0.12328226429805586,0.7360237706717199,0.008954550098846997,8
0.8912153335766885,0.016429561407562767,0.0010974920136283687,0.0028138613481288087,0.0009370002759381366,0.0002600624768801029,0.023794271647109917,0.025864371405006737,0.00193580073133676,0.035652245117719736,0
0.0012525073230187226,0.5444054387445453,0.0011212111735619,0.0036247942138526467,0.006127888784643352,0.0786239629012123,0.022921970022692122,0.2608375405372336,0.043716833317623,0.0373678529816174,1
0.0016524037805211891,0.17676952817845717,0.367266529986816,0.19794259474291984,0.02883548107681172,0.07490380385682675,0.008738864621732135,0.10405293702523205,0.017831611258962262,0.0220062454717209,2
0.7158279958404985,0.0338189954296493,0.021661681734250517,0.038115049724048874,0.005122058918891435,0.00327017031155089,0.05186177098440827,0.04083677602014232,0.013480399828581756,0.07600510120797839,0
0.0014965343232303946,0.43691743589192733,0.001967834473668557,0.04574879737490765,0.06347578236173106,0.0042959743294873525,0.03305365938508226,0.09231726086024361,0.29098055473843754,0.029746166261284464,9
8.147843285026969e-05,0.03046436340111776,0.0001636069824807705,0.004766307674164904,0.002055520792774777,0.007950588335243938,0.01467510027992804,0.022069017430620848,0.9127195516659508,0.00505446500486811,8
0.0008591263165407099,0.03021948628306928,0.0034771497189178147,0.010030855447378681,0.08760267883418103,0.004916245604582144,0.02701090394579706,0.12601230723344123,0.6968503339736347,0.013020912642457187,8
0.09589770016943029,0.046745414397510544,0.26109685923031417,0.022707473735015415,0.012132174210676026,0.22743640753735422,0.1973353673167369,0.04248988141643906,0.00923056291657559,0.08492815906994763,5
0.000581604277527166,0.14680073697703877,0.0004942596553279555,0.0335546630434303,0.005925412464706922,0.0035741207997004674,0.08419996535186988,0.5947927157201739,0.08169831133309066,0.04837821037713407,6
0.0010785351656254023,0.20292053953054434,0.00035218799014641766,0.011769268902118903,0.024341917481574573,0.0008993506032520344,0.036487784944030835,0.5591283608638756,0.04754433379070451,0.1154777207281274,7
0.06795830906102698,0.2042949833723624,0.17381735581518523,0.09239993245329164,0.023266000065603514,0.015010987781995899,0.08284072477416224,0.19906029248935386,0.05316115262382585,0.08819026156319226,2
0.0022160175606778126,0.05963852042699191,0.0028818490583975087,0.04880833542480493,0.007259360544321988,0.002505012117497,0.03985790499271811,0.20237096151530598,0.2576467039898275,0.37681533436945724,9
0.0021794807397245604,0.3153488453795108,0.0023344547911250744,0.2260574105126544,0.024821916801145733,0.0516656505914487,0.024161073328961818,0.3148089713659037,0.005252616673370699,0.03336957981615485,3
0.44434097706937736,0.027689564812232514,0.3270728880682668,0.02881330553333015,0.0068943481760730735,0.00841322300507833,0.05313030775607864,0.05017987241707785,0.007131506732192123,0.0463340064302934,3
1.920760980427751e-05,0.0025621888847812426,5.778840089807916e-05,0.9717746087999312,0.0020478240726543944,0.008730712003252964,0.004075610424363252,0.005102027802807542,0.004971778493169166,0.0006582535083378621,3
0.002548910697152214,0.1215736222440436,0.002230154276967168,0.2338347004779991,0.10121041701422416,0.005744133344468155,0.10646741439208261,0.22505389308043408,0.16415608198814532,0.03718067248448362,9
0.0009406591934473864,0.014813429399924853,0.004921599458743648,0.06653682251733087,0.01123277270334353,0.0021425330325466055,0.020922282272361897,0.07245166597274051,0.6952081618018129,0.11083007364774844,8
0.0017808238144094144,0.14585182532176355,0.0009530659589830367,0.040166647999318204,0.12972016971296305,0.003035394680309588,0.014055259424135614,0.3867081552303397,0.0620491776955913,0.21567948016218666,9
0.9553017811823947,0.00708726217834433,3.8369280731193986e-05,0.003430828291238483,0.0005545914181334349,7.898528737836937e-05,0.008067097703638207,0.008633412649735852,0.0005352651417002114,0.01627240686670515,0
0.0016243586531395251,0.5308883164573288,0.0006143114128510935,0.019306813412643276,0.08548672740172938,0.001191208445865065,0.02498426337921733,0.2063406100640079,0.07941560180708589,0.05014778896613206,9
0.9413205317386851,0.0035338129623490875,0.00019631519016336958,0.007264581937105025,0.0013344444162560773,0.00084063891584263,0.004651011599257752,0.023008658772028782,0.00837812161010882,0.009471882858203209,0
0.03051283826759024,0.2208002535678299,0.034993905846631757,0.07659908326501595,0.013103184520253141,0.02796895354108706,0.432234946350243,0.08076109813580316,0.014743774095385489,0.06828196241016064,6
0.0006705086870123845,0.27436754171811556,0.0013202390645427548,0.004748047222791252,0.050288752279671466,0.0010753622766862142,0.09280616982495733,0.4788178072271487,0.07224675508484579,0.02365881661422857,7
0.005093510543430346,0.027606097077089012,0.04043038525461596,0.8152319748554873,0.0046484157499544305,0.022173427216980686,0.023683695536319802,0.007789285161217923,0.004189208499063988,0.0491540001058405,3
0.07060505650064815,0.18244096673085286,0.07321353912421481,0.13652976574807402,0.016207322427252098,0.008963878528411517,0.1391874931922231,0.1798393633811274,0.03578218392316103,0.15723043044403565,1
0.0016022650049479753,0.5413687755007506,0.007475225834292777,0.20755001920477556,0.033013044116753654,0.005770727176341949,0.035298830354696886,0.04349123777900769,0.042434402886289725,0.08199547214214295,1
0.21964318430104948,0.04046405234489644,0.528267260971821,0.01642434019508851,0.013374189606459676,0.012169383897466671,0.06576449556332997,0.0417109776416097,0.013848619647053048,0.0483334958312253,6
0.7313214650842855,0.028415009882348755,0.03915311165556763,0.07598112618250326,0.008757446580039756,0.0027153881636282485,0.04280231511693479,0.0249862123632564,0.007199524980810775,0.038668399990625185,0
9.240813356806189e-10,5.979711725598138e-09,7.293775945949343e-10,1.7389836082133392e-09,1.4810963063616302e-09,0.9999464576697297,3.523838697462337e-08,3.158338285348657e-08,5.2162146226493174e-05,1.3025090235726149e-06,5
0.07519443055985746,0.01742543662499998,0.7854149376482318,0.014544143607557307,0.005089346698178966,0.005903589934056159,0.03660253481923316,0.028365149076201246,0.006965832038190342,0.024494598993493422,8
0.07112294077424569,0.16425754489292005,0.029281265074130494,0.06690689627579575,0.02034812095444362,0.011295736573123678,0.3709920962988598,0.12959479592730344,0.037021621491267996,0.09917898173790982,6
0.018517706848605934,0.06357528222735215,0.18872893830035997,0.030053798012652982,0.024976159209433125,0.018629557896771485,0.44663256872976986,0.06577073252439801,0.02598025409733193,0.11713500215332497,6
0.934674323354454,0.0071262658876204065,0.0012147968678657014,0.0035434774932830656,0.0002256424312932891,0.0008271593688364734,0.013643935961110399,0.01718386069158327,0.0035927912181849342,0.01796774672576784,0
0.0024855266812136923,0.047238130774198084,0.00221016091075984,0.011774588379103258,0.02343470720808009,0.003856362414490012,0.37671273800758703,0.3732653900147659,0.13640408049281957,0.022618315116982327,6
7.406288374003792e-08,0.00011215396112802859,6.382636991142976e-08,0.0006200704991724934,0.9991222029761232,1.926464051179162e-06,7.542536843989084e-07,8.161370596805521e-05,8.518315516927628e-06,5.262193510161644e-05,4
0.00019014122629582174,0.011733738263622269,0.00016706512990579853,0.6559118717701757,0.003703091579646744,0.01842301888626053,0.0011411904320610487,0.2889498112314259,0.01781098304589687,0.001969088434709175,3
0.13175188500157228,0.031479442993684555,0.665460940290982,0.014288186175825486,0.007178687609662669,0.009436028132300852,0.04897427932331159,0.035354077816735566,0.008146779655238998,0.04792969300068629,9
0.01434001844028207,0.1753347141472426,0.010822653007335599,0.15787466913978887,0.018139944945592082,0.004119104887233577,0.21779189471772123,0.1681880355347501,0.03265112974680508,0.2007378354332493,9
1.4938725770233332e-07,3.528511233371019e-07,1.971905446004747e-07,2.8260086003336156e-07,9.695187228156157e-08,0.9997942593683788,3.443084723245053e-05,7.372874489864508e-06,0.0001452814011094659,1.757652713144599e-05,5
0.051970112817378,0.13581912417106387,0.029494492529481747,0.019785027276752586,0.02043653761538336,0.01850150699463206,0.18701258900160572,0.3207086385297475,0.13419575515492782,0.08207621590902732,7
0.010473492355596824,0.009277755859734676,0.0019351012614960423,0.039389368086910626,0.005073363802067922,0.7183807386724256,0.11599617852958703,0.045527511083432184,0.013507778754338786,0.04043871159441016,5
3.6115434723461694e-06,0.0041152464818873585,2.3483485636614963e-05,0.0006455304194626861,0.0008022020251973643,4.4949405128484185e-05,0.0014682146362362297,0.00864265195742198,0.9838020564830002,0.0004520535625566234,8
0.011242229111880164,0.05308201426904323,0.5134735081268637,0.03497614884755819,0.03385317681865704,0.03371209232509677,0.1349741070033712,0.09086454937701477,0.009427217677230763,0.0843949564432842,2
2.3345297085625553e-06,0.0007975255356481325,4.6896126289294234e-06,0.0020207705402920783,0.0002678845308598088,0.9911957019689571,0.0004893126554151975,0.001263413645278809,0.00364911295490716,0.00030925402630441136,5
0.002038956225653679,0.02296836617862425,0.7904147282423638,0.013489636510854278,0.006961520106221716,0.003108779623555792,0.046161199465749314,0.04551467753169272,0.013654473232900446,0.05568766288238364,2
0.0006344869944711923,0.10592271393152551,0.0009307860806316933,0.010104468467330745,0.006941970147184205,0.0012813043948860653,0.08670529025224842,0.17898643413308768,0.5847742473509502,0.02371829824768414,8
0.13080694314165703,0.07877037694205952,0.3482613033301311,0.047622951120613606,0.00616359933439651,0.008715464004044987,0.15029404289492965,0.06859145530537673,0.08764522472639039,0.07312863920040036,8
0.34516695098947847,0.2309339976265722,0.00900425162603421,0.03910769755899308,0.030249254803502622,0.009580283393128343,0.10129183297387576,0.1657113108834669,0.017759244759258025,0.05119517538569007,0
0.05405868039469843,0.029106738466865737,0.6717701238619879,0.07829964453822641,0.016089360061726704,0.008294279295029797,0.05206545452281714,0.03675288701832326,0.00715632633374096,0.046406505506583234,3
0.0006619687180424946,0.05071903417871995,0.003635276739824475,0.0270757443496019,0.006517964908037945,0.0029787100498133924,0.6974526235251182,0.18218743164487006,0.008813289096250336,0.019957956789721284,6
0.009810971358064314,0.11435245801724449,0.008717840814334963,0.08807122887808519,0.1003439998414019,0.5831214666874371,0.011802439707655973,0.01479135813979798,0.04541186503368168,0.023576371522296607,1
0.5329236463865431,0.044804354624590266,0.01150834200214368,0.02849909717776179,0.014747967131806556,0.018337010661038107,0.11350271754144496,0.13497943398451956,0.013579723661494578,0.08711770682865771,0
0.05454691625844378,0.1709431126362555,0.08282249053394945,0.07700032536860488,0.04385738340131502,0.021125932144724892,0.23523947163034276,0.0682941891940223,0.05144448434229535,0.19472569449004554,1
3.751543066793313e-05,0.001347965497547039,5.343269205016552e-05,0.0006462222104588455,0.001986073417079617,0.9888134706615883,0.0013097655599964108,0.0036491214820817464,0.0007121242206983192,0.0014443088278318843,5
0.7372421538760324,0.03461666817410108,0.023174850028491716,0.015196566714797737,0.002294483466992092,0.00718846926861123,0.07451156871118271,0.05032359433924391,0.006720924108016383,0.048730721312531124,0
0.048148647419357704,0.0843616593033896,0.2389055687787329,0.11893467075326768,0.06779529721704673,0.0055710947993753805,0.15327693411693927,0.1448054462888205,0.008492829154522472,0.12970785216854808,7
0.003232185948917059,0.37003437774987313,0.0015611556709182969,0.025469317576210383,0.00473666409940684,0.0014262863278760648,0.18024625220866525,0.2663843398343874,0.054443745826150615,0.09246567475759451,7
0.023136764991865358,0.056608855947278214,0.012738725545688282,0.0061283766022374835,0.0064213598266056725,0.017705040408786572,0.19980321088573813,0.1709874692934226,0.40972763940299933,0.09674255709537825,8
0.002048303597910275,0.560461232035101,0.0068765386782368544,0.16040724815721144,0.03164756787769465,0.020463059577537544,0.057261962716454985,0.08240098496700203,0.02554258261591382,0.05289051977693714,1
0.06522785697622226,0.01685346522037229,0.7924101846340328,0.019503205185076714,0.006826402657009139,0.0039158467700644295,0.036093838329264216,0.026770410167860435,0.004879442020873005,0.027519348039225074,2
3.819407655374344e-05,0.005827827802035962,4.747087035120134e-05,0.9471470801285101,0.0014778824170187087,0.0010596914293661787,0.00738359164030332,0.02536195726401913,0.009727538937491126,0.0019287654343502574,3
0.001992721212946349,0.010908230702971729,0.0017622433677772788,0.15450710254000113,0.015503651227105184,0.005284517731189842,0.06594144618193654,0.21075850387179787,0.5258568158309829,0.007484767333290816,3
0.0405630009817878,0.2873110069519061,0.12667550797880509,0.009492408613472097,0.010827927401172709,0.02896242332174926,0.21109882238943575,0.13422839302463296,0.009548088682757774,0.14129242065427997,1
0.020766822483886452,0.2509407948653704,0.12342241416328424,0.012881189276976027,0.015308669457611036,0.04147762580430464,0.24972760677776912,0.1530272503323237,0.05718546746620057,0.0752621593722738,1
0.22100480058984814,0.1405210515100646,0.12407276849485023,0.11315464369882214,0.025764384021000546,0.009567414487415223,0.13407967077848315,0.0545010877029332,0.012946937079873787,0.16438724163670868,1
0.07460200244556672,0.05801788810780938,0.5875684775127901,0.027156446806454744,0.011403281015125173,0.02763932805053996,0.09924841098847915,0.06633071018423763,0.011286370506172387,0.036747084382824646,6
1.7546074448221994e-06,0.0015049328351512846,3.58012805058184e-06,0.000639295035041419,0.00039397001271176485,0.9943685406252326,0.00196229038994027,0.00048394715413064014,0.0004562742982033547,0.0001854149140928508,5
0.0155224276132666,0.0604204476724822,0.012711638304448936,0.39598282511110466,0.04476637738888483,0.002664716144142667,0.1885413271467894,0.10975244240391885,0.010175648827541845,0.1594621493874198,3
0.3556275353078342,0.14833905628155158,0.011939874957454463,0.0159230277229558,0.005903630967544513,0.02498646416711223,0.10328281127368882,0.09256676186552261,0.013319183667534736,0.22811165378880097,0
0.008618519007773452,0.2731983696382031,0.08080890434961124,0.14758095632410834,0.022627098468322126,0.019308148056914706,0.13397739883284684,0.09726082092507313,0.16014296580784337,0.05647681858930415,2
0.4870616551103443,0.11868083245691655,0.007769131031135144,0.02032307043123748,0.015398718253250768,0.006171722431123286,0.1483685436915641,0.06682868600313081,0.00840464608221744,0.12099299450907927,0
0.007738788110489468,0.1868029971545249,0.1126555361874254,0.01243532675823978,0.00561880583118706,0.019376449337898095,0.3553773300951644,0.2048260016580683,0.039766893354301724,0.0554018715127006,2
