0,1,2,3,4,5,6,7,8,9,Y
0.1897845029221386,0.13359366878129184,0.00835916839914662,0.08169820446765369,0.26750743251840775,0.008063244514609162,0.04396520025193608,0.17172845143573362,0.05033330026666943,0.044966826442413455,4
0.004806137638846055,0.048331280191867526,3.596387156867948e-05,0.0010816061801011553,0.0008569562519721933,0.00021870369319308832,0.9399818889724633,0.0013606222314103559,0.0025083753418361924,0.0008184656267411886,6
0.19247763989502445,0.17617901854850226,0.011759902200050368,0.09494447892565891,0.04860498265111304,0.12794520735310197,0.005911557473044989,0.08221532240084678,0.2244503342740654,0.03551155627859209,5
0.07975871039158858,0.029956518642936792,0.55330194344562,0.02593285663038203,0.04653922508593014,0.1538062689082919,0.027594118297196265,0.020139052566407425,0.028064526727911064,0.03490677930373584,2
0.03812178651497537,0.09108614428731282,0.00015751137668508632,0.7894797283644672,0.013863064524946749,0.00034761677022182987,0.00165189440962022,0.051728613599733235,0.0028525758784842623,0.010711064273553207,3
0.1811525483308275,0.16672334360224966,0.018044404488641065,0.16148110411512992,0.10201267020238072,0.03389623339989018,0.018037787444421072,0.0752885454918894,0.1371706959580735,0.1061926669664968,1
0.1850941271828803,0.053636246205274796,0.15254874501878282,0.04624988905515925,0.13143638549106515,0.2639431678766497,0.018376204732195103,0.023928963843440013,0.06966829816060267,0.055117972433950516,4
0.11172142256486303,0.026949266912968464,0.3662796943947388,0.03315082710721913,0.056875619346853735,0.2643586594316294,0.02476863337518231,0.018970679493401935,0.05034793788662568,0.04657725948651731,5
0.04928642941856456,0.027341326747433187,0.0007395169026294944,0.8022543579808264,0.033694378017892025,0.003201109812890046,0.0006044391924071995,0.010345048811311002,0.05803224211841005,0.014501150997636022,3
0.03089770943696623,0.024147658014807186,6.773703122243172e-05,0.879824704824315,0.012762174380322972,9.93907391098521e-05,0.005756876439802251,0.010922787576247562,0.027735627395551854,0.007785334161654912,3
0.20825688697356143,0.030098663795501295,0.008447702740234405,0.10809402949682188,0.35644044668898417,0.01646754204040946,0.0034108583557279555,0.10766063021292627,0.06826129836306426,0.09286194133276883,9
0.1743092073213304,0.04011056504663496,0.19377402964030666,0.03742746865840719,0.11532413353240294,0.27203597168492805,0.020713320389526613,0.027592085094512723,0.05847998670584004,0.06023323192611144,5
0.10463583976368153,0.03434706242608576,0.49933460459740864,0.05024095142117911,0.07408403795468926,0.14196159263167502,0.013518134070392365,0.023387700875720778,0.028145783491763377,0.030344292767404205,2
0.07956211700419552,0.030444623970882816,0.7560724727248086,0.01562309175146163,0.03887220882367155,0.019159995037977134,0.005386849081271833,0.01606693954019643,0.023004003510498628,0.01580769855503601,2
0.0136374089924041,0.020564259981892246,9.716285629673721e-05,0.008717310906259473,0.002737094033974517,0.000134781416393389,0.00016846799498513438,0.8889749890102281,0.062265945366454585,0.0027025794411119066,7
0.12596682571628803,0.04312406131254419,0.3816866411028625,0.03541343264856253,0.08425731936736897,0.2016070525879352,0.021417276200385475,0.02431158990590315,0.036737000487732846,0.04547880067041687,4
0.27043006116563373,0.04024875321509998,0.05889227111730546,0.07292590668983277,0.1997436669363561,0.18545217977913217,0.016660353847953672,0.03932064901180149,0.04739796753918366,0.06892819069770141,0
0.12329731211265126,0.0572466408391391,0.40650220527647896,0.02582209544764236,0.07801104891684423,0.04750240126604413,0.03028199260787277,0.03099223942882493,0.07764532004023647,0.12269874406426624,2
0.10397784378501419,0.5202615825714847,0.001618173872745266,0.07459188614842124,0.039424566018338304,0.0019269042726645935,0.024662536525661048,0.17062678405499007,0.03266609887697991,0.030243623873700446,1
0.3049648162205974,0.027088362107376893,0.007232117371219676,0.027691492884994735,0.031345727061831564,0.01733534161329143,0.007062022807264512,0.11461610822014823,0.3626634257107486,0.10000058600252706,8
0.3668907017226622,0.041967979423252116,0.01815143074805368,0.05805261258961063,0.11923108347512056,0.0780511133428874,0.03295246762587894,0.05931502536167879,0.1127897012138276,0.11259788449702766,0
0.13100452902450924,0.04645813950781895,0.31005332827287047,0.03666036072341201,0.07482268460483849,0.25758568829994827,0.02410066338094779,0.025208997152985885,0.050131689002089974,0.0439739200305793,5
0.05463519783131021,0.857293741803291,0.0003695104836211243,0.00227762427787609,0.002656284394623692,0.00038995017526463675,0.002077386372144614,0.05787731503786056,0.01971954906782719,0.00270344055618096,1
0.4172470099399512,0.10700422770687022,0.002585079180580535,0.12732822779385028,0.08473910565557993,0.002917850489023831,0.005291336350163215,0.15033018910162463,0.04208475134442839,0.06047222243792797,0
1.5789317367194495e-07,3.1724138818326167e-07,3.918724936161124e-08,1.0248904629040206e-07,4.3415016864775456e-08,3.888418043727594e-08,0.999946524630096,2.1012581605086823e-05,3.0402998192762728e-05,1.360680051298222e-06,6
0.25442632089671413,0.057625013924571825,0.06906327095296147,0.060460277318060564,0.0958981054086596,0.19345733778134633,0.020781694624066857,0.10880174872400267,0.04311104540935272,0.09637518496026365,7
0.14896470411903998,0.07537848347174596,0.3279288794776928,0.0427531739897287,0.0755896010028242,0.13629738307683037,0.015115503656267775,0.031412154718789186,0.05122095889597568,0.0953391575911058,1
0.209242470231279,0.07671735647357046,0.10009775572747902,0.07662903308537931,0.27881919399461047,0.04117605317141939,0.02047769933260887,0.06702533965283797,0.02704634052192641,0.1027687578088891,4
0.29429082974673004,0.18630399462045455,0.001333482443157936,0.009002006480269366,0.03784000440183233,0.002040144590660034,0.0058529341348273305,0.3253532945084666,0.05707518088822707,0.08090812818537459,1
0.07628378840308654,0.13789540209759385,0.44677281075533953,0.046625607708693076,0.05522637548796474,0.03951775389990334,0.06452904880001942,0.021597792823739963,0.044160112780642004,0.06739130724301769,2
0.3969337720674637,0.09430475709820453,0.0009011979704877355,0.09695221409654177,0.07389853352282719,0.017320266088329272,0.018258303031817996,0.1919303903183205,0.027806684691998474,0.08169388111400823,0
0.028831621870569753,0.0677310682481695,0.0009951423738211243,0.08185425927047182,0.004028689402611014,0.00499174276598,0.7303791788196787,0.021834688018307773,0.021282881522406847,0.03807072770798345,6
0.0007456998958251677,0.005357497627118736,0.981901061638648,0.001945086255433745,0.0008586542195610336,0.00023541365244179606,0.003894010794016153,0.001388304236341021,0.0014332546634653863,0.0022410170171494976,2
0.23753903591735404,0.06609753031779754,0.01586029801260376,0.3723866761507241,0.1200452201629245,0.026499579260446687,0.00940386268499486,0.040501248074161514,0.05074055890205372,0.060925990516939525,0
0.44154063223557594,0.06593303585852635,0.0006980628757415045,0.06535533391834479,0.12100478966257999,0.002584810892079018,0.010158305735308527,0.13679076365220388,0.060390043715334345,0.09554422145430581,0
0.15085019233654648,0.19636112391060445,0.048663097373251765,0.17881479985795534,0.1679956869795436,0.012468922392137656,0.00363814170250474,0.04601378512728124,0.10578587715333801,0.08940837316683686,9
0.1389527715185946,0.04722734367185047,0.17813365124176223,0.04696912223931998,0.10055939427424608,0.3194645810539612,0.022143094970030704,0.02172539736188445,0.07785080043771749,0.04697384323063222,7
0.16597172621882184,0.03751587331891121,0.0767638745011995,0.07466493798519698,0.14751752125221335,0.3406043938044621,0.015831182502131,0.023910104861057043,0.06952875761679549,0.04769162793921166,4
0.11376915367588164,0.04056529883746302,0.350566593718707,0.03729737586516892,0.06983920648975638,0.2506205457058544,0.028398698781600614,0.022277775573808292,0.040169254108252006,0.046496097243507555,6
0.06986974098217404,0.06008132606841865,0.0041695936927071565,0.15317879517224323,0.018917524325712108,0.006457962137773497,0.5694594553933929,0.06629576998526887,0.015268517393276589,0.03630131484903353,6
0.16405587447606143,0.3528886765873315,0.011066155274288676,0.04298473596784644,0.0539108309886784,0.004204159750267536,0.16845344506450513,0.042349218153751825,0.04317958077212227,0.11690732296514654,9
0.21166093311026746,0.08857552861239172,0.051314549655449855,0.06552655665087673,0.07345590384794236,0.1624878524465614,0.04094979011445816,0.03379107510488258,0.23947844971444177,0.032759360742728186,0
0.2285233891736515,0.19486643292607422,0.003454881714817538,0.1480077005063245,0.14441733282192368,0.00644571013080544,0.012154766379764965,0.08770883467981955,0.043466594238144904,0.13095435742867403,9
0.21680253134760416,0.06705634782122648,0.19127208813592012,0.04687437807671015,0.10432227727755734,0.19104722484380462,0.04272005801958537,0.03996126665580986,0.044933714287332054,0.055010113534449886,1
0.14965579020105113,0.1149840106783198,0.013625898929711324,0.06461841291527495,0.10078496715633853,0.010193523272190958,0.033106109014893526,0.2039028604641456,0.22449337362656668,0.0846350537415076,7
0.18810548933147997,0.0955314151227989,0.0006187277602020057,0.03634871640294616,0.24337845223590807,0.006157809637587346,0.030389148364638262,0.10043423080127359,0.12889524354643164,0.1701407667967341,9
0.11089168511404865,0.08487565509695244,0.0008448034604241169,0.31442730024179727,0.04264189465153149,0.014153750977504266,0.004572672726320875,0.08295627183110728,0.29130965398417585,0.05332631191613736,8
0.34540759546974037,0.06480793395511938,0.0012397310561645112,0.015969387891887288,0.24242116884247952,0.0015834517904370848,0.003387166809628812,0.20221577724520676,0.05192169564574974,0.0710460912935867,4
0.2526187912357025,0.05626918515603515,0.00865850716793242,0.0656382413138473,0.24782497915225501,0.027207796101595065,0.004757727499102002,0.20986168905585567,0.03578672912626274,0.09137635419141202,7
0.05617523661627134,0.006652826500200548,0.00026960600684225694,0.8585154296790924,0.022048466133014963,0.0005551002580680322,0.00761326366353236,0.010897181827089588,0.033490725134899466,0.003782164180988829,3
0.0996495133262495,0.16592084619771177,0.002561288110263937,0.0074949131621199275,0.009968156397584593,0.0035006080400871702,0.005950634534587959,0.36400999206585866,0.313678771870057,0.027265276295479254,8
0.004981287799836222,0.013761668777361728,0.9533226794881128,0.0034494662563240674,0.004934978180584051,0.0041620864220418404,0.0035377266230149683,0.0028405832619004374,0.003847716154184196,0.005161807036639664,2
0.33297699888907906,0.1104390583125919,0.044664847201467475,0.02218879117961316,0.23003897649737948,0.0713826059345182,0.07111085319034775,0.03569478429738509,0.04828633355328497,0.033216750944332386,4
0.20458005986254305,0.04355073073262552,0.07430527496670922,0.0586646024508791,0.15656510581514085,0.2603921072742057,0.029901339071740494,0.038337455913707436,0.06085035250564856,0.07285297140679989,0
0.04979426072747107,0.03544376912326606,0.00017934519725879044,0.02594347517717546,0.8417006492637888,0.00016317178806654322,0.0014282791463375978,0.019292070618419716,0.019534615051754953,0.006520363906461066,4
0.16332373578700873,0.0759129419842776,0.015209260431290115,0.08273018772655687,0.06288885029240766,0.2211126024772132,0.03277405385930146,0.022781203354082322,0.2679061107554956,0.05536105333236635,5
0.1984816470778751,0.04288972094085346,0.13951983541212826,0.06229985737533646,0.09131695838042292,0.2627454350632605,0.04041988318830403,0.03130479922016454,0.07484385771505948,0.056178005626594966,6
0.2166259016210266,0.016948481675241434,0.0038813427710351033,0.4387087556474224,0.09829906428522052,0.015270337357715952,0.01575051353255302,0.13417979455016127,0.019691566293151018,0.040644242266472994,3
1.283497310993292e-07,7.56963771847478e-08,1.4519746629198427e-08,2.6353221665815352e-08,3.732839011655455e-08,1.4078549530781065e-08,0.9999496393765341,1.722422192862136e-06,4.0980447873747946e-05,7.361427383037261e-06,6
0.24214940758292888,0.1796687039889734,0.013788350869848205,0.12796666964011338,0.043386773428996765,0.017552324337176215,0.07378218586176012,0.22107542666088184,0.038847828822878176,0.041782328806442795,1
0.1323515247941964,0.03633412629954038,0.0013020890341286912,0.28709160486008717,0.0904971108214501,0.003761727865583188,0.00306077609526067,0.38460530193811726,0.023050569870744067,0.037945168420891455,7
0.00647718071255168,0.01272584680767997,0.0003308131464098516,0.013861745618819468,0.0028751108889275164,0.002850121311736623,0.9454045181154758,0.005876607668773288,0.004806875791315238,0.004791179938311155,6
0.17126171368097312,0.15834070731076666,0.01588924066237111,0.05547611028329344,0.1237230476069203,0.020540084947726762,0.05881535205070829,0.03627047903980644,0.31788104556462704,0.04180221885280758,0
0.20535501025425903,0.22827330819400732,0.04866812988987577,0.02180251244452823,0.06705087204911984,0.06996282977253238,0.029163503031832284,0.043873149377643014,0.03863491257619209,0.2472157724100103,1
0.0598796147923932,0.05881220372947706,0.5849764666276084,0.06969322061570041,0.07910568397731362,0.012828332695189164,0.042549168327710954,0.025024693246931125,0.026596454376314888,0.04053416161136102,2
0.11905666668223433,0.04482317215687309,0.38964853584713555,0.03683390679298384,0.07585653664629054,0.18780566228070367,0.02826280943117455,0.026033997108522545,0.04077589742600006,0.05090281562808211,2
0.3390294630068545,0.10649239207051422,0.0019769007346368316,0.023460089498205758,0.07315302946855046,0.0026604078972140613,0.007714214122988342,0.3639025442274105,0.04447093662705752,0.037140022346568144,7
0.05138800380540814,0.07894041910766154,0.5379597083271517,0.049601705226198396,0.042431056795244705,0.019716945753383622,0.05219723481378577,0.028388931461292878,0.024208215342630342,0.1151677793672428,2
0.14480773763527258,0.16025270938669922,0.0033953192219551226,0.01327654158151779,0.019274337229224076,0.26185312935242644,0.03722410596540879,0.08880151394493545,0.17571770665917602,0.09539689902338462,8
0.2129138825292171,0.30249704417831663,0.0028514948438435896,0.12082100926331898,0.0787602751863049,0.006134354624788899,0.012333835998807661,0.1075400919126219,0.07327882951522281,0.08286918194755796,1
0.0007534731313222292,0.0007716265892129719,6.160038005301875e-05,0.00039896453617645775,0.00018875127231858155,7.508317947872615e-05,0.9950142421730144,0.001955734464740885,0.00045953693590011877,0.0003209873377828205,6
0.142171902127464,0.44458530953003284,0.004139563454909853,0.03346285727913109,0.1699126435732401,0.011681211740204114,0.02066387601008592,0.055308828528139335,0.05725441842349967,0.06081938933329295,1
0.01028436592760043,0.9329822657518211,3.1463554804684575e-05,0.013162912112556198,0.0008470006889953456,8.486124875466271e-05,0.0004150443771966042,0.005014459838562797,0.003809774755814563,0.033367851743893714,1
0.21447919825233672,0.05541748503769997,0.1719054407757489,0.07252740861685311,0.06756040101725677,0.18653739318738177,0.030760499175673528,0.06164261970915875,0.08602575382032081,0.053143800407569046,7
0.01404783981100367,0.030642161163445186,0.00015510865093413352,0.8626063768649774,0.004059908241122602,0.00037635957393554383,0.03147893319835177,0.03097699252276484,0.010368829370660382,0.01528749060280413,3
0.15984925013632167,0.12055196977802012,0.005932902425864229,0.3982388567667523,0.11984945697602768,0.019526349361959752,0.007178794587576627,0.029199075996527588,0.10515574518637724,0.03451759878457277,4
0.16942022999838324,0.07742802564920208,0.32136326749212624,0.04206892623708305,0.09319777528030923,0.12565472718459536,0.03221706620055913,0.027381752723543706,0.060137630281636496,0.051130598952561356,1
0.024593913171298113,0.0063970241724780295,0.0004204829242759459,0.9458626019160422,0.007685021773997227,0.0013757336068837198,0.001703998106135093,0.004928619153243925,0.005424247948632877,0.0016083572270131111,3
0.009694304842923341,0.021706614212698778,0.9115469765870019,0.0070695529791508244,0.00906008887475832,0.0018108000346192818,0.003399083279158009,0.01072447695242936,0.01957876860383925,0.00540933363342035,2
0.17757006942453674,0.030246161357143395,0.0005672141936606839,0.5759682232854768,0.03302838601844684,0.0017025386830245644,0.03225800211927748,0.06104488361499218,0.048060161832884765,0.0395543594705561,3
0.2431321710962036,0.15766443552427648,0.05216283046102113,0.04219206805305664,0.26762032919730416,0.07220298720614926,0.015317295761848208,0.023790672683118713,0.05634472471540757,0.069572485301614,4
0.28855051240357055,0.02693513732970987,0.00041460670830949063,0.1660758326620085,0.3190259627631237,0.0011763877830215093,0.013766081062356394,0.1477795983120074,0.00655317040327805,0.029722710572614695,0
0.16361144092550417,0.21968249183869168,0.005591840456953172,0.01829928969688838,0.04281752181194537,0.2670646140632511,0.06546001555132284,0.0954253985579975,0.05647392104727181,0.06557346605017329,5
0.07985361082444072,0.09421980470950313,0.0010201400418499915,0.13365548344125383,0.37559691924205246,0.003134111379580554,0.004435159771171403,0.08231405723692109,0.1301763659118871,0.09559434744133961,4
0.13044862563854706,0.03167502962929332,0.3225187721397445,0.03376335090296038,0.06884223958445913,0.27850577244956115,0.020790905989806704,0.021014627284187692,0.04727247408118964,0.04516820230025064,3
0.1239542069080978,0.165372251108546,0.000772564322399484,0.028859929051298975,0.12680885709446915,0.003332337946011265,0.02033958320993243,0.0538031584623158,0.053469096063268995,0.4232880158336606,9
0.0067303287297091185,0.058631774721807015,9.296537870578399e-05,0.008487438598613794,0.002370678096590685,0.00010806457902901754,0.0008601141133819314,0.014082293467851113,0.8956745749137267,0.012961767400584367,8
0.14765388127243512,0.03540268928178404,0.24763814814180274,0.03431641005478296,0.08137603997730498,0.30477058925408196,0.02783899195723425,0.021233169235124943,0.046163214434087614,0.05360686639136145,5
0.15831341533613147,0.01163286158088677,8.520776103384534e-05,0.7607409414548754,0.03381364476062338,0.00020299791057046994,0.0012501899885848454,0.00810043454660602,0.024883062398624534,0.0009772442620625767,0
0.11912337797567049,0.27526506688723607,0.0033846875869513247,0.01730656059582221,0.038550774568707195,0.004912187558054943,0.019816497277847813,0.22144299964100922,0.18876203524027693,0.11143581266842373,7
0.237202967806665,0.07698356823619026,0.03458466689900507,0.07423060749041863,0.09751306270946838,0.26944979414704784,0.02475083161408569,0.09158333629682747,0.03812739574509932,0.055573769055192505,5
0.00856222189793154,0.002448881865810525,0.0001146019209305014,0.000986081653170986,0.00168696962108524,0.00047813609698024,0.9794311854959116,0.0033980602148253147,0.0006261189878792321,0.002267742245474386,6
0.09149117639570259,0.30413065826202684,0.0012281240566164372,0.03294845417239671,0.050729245268373926,0.002130055372144759,0.005070118150589683,0.29802756433249034,0.13092982860902572,0.08331477538063245,1
0.06770901729078448,0.026605885088691265,0.0006794806520893869,0.032228845487822726,0.04010825923382644,0.0008311254845977316,0.0031628555840206435,0.7136617433802194,0.09068982358840942,0.02432296420953847,7
0.14302481865656827,0.08220700377857983,0.0883829006574604,0.05767660018471105,0.07168114501844383,0.20384068725078625,0.16302960812756176,0.03233086450921482,0.103699842494422,0.05412652932225139,8
0.14385451330588425,0.04129949294057987,0.3753859884109979,0.06192674447898269,0.10153119822438003,0.11228558642017249,0.02097775182527165,0.041868948407110806,0.04226423374351141,0.058605542243108606,2
0.2565647775421978,0.06576084631216134,0.016926479251356628,0.04532084631602797,0.31729754666904325,0.11574704987283763,0.015776444038688175,0.037720531495372675,0.038478657196850605,0.09040682130546407,4
0.22552067453063707,0.10906023040260598,0.001248974825841296,0.4729965019409126,0.03471406224918787,0.0017129280745682275,0.10306752953302438,0.019258149641454596,0.018547358565622018,0.01387359023614615,3
0.07178644532363601,0.030865397447554822,0.0018639136984717542,0.005951314640718536,0.011140519829886363,0.018016397640885223,0.667425058178703,0.15733057267932526,0.0103647182760178,0.02525566228480162,5
0.005108296049109452,2.573482102945503e-05,8.89361785680997e-07,0.0004769966573712868,0.00020186256394574617,9.271950550751822e-07,5.506479522643019e-05,0.9869830480060802,6.798139090757531e-05,0.007079199159489338,7
0.2852087749317798,0.07909385185639559,0.04227295828280268,0.06539692139295833,0.1361512103598947,0.12931326539515642,0.013898055123591024,0.053847030299726706,0.09082231093569952,0.1039956214219952,9
0.1771870299883814,0.34371586248565567,0.009850392952558431,0.03586134028914438,0.09949183528071999,0.0063768994351421845,0.02245439821280477,0.1241943349089894,0.10446141064152345,0.07640649580508001,1
0.0008866360374907487,0.9873110717915449,2.173531041833814e-07,6.495300814517511e-05,0.00047691894269204097,2.4799912444813375e-06,4.610840280384638e-05,0.011079986875843073,9.300097607626555e-06,0.0001223274995236733,1
0.004888729267888012,0.03615035821922601,0.8873627655186607,0.001377443832454498,0.001385603003125279,0.00023698621111468713,0.04554837877510156,0.016211898676261754,0.001595947344447161,0.005241889151720042,2
0.0414814869480581,0.8565197891270959,0.0001869992279440514,0.029318069481511284,0.008771239838392526,0.000907746646274883,0.002000822347739116,0.017519252336896274,0.029984363392796726,0.013310230653291275,1
0.27318259855476335,0.2811497465517827,0.004148537029884287,0.007058182916193485,0.06710235482662937,0.008189979900338096,0.02260109988465115,0.1994472831646203,0.03142470733554563,0.10569550983559173,1
0.07782146903817642,0.04578438547594723,0.0008676359158578593,0.019323613477304862,0.023883025730055758,0.6542305815804668,0.004016132730427195,0.035712768804346894,0.11301121229296361,0.025349174954453463,5
0.09391502989453356,0.05196855913635869,0.5105269335183842,0.07810749037077772,0.10511624656309093,0.06087721830686168,0.023622354023523362,0.01770651361801537,0.024309073621789336,0.03385058094666589,2
0.16178660537554684,0.031104882343976768,0.00041606952645420594,0.5290611660242226,0.04780761602538242,0.032275156558072685,0.00937014843291054,0.05373747613834067,0.12228741761672887,0.012153461958365036,3
0.14486570966236226,0.2598999953999482,0.0005338442213870089,0.2521292441604219,0.03990469757882717,0.0006800662260355493,0.0014625348169265816,0.04249246113566473,0.24981687639640432,0.008214570402022265,8
0.0002550770753857424,0.00011205681869921815,5.619813600500498e-05,8.880211224631226e-05,8.687630780666839e-05,0.0002466455488640828,0.9984793177745581,8.861066937926693e-05,0.00048790874463010167,9.85068124248854e-05,6
0.0010068055550736263,0.0002810230000948365,2.841846546989864e-07,0.9947449034934776,0.0015856492358245244,4.533091223038419e-06,8.547456310928131e-06,0.001120865842589549,0.0012289710387957218,1.841710195509476e-05,3
0.16879108042941357,0.11246288623338296,0.25141832632225025,0.033237856440814076,0.08523889113716869,0.16575271654880164,0.016694820548445014,0.03086342754505065,0.06422801412400846,0.07131198067066488,8
0.04948814840419971,0.10163114563911546,0.5672013747444284,0.010220442784765912,0.022661488568795327,0.051787145183773475,0.11385727783867537,0.027315819931070556,0.01695907589755346,0.03887808100762254,2
0.14571088935386223,0.051068536302652685,0.2426412572730097,0.04432204366491418,0.13463447989166016,0.15611792887585685,0.09052057045586555,0.03518435975940982,0.048604972986119384,0.05119496143664966,6
0.005968955959123152,0.014934977915126135,0.9259319653072425,0.010470123285734344,0.004285027520129192,0.000982493114162392,0.00841877793385376,0.0017175744231260309,0.025035608771280166,0.0022544957702220953,2
0.031742428653898314,0.837781663004422,0.002169007996909959,0.007186160217159031,0.010116832264579113,0.0013787654562386017,0.05512066647536733,0.027154224468551882,0.013073690111397989,0.0142765613514754,1
0.042750342397084536,0.0017103431925811316,2.969445554022916e-05,0.9367557390434336,0.007818524949872292,0.0002796770379392439,0.0007063905498157586,0.005465694464164892,0.003361632530353883,0.0011219613792145598,3
0.4206743857153036,0.09775164452835923,0.0005718963407614501,0.14683728625812612,0.09141653394488675,0.010169712946361618,0.011395212457752752,0.09971023398173812,0.08748601894623545,0.03398707488047437,0
0.0818096816672836,0.11709851749036879,0.3427303316464487,0.07950123373571803,0.12933050950350797,0.07601004748483181,0.03901520080766355,0.0239826667873731,0.04666007856912467,0.06386173230767941,2
0.31693506751793116,0.06193725876352823,0.11105533517127672,0.013436487577623883,0.08621264368231157,0.01171288039701072,0.03608339704301746,0.16875409041980977,0.025886150994290296,0.16798668843319967,2
0.09849149287597973,0.6129389096421928,0.0008239513345377948,0.03321756269933271,0.05219325120744765,0.012153656217117186,0.0035051306269482754,0.022709602009133568,0.1398166317950543,0.02414981159225562,8
0.05349704393829759,0.6494348979520173,0.00040471093782391533,0.12655431576171605,0.01581281657491022,0.0029031406157844167,0.011187019856088252,0.011944349080476988,0.12081970366390456,0.007442001618980916,1
0.07815988650070795,0.4447290876882465,0.0020526218710374437,0.02474198170627575,0.00418109238733263,0.002168754772610439,0.0033291956948480624,0.31591793679481617,0.046801401369253294,0.07791804121487203,0
0.2102802615734892,0.10174957463030117,0.0012276587913354487,0.07802297981109275,0.25700815341216704,0.004784858871010753,0.009070885756767304,0.17448249835640875,0.08929973368668379,0.07407339511074387,4
0.23257921730163653,0.05658609973612196,0.1272038765671286,0.04574429108922425,0.07695649273493442,0.12683710317582977,0.08455763302177849,0.05846239551862234,0.06609082327006274,0.12498206758466134,7
0.15417328905183092,0.09273035099412097,0.0019328048763935445,0.04252931892204528,0.2805388348112715,0.034374450367003775,0.011281349780012323,0.17093173178238627,0.047529487507353,0.16397838190758246,0
0.21340771196846153,0.17914860203731545,0.0017779798050994754,0.3163729734484961,0.030223381433141874,0.0023831683267612983,0.006686843044036612,0.025031319878115427,0.20334879574571554,0.021619224312856695,1
0.13877389081643263,0.04107725255920152,0.28391483015006436,0.03840741972495902,0.08481673180828812,0.2687898719367157,0.02593243435892511,0.023424260947614756,0.05051413214726,0.04434917555053889,7
0.11422173451920531,0.03191889712680662,0.12537514411747938,0.05161335889368999,0.05463082110080435,0.4804804983983153,0.020500709897473813,0.020510783436581963,0.06438172027849155,0.03636633223115211,8
0.18525171844398786,0.11244078194778369,0.0016164220704552091,0.09584515115049438,0.41526683654088364,0.01117742815401602,0.01193793597027454,0.08485896813888831,0.0291852605280627,0.05241949705515428,4
0.15080355387022662,0.04432814477156617,0.2307997314759995,0.04142780309036079,0.08268835070904172,0.26055385223236244,0.029293368404769475,0.027192413720221166,0.0822795022044249,0.05063327952102737,7
0.15601226084548947,0.03646176021351664,0.1102415309356233,0.047857542072454975,0.08192913285698322,0.38908319072855,0.021441807705108566,0.02095872847290992,0.08716761679843632,0.04884642937092806,2
0.18498764066460605,0.09548077643918175,0.02951618825528095,0.050203270363572555,0.12947837986742367,0.058835098482578216,0.22546180714127798,0.06965181985423263,0.03882607418751795,0.1175589447443285,6
0.3378364479348721,0.07530514721755928,0.029274694729367057,0.0425779678407227,0.14632191647371678,0.05988305343055314,0.040013555339601825,0.07042002636968837,0.06189928377780513,0.1364679068861138,3
0.2501768382701796,0.051587771573645386,0.020922774730409422,0.1305108251009214,0.18280092380600185,0.017799702470465518,0.01526646863293693,0.0776657608308624,0.17822973163852474,0.0750392029460531,0
0.058985957028035926,0.5266661773876282,0.09169035989391477,0.014934525930309707,0.05283069474332521,0.0043687115234604225,0.009939351902245364,0.07922428374637851,0.07411398600349782,0.0872459518412037,2
0.025240284732765936,0.8988355154798807,0.00027004589785394994,0.010920346985822066,0.007249181485053385,0.00034261570338053014,0.014829998365223696,0.0257684624276397,0.0031515889779860193,0.013391959944393864,1
0.08460664923738774,0.357827418851423,0.0006607833434755639,0.4464830027991994,0.027111509019892278,0.003603482868211918,0.0024377673531230555,0.04354484240243545,0.010200377144804717,0.023524166980047303,1
0.1470146892996067,0.04658490389346882,0.09419320701915598,0.03970810845399506,0.09635196813166766,0.37394586556085846,0.029939195148573034,0.028127024927091487,0.10727458001835295,0.03686045754723036,5
0.13218713349511865,0.0464204623203639,0.055033885875110676,0.02720047237705296,0.0599094309524869,0.24023942369152015,0.12696170008083082,0.0698722668999645,0.14422578046231735,0.09794944384523407,6
0.15944169046165066,0.047678199781683216,0.38577100280240895,0.04162843496530896,0.09636015719362567,0.11516867587105416,0.031805265837743756,0.027201874957458568,0.038897648445092955,0.05604704968397323,0
8.415416002378438e-05,0.0034697930916869385,1.5524836229774583e-05,0.0008048001949350279,0.00020076147981540923,0.00025570234797057495,0.9935161937180765,0.00013535342753272125,0.001397556918467988,0.00012015982526130924,6
0.14874209864931362,0.045930119029256304,0.3866512893260655,0.033423402089584,0.08676893645605045,0.14392999240270435,0.0213065521672405,0.02762099340754322,0.03280401694040111,0.07282259953184034,9
0.08821174878200472,0.07865438621314903,0.001955655590138549,0.025597582854501665,0.026840086062746495,0.0035170999669894283,0.5373308539970723,0.13010970679060044,0.013923199146749691,0.09385968059604774,6
0.15842076192685692,0.05812713051618976,0.05198495393098288,0.030147590457740184,0.180237496408378,0.3177475559677775,0.056201015585832334,0.03883149485194284,0.07023771558685604,0.038064284767443266,6
0.14933812493559748,0.04089298202369618,0.2337079537533117,0.041646999628856186,0.06022528371049469,0.3230282988049939,0.02350943729201934,0.025521430121758937,0.04530409041914086,0.056825399310130975,5
0.2502707391051526,0.08504628473524264,0.07237555509671502,0.04758020423468606,0.09744711220623868,0.09540046552774996,0.03127069266826526,0.04645586693233498,0.12110372406470997,0.15304935542890494,5
0.260301147336183,0.18592927563448713,0.008664653673384414,0.1298290112504126,0.04439670113084974,0.01026489875867676,0.012882880571451179,0.2901357909306258,0.020015157683118016,0.037580483030811386,0
0.14615559304897374,0.031584276546287336,0.22039904159063956,0.032645206101560076,0.0759506053713566,0.33525930602547754,0.02103229782679348,0.017318970130054873,0.06564617156031834,0.054008531798539185,2
0.37235400424165155,0.06460088114018575,0.007609227472713552,0.131620194555488,0.13139676504035777,0.0655503689814827,0.010422740041717296,0.09726136681048363,0.06466353427539366,0.05452091744052647,0
0.39313832434732643,0.16577554815594386,0.0014774560094200353,0.0484832713644521,0.12854612088140344,0.008278515988042771,0.009634931624307695,0.15084751036617683,0.04151330365229728,0.05230501761062909,0
0.04362069395721773,0.13419849010469959,0.0006341417377055866,0.06550710531442652,0.008081069003256239,0.004974432250210526,0.6325314803426462,0.020644509261836846,0.05003292774000802,0.0397751502879924,6
0.08674749327451395,0.04207666174252814,0.6113043755465184,0.031778576474343664,0.10939053535809821,0.008645400227156264,0.009195867619888375,0.02474429066861009,0.0457520029316953,0.030364796156646896,2
8.938811938164387e-12,1.263372302448743e-11,2.717856392717219e-12,8.428858990980502e-12,5.8409657605335315e-12,2.5715051486143136e-12,0.9999966927911232,2.7635957467716717e-06,4.057232334193375e-07,1.3784876467698317e-07,6
0.2682691870728529,0.03905315987914996,0.007823313305325364,0.075688659873102,0.3779392336001803,0.022704690193719467,0.005088253571672822,0.043035237807934175,0.04592958355504179,0.11446868114102106,4
0.1968051631289396,0.019528466078603434,0.0011693384469299963,0.6292558432534135,0.050022309740916183,0.0029782714367747494,0.010794941028238074,0.022243209889216756,0.05563037069398765,0.011572086302980112,3
0.2513117861411511,0.09416369279413657,0.019941412000375327,0.046357007517065264,0.09983185998103956,0.006724546784400062,0.09260038746884643,0.21230223738990928,0.012005417953379753,0.16476165196969686,0
0.1657970417134545,0.042429109228086716,0.18483723640284896,0.05441369560678487,0.11800397680838212,0.29014707644399756,0.02619697440514463,0.031454114309376724,0.0365134432623139,0.05020733181961014,1
0.06432664863689927,0.2129970414891941,0.0011476907033010843,0.04713890492402052,0.04649431003797195,0.0030348566126869162,0.5022417440551247,0.029463881114772272,0.05781474871183654,0.03534017371419323,6
0.07405040537304679,0.025624438074785066,0.0438990080599423,0.03470352143625836,0.05103319408754178,0.6673490736137682,0.016554320130771558,0.017968847738877476,0.04167809663246223,0.027139094852546508,5
0.1779925580049525,0.05699557968016212,0.001973110598537626,0.009276754664312074,0.016161233320485264,0.002297530840190531,0.03754465347590925,0.6459666753056518,0.009872999645000853,0.041918904464797686,0
0.14799407324583996,0.05275647267310576,0.0947593526714286,0.06391943159421176,0.10228834151363234,0.37273991766881814,0.012698930658304058,0.022379330866284384,0.09043724376687932,0.040026905341495625,5
0.10419407872066393,0.10228887948573497,0.0028488804227923843,0.012736002896399054,0.01628368511964157,0.0032483926735750236,0.01197870073503543,0.2646955973357909,0.43758900990695876,0.044136772703408385,8
0.004345522001655098,0.9586772316400624,2.1169374770626103e-05,0.004566452025301377,0.0013194490794528385,0.0002335969123132043,0.0026057388781083064,0.002819508754910656,0.02220718359320155,0.003204147740223696,1
0.30513249913635343,0.06459933338966879,0.03313284544993642,0.046654192375137495,0.19902637242389865,0.030794436246781083,0.0548923328430163,0.1325451720311112,0.03392019405838479,0.0993026220457123,7
0.09048513443848279,0.02829069591108287,0.07734249740399324,0.05096603045253544,0.04839735557749123,0.5907037799440871,0.01517246696611444,0.022601495644765053,0.052662512503666686,0.023378031157780855,9
0.008282269505276222,0.007351678204369591,8.13583508901672e-06,0.9770920776413183,0.00321281604229622,3.042994893072049e-05,0.000279978649531079,0.0011665236850198699,0.002160538940206397,0.0004155515479624505,3
0.25766352173178775,0.17322840467200737,0.004172202720346402,0.020314606304651452,0.07037609934404311,0.02875873308611963,0.04749034440849013,0.14120797490465706,0.08429990529808462,0.17248820752981273,9
0.20974569375670318,0.042966657754398355,0.16633444859627133,0.05619604751460297,0.08565545232379343,0.23522609093473235,0.054489208720699386,0.044018601762803415,0.05381637778728537,0.051551420848709936,2
0.43087782674672903,0.05259180853531048,0.00032944804734742967,0.10013751085924052,0.1752290750964312,0.006983323466052668,0.01441797128992895,0.075372515349892,0.08287374699051366,0.061186773618554235,0
0.5388060411448374,0.028507024305029778,0.0016045309002225949,0.02831861854954025,0.09491738026010074,0.00506460993902109,0.01269611822230553,0.08357226620307757,0.0333735863327897,0.17313982414307572,0
0.10623639220419885,0.09363685855298193,0.003980050348881434,0.17379969533039213,0.06523374293831445,0.0032568280427054514,0.03439217200399932,0.4750043231176369,0.00913139737704056,0.03532854008384912,3
0.059311511071029124,0.5244299803559171,0.006773346131535082,0.012350875021818043,0.06648132662957962,0.001964916509122143,0.0034282753996551433,0.025116029615795808,0.02175366482218464,0.2783900744433631,1
0.22534330304085393,0.07332635898433933,0.056738741061439064,0.06897602567227248,0.11438503806160923,0.18276635390919727,0.020871681163478005,0.04405816821932892,0.14681247601632572,0.0667218538711561,8
0.12804122622264397,0.04747567409890571,0.20632424248179318,0.04865641776220039,0.07237007602219168,0.3343785509209323,0.026465203520117588,0.019900770085633304,0.0709962747768061,0.045391564108775775,1
0.24482157818363334,0.06132092972816118,0.052798343611629536,0.02316405659318363,0.04465119195069379,0.10634506493967094,0.06226308736740285,0.14631840063736853,0.09681213714930705,0.16150520983894925,5
0.476173382053799,0.0188904705745489,0.0004916092370174895,0.2532202811740282,0.07875099115568787,0.000743005563035741,0.0009475689124352624,0.09495381340454512,0.027269962568445848,0.04855891535645675,0
0.16217278729277843,0.03550702790166189,0.09415863158159105,0.07554190816860955,0.08107668055386888,0.3788678597452399,0.026461543129352172,0.026134485103164247,0.07185678135900514,0.048222295164728854,0
0.03669068867134104,0.00955893254869185,0.00023244859934971632,0.9056769492995583,0.01901583741917859,0.00045684574915497503,0.003512536751409227,0.010339584266860196,0.002128142000607848,0.012388034693848193,3
0.14189432686907427,0.0720100631586377,0.0007231866568222642,0.0664583194293176,0.4664253896391219,0.0206099136318938,0.001089508978311811,0.04830494786156949,0.0661783437760231,0.11630599999922808,4
0.209011975091692,0.0506404804103309,0.09472278738088073,0.027898478407708198,0.15723590220880015,0.1597199359504027,0.07621704862188358,0.04755727482818952,0.04866089513173425,0.1283352219683781,0
0.20894865855217984,0.11733755840472028,0.022628137526758924,0.26814787511760313,0.14328341091377367,0.03041056196600958,0.059476462906919915,0.0413416825168906,0.08245559999361217,0.025970052101531554,3
0.12957802703863738,0.08881910705692632,0.0028618866446119186,0.054044961288726316,0.1450198947726391,0.03823073576934394,0.3923370195664686,0.033444140817962896,0.09274561296420984,0.022918614080473493,6
0.07669761207071542,0.017661439306274763,0.00035686560206489175,0.02848918555664962,0.025441949202562972,0.0005403470299485133,0.0007248038720793899,0.7126369095482339,0.12144757556024334,0.016003312251226875,7
0.11729311371907537,0.03659695881428294,0.31155599696441916,0.03431999203565323,0.07617455681390861,0.2808423567723917,0.026621493306217044,0.0219413931205741,0.050443639378933244,0.044210499074544614,0
0.000713502638026719,0.0030009461036968844,0.9881223794786402,0.0001453921914387633,0.00028746893033412997,0.00047536338181928373,0.0045067813863111745,0.0011519847791605447,0.0003729144952451732,0.0012232666153268363,2
0.15145628110672876,0.029761962184919066,0.14603182333844553,0.04064193914907268,0.05613105703048145,0.40302496393775983,0.022011187785965437,0.023667815949949437,0.07945738231589519,0.04781558720078259,8
0.381662920813336,0.034600768278683344,0.051148640221924085,0.05295108963629126,0.07366726963781171,0.04847466312291567,0.13715200149436274,0.04727479789932787,0.04868075461584003,0.1243870942795075,6
0.1665841438566252,0.08569897770250515,0.29435229647490835,0.03593984590257672,0.06767296585715031,0.15036848689398755,0.010744014705374453,0.027900190599739454,0.07330615949754937,0.08743291850958335,1
0.0006674586209981878,0.0006120016901274448,4.6298898558801865e-07,3.540498167517381e-05,0.00010331722665901282,3.6716735631633997e-06,0.9961174163812584,0.002114317142089388,4.1134762715876964e-05,0.0003048145319280254,6
0.21564568126887568,0.2801624810815984,0.006463240954080844,0.03904751183143583,0.07518977886835614,0.0061384597231779565,0.03825254053573441,0.2654354088037039,0.011441408103499407,0.06222348882953736,2
1.3846261515112358e-05,0.004356901938445838,7.372818387167343e-08,9.173118375196662e-05,2.4312183494616936e-06,1.3676264265615202e-07,0.995393639409857,9.371052203709868e-06,0.00010859857285477243,2.3269872195334992e-05,6
