0,1,2,3,4,5,6,7,8,9,Y
0.0033881973371641732,0.6867850675736693,0.0006737038679751905,0.17672629906518036,0.00028072097069007713,0.0500983840923557,0.04969751149055911,0.02936646060492871,0.0017966715171728823,0.0011869834803040736,1
0.021213910890302033,0.7189760504516362,0.0033873014640944115,0.019434921263348136,0.0005473664295588145,0.03161162925018306,0.1762796403511576,0.021480949281243437,0.0043676061430971,0.002700624475379241,1
0.09372950669896991,0.0733194486284188,0.003224782623106256,0.02678960628597237,0.014476419627959635,0.5965118993120273,0.11540822530249951,0.013308476627597847,0.055116790685344676,0.00811484420810313,5
1.5802739820216955e-06,2.7763734916660435e-06,0.9974324052673871,0.0001314085810007941,1.8601749742814592e-06,7.45772436198532e-05,4.5950683032225315e-05,0.0006391482455729441,0.001583452004646216,8.68411522928197e-05,2
0.1952013637383887,0.21324123369433615,0.012287463677667141,0.10998286830335804,0.010791278206013307,0.04667990827202997,0.09726530877886289,0.27812931938848534,0.014353836371979548,0.022067419568879098,0
0.08716626898821145,0.2507790956155247,0.04469423912494516,0.07491521317078663,0.005328917869527063,0.22378422409158383,0.2728489982216393,0.015386313470543868,0.02083141980068025,0.004265309646557534,1
0.005332345930212455,0.550907713240615,0.00048644749213222135,0.0972075353860157,0.00035654637716022776,0.011362446398440243,0.1427644556398189,0.18702281667959447,0.0032026642846575476,0.0013570285713532713,1
0.9914168068366769,0.001131231432121177,1.5061950710461045e-05,0.0045319547273474405,1.5478435642353815e-05,0.0018310159923503513,0.0009218897618399049,9.547160492331361e-05,1.3019230727671403e-05,2.807002766068482e-05,0
0.06804986039484168,0.31057261969470246,0.003928704137781392,0.17574451029929866,0.001481146522050855,0.10226165386092761,0.23257745788237236,0.09825282347877715,0.0026340050415700317,0.00449721868767734,1
2.667788752846941e-09,5.924007104995381e-09,0.999930631737062,3.812974213203073e-05,3.826638405493265e-08,9.854330844758247e-06,6.215839833273377e-06,3.4165213763073593e-06,4.0375603825096485e-06,7.667410189006244e-06,2
0.05120672766409589,0.11592577642856998,0.003047631148676551,0.548656478600557,0.002336790072823677,0.06278608932090816,0.05023894921947876,0.0456366050418435,0.11726584429966846,0.0028991082033781317,6
0.011163101278609212,0.0015801933838333465,0.0032637840612799855,0.0025653984165683328,0.9678425311979343,0.002406876851551119,0.0021631324086169323,0.003373942746990278,0.0013134099010308022,0.004327629753585908,4
2.4676662640301025e-08,6.809840157600943e-08,0.9997488401573104,0.00012013989849817718,2.823700656036099e-08,3.257658797687103e-05,2.8827662871698288e-06,7.706284192716178e-05,1.6684932610202285e-05,1.6918033191612093e-06,2
0.09086500338136225,0.07740837376733918,0.000803861433013952,0.7463115471281025,0.0008387587291460555,0.05632653823049387,0.01958763710433691,0.003977211030401154,0.0025843836656023796,0.0012966855302018446,3
2.369209809867993e-12,6.0846736790027785e-12,9.609108021558306e-13,0.9999994842219527,1.1129158707790279e-08,4.212517422069332e-07,3.42653653231696e-08,2.000916518758468e-08,1.660017948927138e-08,1.2513021661084446e-08,3
0.0008756090002386077,0.027003195117057077,0.00018334118233122247,0.855640692029812,0.00014212129577475895,0.08469378633531545,0.014762623975764874,0.015833687345254685,0.0007360967103790393,0.00012884700807205097,3
0.05203629313454424,0.2412753754458615,0.0024004921825697572,0.0687499417144643,0.0015192980870126838,0.3603614625596668,0.20786856706020784,0.0317026773069363,0.030698278730138796,0.00338761377859845,5
0.0030936335906859395,0.22241307230762966,2.4155855726601712e-05,0.7716987868561317,5.922451823726008e-06,0.002161342725592194,0.0003818180201682773,9.610958792695454e-05,1.1092227556692693e-05,0.00011406637675854336,3
0.025248990343234527,0.6946852497702641,0.0007722578188698238,0.1318118755751124,0.0005881934781919379,0.026507867632028673,0.0880357611816512,0.023676942288418417,0.008003946810074191,0.000668915102154997,1
3.157314211655101e-08,8.357190328251103e-08,0.9996272495925607,0.00028260527109046747,1.7230348848964448e-08,2.5315992890611255e-05,3.5797678246525725e-05,2.8167888844089127e-05,2.413682892057886e-07,4.898326844597506e-07,2
0.044530681701073146,0.0834661543172698,0.0012279521511196533,0.81228229366565,0.0007218400909983177,0.016217681030458526,0.03467516348254313,0.0027788587587036936,0.002593025604638455,0.001506349197545275,3
0.18650048494137333,0.11647947103889947,0.006975159904807758,0.2910094736540583,0.00461203286592063,0.3238334187669191,0.01500252558678987,0.010308877601188343,0.009308295778493665,0.03597025986154874,0
0.14944777002028614,0.2837669467226808,0.004467070610307309,0.4217347143438775,0.003623289994326024,0.035316681964118996,0.07481492594692797,0.017233090965272552,0.005376785827092322,0.004218723605109401,3
8.066025983098249e-07,1.5787210183621473e-06,0.9986577967182755,0.0005619257606313108,9.068013924556847e-07,0.00014779144603652928,0.000108611106903612,0.00028912995218638486,0.0001747138118055554,5.6739079151733867e-05,2
0.6023514021893654,0.0409394210292257,0.0020446614137439568,0.202993826754775,0.001102361630150547,0.057422328943591165,0.055268823532651626,0.007807392684823936,0.0013642031221438092,0.028705578699528698,3
0.0046310182727984225,0.7220688673250962,0.0007691708529173774,0.0613323672670691,0.0003849615124491073,0.030660862427609327,0.0676486241554739,0.0033216890062491154,0.10857277010118815,0.000609669079149518,1
0.012846605836518324,0.011661205315550411,0.0046629148556444015,0.002306027020599499,0.9374353712469691,0.013969324204218085,0.010577802358246291,0.0017896259958328357,0.0019462804648199812,0.002804842701601045,4
4.8326172970989955e-09,1.3835775896550392e-08,0.9999029179527846,3.481529961447206e-05,4.768596491301839e-08,6.044714896510281e-06,1.019824797910057e-05,3.900633799702988e-05,5.4188246105488755e-06,1.5322677595293297e-06,2
0.4033936800858675,0.28175676814258294,0.0013022059149619145,0.12605378624537525,0.0010587153796222004,0.04204623438103225,0.02086448650469725,0.11636855955639082,0.004312235843489461,0.0028433279459800062,0
0.0019324301830965073,0.01945657265992085,0.06531272463823674,0.8618694181789565,0.0005663710961841246,0.027659256014485448,0.0026255277276464404,0.019585332384520846,0.000484056800117816,0.0005083103168351316,3
0.041547782981960345,0.23473732182447535,0.004239230360512232,0.05401783595855885,0.0011161304596403246,0.5177889601918375,0.11475666666465079,0.01569626317263856,0.007461210532200945,0.008638597853524863,1
0.9977973681612519,0.0005477941853886195,1.387042452807117e-05,0.0014129545474264764,2.727428258344088e-07,2.7255464196281015e-05,0.0001325126559349981,4.492305394708144e-05,6.349936079799365e-07,2.2413770893056967e-05,0
0.036058948603316154,0.15333672963791883,0.0019797819209141343,0.021191419121812057,0.002316904788834102,0.11686264868996399,0.3480471786360795,0.2997680456104384,0.00952169694958392,0.010916646041139103,7
0.011330912315233485,0.27526601813076007,0.006042578698251164,0.533342901077247,0.00084258575148157,0.13057226177359763,0.0312458691437522,0.008190685274626996,0.0013338593993119385,0.0018323284357373928,3
0.02657804292337555,0.3115848516843964,0.0016537907260571851,0.4986730953745668,0.00023124710414403098,0.1174561577993022,0.02141652264815633,0.01181515670448809,0.006294151454450934,0.004296983581062992,6
0.32863836560137516,0.27886342090545224,0.008536979274359927,0.06667347632465481,0.012463586027132843,0.14864028172124902,0.12273549129246587,0.018546562188132797,0.007959860815012492,0.006941975850164835,0
0.1056080566650175,0.47514357298166543,0.0017693103575885491,0.11145425622780042,0.0038726686897790448,0.12748776041697268,0.1492434983492976,0.00968999989430819,0.004322923586249302,0.011407952831321613,1
0.8396792157193561,0.007406067646954733,0.0006342240664383805,0.033907508290430564,0.001663218443856201,0.05637608131017193,0.0504562370544348,0.0041598166487163525,0.004973740934827125,0.0007438898848139688,0
1.4074447790787775e-09,5.770331866439717e-10,0.9999611891133544,1.4696883581363728e-05,1.2860088930823985e-08,2.151201451397961e-06,5.481487738253461e-07,2.0728501811490536e-05,6.59980653297412e-07,1.132580726600085e-08,2
0.4082685013171061,0.15531563935386813,0.001323656346528786,0.061075847157841666,0.004815028400150598,0.0843891996626068,0.21257371730557303,0.02846823041526047,0.04183772383550005,0.0019324562055642535,0
1.8055126397145184e-13,4.717515699309246e-13,1.837934383024012e-13,6.251680543071765e-13,1.272518213486628e-13,2.57569514739715e-13,4.3848693884052467e-13,2.553862257804199e-13,9.084892675828822e-13,0.9999999999965515,9
0.11369848803141265,0.19743930402309598,0.012945532380604759,0.029999203518751842,0.04548620926107856,0.3104494529170714,0.25988097302975643,0.0069627211473107155,0.011789441423777743,0.011348674267140152,1
0.022177408264075764,0.03302673840971817,0.00809446936533842,0.8312390801868935,0.0003370432149989652,0.03449008591287043,0.06466758668329375,0.00401094846984989,0.0007383262544498669,0.001218313238511019,3
0.8704542587170712,0.02898012962763927,0.0015907095807053983,0.013167035661354805,0.000360118545264736,0.05406116529110696,0.02386832648424945,0.00501014252844214,0.000756886945997312,0.0017512266181688872,0
2.196592041722066e-09,4.847061809544251e-09,0.9999144665185992,5.358211219471725e-05,1.2478141207350788e-08,2.0504001050460533e-06,9.204016602865266e-07,2.8931765120459253e-05,1.5910241496511694e-08,1.3370283376947417e-08,2
0.002795304983946898,0.00531382433891812,0.0002760306104438215,0.23672239364677003,0.0002141911766257505,0.7320090246466875,0.02080754870155262,0.0011167633703554971,0.0005149359330033596,0.0002299825916961787,5
0.015625274104998834,0.02159009744625551,0.0004487967327148377,0.026551911132633232,0.00036365538134619025,0.04604448773260282,0.00392602250438044,0.8796225906204729,0.004778800581939183,0.0010483637626561451,7
0.0006463012497746059,0.050685280312514194,0.0001874146719169949,0.058269000546482076,0.0001273063347019481,0.877515252727855,0.009064422413104544,0.003171991254899283,0.00019086712331836507,0.00014216336543277128,5
7.855950388716468e-11,6.868469923527884e-11,3.6262634992665495e-11,2.2315320218432314e-10,2.6537391961233993e-11,9.856042733887619e-11,9.035539144799453e-11,0.9999999409170985,4.380457493469519e-08,1.4656213478179924e-08,7
0.0026584010411647625,0.09623773486563687,0.003072422183611831,0.15062716189898487,0.0003069513850391279,0.6818451959073413,0.05464911284871748,0.007814946462610405,0.002014530841042578,0.0007735425658511445,5
0.0001936709406894751,2.1813916359130872e-05,0.00024479117188678915,4.7180183988609096e-05,0.9984686964991432,0.00011526041233831077,4.81682074785478e-05,0.00043313306318475657,0.00036466073465007525,6.26248702811847e-05,4
1.2826381399155893e-08,5.067518662562212e-08,0.9998927312091221,2.325641016456157e-06,1.9281177626611617e-08,3.7363257032699823e-07,3.758732672743233e-07,0.0001026142107366739,1.4351214549842656e-06,6.152908686649394e-08,2
0.019049176460466864,0.1283445601824531,0.0024860332203452016,0.04444520557634202,0.002367449097236199,0.21990789210494918,0.13134323875123963,0.22075222456178803,0.21172347041831271,0.0195807496268667,8
0.9595888872085265,0.002442557320747594,0.00015824938117968792,0.004492267961141206,0.0002328453025023482,0.0050335014600861785,0.00307814701359362,0.024302152946167863,0.0005575567339504741,0.0001138346721041464,0
1.1364653979985949e-06,2.9184765081471673e-06,0.9980649641134514,0.0008862613723802805,1.051302108489255e-06,0.00018701309523684823,0.00046789030596370294,0.00028440202394881104,2.8896444546327354e-05,7.546640045800635e-05,2
0.007640180913106549,0.0762314644147037,0.005719604023850757,0.04311702401888121,0.0012019736733853295,0.19607624852698427,0.1165991215587439,0.010966011983201551,0.5372975503911902,0.005150820495952835,5
0.014952097535330524,0.3825239204331993,0.0011129492504633623,0.07099954712157662,0.000867679407536403,0.2721268919026878,0.2325776955873983,0.014262697192088185,0.00825648425235526,0.002320037317364889,1
7.768668400907756e-09,1.3984564436648642e-08,0.9999528702772289,4.1884058104398886e-07,1.4806384876641841e-08,1.6442652570179665e-07,4.3287596314558805e-06,1.9528975104622024e-05,3.6498103379404847e-06,1.9002350972429832e-05,2
0.031176136212803292,0.17569537363674234,0.010502888238772198,0.025797269538682555,0.003812705136204152,0.5317434798125474,0.11581699499077457,0.017433612968910286,0.07152664189888758,0.016494897565675654,1
0.06088861518247643,0.16202199990431423,0.006860646122402425,0.04169922788217817,0.0018997171999324575,0.10426516044503961,0.5994109722112055,0.011442289170629007,0.0019226684511817198,0.009588703430640338,6
0.0014126467566395208,0.8624129813635572,2.725663786151636e-05,0.11347246411120795,1.854995570278312e-05,0.005000134391514334,0.0170254073157103,0.0004857005710411771,0.00012727329086370043,1.7585605901186152e-05,6
9.637006948239822e-05,2.3020968405627793e-05,0.00015176664808562977,0.00016184239593803568,0.9989087792997822,5.718287817302708e-05,8.605003490362561e-05,0.00030913888919471795,0.00012505814327670693,8.079067275798682e-05,4
0.017923405346028178,0.1748874657185118,0.01569732004236011,0.023022361226986515,0.0010437866316803468,0.4322248625196605,0.14375495611381392,0.015375507886851714,0.1674588749294054,0.008611459584701369,5
0.010989439065437057,0.00174164331348723,0.001610659919302046,0.0018019755093381684,0.9734248029890754,0.0018079764268268913,0.004135241260959809,0.0021182285118576828,0.0018653233543083037,0.000504709649407617,4
0.5231794833928631,0.04733817942602556,0.0023106566714486488,0.020560347737277565,0.0008562074447836887,0.011873681965752527,0.3819062020518209,0.00537265983583836,0.0056129540436387106,0.0009896274305507796,0
6.573855813300536e-05,0.004607311523620601,0.0004552962181167264,0.9927872510364061,7.597979679519503e-07,0.00042698880671449956,0.00010310331216294569,0.0014983164309606872,5.107961491335437e-05,4.15470100388955e-06,3
0.005329676347063228,0.10811624014117632,0.0015975094272229103,0.04840259633588237,0.002293680013020152,0.0027335988910579994,0.0028850755770032533,0.09667561052918665,0.7307491647962697,0.0012168479421175145,1
0.20513876579750084,0.20168317881403225,0.04668494316074668,0.02330288521698805,0.06526717255071546,0.3042335550728476,0.1255864412015935,0.009938190453889991,0.011407406462663975,0.006757461269021912,0
0.01664073282476236,0.01726041086605479,0.008903586261105398,0.008546305875394553,0.005451465954993789,0.07317102180782585,0.01428372376346338,0.788382925158072,0.04675910833371422,0.020600719154613478,7
0.09181508877089725,0.21333024792368832,0.03536819876946325,0.02580529318383254,0.014484293216080782,0.3487166825113735,0.1546617616440183,0.015831468141447688,0.012146402283338435,0.08784056355586013,9
0.0007860669169845174,0.7822337257138819,4.620338538409026e-05,0.18610826984064321,3.571785811395584e-05,0.013516651182785697,0.014258912746285164,0.0029170094843050153,5.357194111678907e-05,4.387093049978981e-05,6
0.0013519424340170273,0.0005307698916934112,0.0017708406497569625,0.0005754982577286645,0.9912824143837242,0.0006944815004646424,0.0007228320550776932,0.0019658195307886168,0.0008627070383392475,0.00024269425840927288,4
0.39041922375949983,0.28146597304509346,0.0005486061981864242,0.03546392073236064,0.0007105182316710615,0.0925999146320968,0.16014433540386344,0.01914670472654475,0.018858739907777373,0.0006420633629062026,0
0.05075460854956328,0.04978473764099723,0.4541034569388919,0.28785180432475077,0.0025623456854123525,0.03296134317061076,0.07805416477949559,0.033816953921982945,0.005987515600940592,0.0041230693873542685,2
0.6986927199639178,0.06587322597864621,0.000802286623154033,0.030906852052939603,0.0011222076595770003,0.08517313672321268,0.10327618470434644,0.006451574091252803,0.001760297907713576,0.005941514295239943,0
0.008610978504133598,0.0531233617859718,0.007281243014543312,0.07504445748937105,0.005317747991504041,0.18387549931735453,0.09834882262783305,0.33654411284526037,0.22353523423516308,0.008318542188865673,5
0.03100729710682584,0.23953096468349475,0.004911441229062865,0.024549732208710245,0.005929249466168427,0.34440720811120573,0.3049329820952629,0.011149714594642096,0.01894730472820187,0.014634105776425068,5
1.6064080655366226e-05,0.0004064039646970296,1.3775778615004825e-05,0.0013550311431379611,9.031937726762026e-06,0.0005232969677425386,0.0004355409950759402,0.003072834301898457,0.0005588294154518298,0.9936091914149991,9
0.7725232512197325,0.05189931170736787,0.004214993790910896,0.04153580424646773,0.0006012016237089728,0.02295665492745755,0.08648335459306308,0.018117206681609592,0.0007280955062762269,0.000940125703405878,0
0.178235113018122,0.07348476959812503,0.003464287845798591,0.32022805427194895,0.003032393184198178,0.09191606851030831,0.30528749508322295,0.005111584240894344,0.010272890640892417,0.00896734360648926,6
0.580827380399154,0.020057590752416483,0.01770354614968919,0.02800391962128995,0.23533184870095425,0.021771138404224108,0.036959416711131544,0.03126313857833664,0.011277138322134861,0.016804882360668832,0
2.0242326505422814e-08,7.8449236003046e-08,0.9998386447449052,5.6180250233818015e-05,2.1907703901650373e-07,1.4283657186921099e-05,1.709791060279584e-05,6.337036040986074e-05,7.241397488243288e-06,2.8639105713330514e-06,2
0.9945822838768128,0.0002095970503875573,2.0083186571786826e-05,0.0031974217091477563,7.912698026416682e-07,0.00011775727250429166,0.0002760521548305491,0.00011953831921069742,0.0014575957313153324,1.8879429416422224e-05,0
0.8060340217882126,0.03140495223677494,0.0002693197483771059,0.030915872829823582,0.00033378212677647845,0.042959389940087,0.07962351650216436,0.0021971477423757824,0.00036246931153723907,0.005899527773871269,0
0.011151189411349205,0.1593040895949847,0.0005637384663517094,0.4554919980550994,0.00026994837326102674,0.25399229912649024,0.10018338767305138,0.017942811878010445,0.0006504187576243843,0.00045011866377739476,5
0.06849821259431528,0.24320964888618724,0.006475302161623588,0.08080594080430317,0.008374912692236537,0.2754130993188447,0.1730141130665046,0.09067836931954794,0.049089133222745135,0.0044412679336918864,1
0.00909646244926673,0.011785696600534643,0.0021465146026211465,0.5056119130283123,0.00013572681333289894,0.45026935267577956,0.015301132505992819,0.002227772806780394,0.0032376472691081496,0.00018778124827139946,3
0.0010691688542589029,0.16862791672344968,0.00035791600952898595,0.06974254557364777,0.0001300071272077126,0.013185187707491922,0.04556202422066822,0.6935413657116064,0.0022080583206550404,0.005575809751485536,7
0.11035722220677413,0.15244407704988044,0.0036414780518561306,0.5138420894985762,0.002608471943415929,0.03014501143561485,0.1582803706632255,0.015788472033182743,0.009829637186793595,0.0030631699306803706,5
5.7969766444734634e-11,6.546192136389251e-11,0.9999892234790476,8.210509380660328e-06,1.2086942739108344e-08,3.707427670985964e-07,1.2452418608379498e-07,1.9162515144315326e-06,1.2975151609069502e-07,1.2531213651073756e-08,2
0.005843850994663155,0.06240146561071018,0.004819491857246619,0.014991416000121605,0.0019267682647810074,0.03233319937998734,0.023758648534019124,0.02060693819648455,0.01801635223128808,0.8153018689306984,9
0.001431485885163188,0.21520719724984375,0.0026859045064436147,0.007756866797430701,0.0002860250488862274,0.03127616724075895,0.11342206970605312,0.030192853641170615,0.5951353390232066,0.0026060909010430173,8
0.010060146699981237,0.6985147225037829,0.0008649025887196996,0.034403343493307544,0.00013753808539694959,0.13227129690211978,0.10801867240683496,0.01240343765028209,0.0024316428821047546,0.000894296787469913,1
0.13925137408099159,0.07679589687370626,0.003176731014970283,0.037559089617835204,0.0034722922989957033,0.1469806138504386,0.2636305607823738,0.10320209661811151,0.2188856695292069,0.007045675333370781,7
0.031923925333530806,0.014298900400822148,0.0004291203171584602,0.018645862369351986,0.00033855879739032096,0.010434141342796395,0.012657675250254293,0.8905184370489476,0.019902227785042175,0.0008511513547056719,7
0.8195274877546022,0.022734662657592167,0.000229913640963582,0.1444702163676641,0.0001857148429322739,0.004380442539883816,0.00572635015633079,0.001932591920642759,0.0005046554472212931,0.00030796467216699685,0
0.11603175914567798,0.08215428572617149,0.008470644276882535,0.19204737084285686,0.005355111253501416,0.015507008038597012,0.25258608634575114,0.027120527531421735,0.29467243115385566,0.0060547756852837335,8
0.005106244178350762,0.42723754430003347,0.0023501514763427564,0.20168841708457624,0.0003063052874680548,0.059079114157496115,0.2916360340537902,0.010011964261780162,0.002211483163072072,0.00037274203709028865,1
1.789156545351727e-11,1.0957571885446587e-11,0.9999978830826936,5.920601257646805e-07,1.2962497978786626e-08,1.9140449531825567e-07,2.0396981576583246e-08,1.2101860283981923e-06,7.766060232042143e-08,1.2217726301692877e-08,2
0.011525758649583448,0.08475541459563611,0.0029694749535384177,0.12840576503818044,0.002238740269740478,0.05694566210508773,0.6259996560651391,0.039479995707320234,0.04479017761183372,0.002889355003940459,6
0.0567765460460014,0.34582551740977285,0.003912903081018214,0.13830695444691757,0.0010820458045855033,0.05501983975098541,0.21612969413633062,0.03678337715391538,0.13525052026986403,0.010912601900609296,1
0.03570560888918221,0.3078339600615305,0.02171357999871831,0.3244973017127497,0.0019967799335287896,0.20341358514758123,0.08475051097082123,0.00743300068292291,0.004909372824255564,0.007746299778709693,3
1.1638970868264181e-07,5.103023323294823e-07,0.9996147853350345,4.433279500390128e-05,1.3641327439164308e-07,4.68590346924233e-06,5.358228688275352e-05,0.00025286248440449906,2.717961144160318e-05,1.8084784480190797e-06,2
0.022352656447039255,0.8518723013304669,0.00012340212000498026,0.08319221856486561,0.00010286519683279934,0.005566656674700399,0.025204860449444026,0.011065000712021475,0.00014980534322035538,0.0003702331614039289,1
0.10175182145631027,0.05725270636060329,0.009709090057552794,0.046303870712168314,0.011640777597777697,0.044506801105575484,0.034218000141283844,0.011140546848387412,0.6814558416102602,0.0020205441100803823,8
0.00020017441753972787,0.011934009647939942,3.2162459111673295e-05,0.9120773262000141,2.696785883062877e-05,0.04862593373711541,0.018282971249432102,0.0007657235094003205,0.008023767302576704,3.096361803937651e-05,3
0.009314840356400997,0.8783797004411926,5.613429566970038e-05,0.06592009633667541,3.570049963829027e-05,0.004815625770341134,0.03857771530024324,0.0026005669186726058,0.00023480241323348304,6.481766793277392e-05,1
0.9543523824458254,0.006505932581113715,0.00023207196580061825,0.01631882675518962,2.619382122792853e-05,0.00418337528855244,0.012461657852955128,0.001334013757919184,0.004492497901406343,9.304763000981182e-05,0
0.17313484418575975,0.09642541170981124,0.021563633846502814,0.1986443305530591,0.002776849322420602,0.2228857669063646,0.26086043466638936,0.013767835052330552,0.006258848080579848,0.0036820456767823425,0
0.00032735570134280755,0.011300869913726355,0.00027506642965966204,0.126906942073632,5.105232913462982e-06,0.853311659360767,0.002884737925405439,0.004922359852381851,7.638383722364773e-06,5.8265126448512345e-05,5
0.9652486766781045,0.007114681999051377,3.474882056007131e-05,0.02395634101798066,0.0002197144201436795,0.000251322758998844,0.0019728591698826336,0.0010691864062250755,0.00010241211446456036,3.0056614588829913e-05,0
0.002390597452396493,0.005254101593263261,0.9601004171731222,0.0015268155612979993,0.0005969283417336772,0.009429852438259338,0.005341796749325937,0.011448397482453462,0.0033273612962308554,0.0005837319119168558,2
0.20267424539736179,0.45341161522415924,0.0032716360416873203,0.026518149578336814,0.0058950719624676715,0.23222547521801176,0.06247082528129185,0.005646616102123119,0.005868614582827492,0.00201775061173307,1
1.888853501964013e-07,1.2561238494380245e-07,0.9998077925460221,9.18899340052824e-06,1.23664197298561e-06,3.1257554147313705e-05,6.802891721072098e-06,0.00010337701591867172,3.6156200319653754e-06,3.6414239050799196e-05,2
0.0004991618766444331,0.0013744315009327796,0.00015761308965367646,0.20683449631713433,1.2541330543490208e-06,0.7900999479013351,0.00023995723497434874,0.0006946758174244076,1.1397487477069222e-05,8.70646413697746e-05,5
0.005283687276385522,0.0018938588305003065,0.9632910228856384,0.012488406218626728,0.0001009739075429865,0.0069712986933069794,0.0023148831318926966,0.00689716229510816,0.00030877278275679234,0.0004499339782410732,2
0.011096227886410117,0.017648258038169638,0.8655050004082456,0.04636572039255152,0.0011193619843985862,0.0124059399351529,0.034545885920657354,0.00308184617906173,0.0009825821868044218,0.007249177068547939,2
1.7495871804958944e-06,1.0021622688101195e-05,4.014069546019816e-06,0.0003130600776239261,1.0984131062687238e-06,3.886818943415532e-05,2.731652673223429e-05,0.0003836819492042455,0.00017016662266942898,0.999050022941815,9
1.3874857027931525e-07,3.058488815017907e-07,0.9992718876984362,0.0005847008430573729,3.4613271104965644e-08,0.00010613954382845859,2.737257760313475e-05,9.098013545839021e-06,9.82854280169185e-08,2.2382737768345858e-07,2
0.06437247887039488,0.42446859597720105,0.001480005514120864,0.13450114291306467,0.021948728075588855,0.15826788460616129,0.15521617585874695,0.017974362254008305,0.014008282961562802,0.007762342969149895,1
0.0031952654940321304,0.212889530018799,0.00025528059517187135,0.5671308887808836,0.00021296523285590496,0.08505123498174749,0.06443873774504014,0.06288733753055237,0.00129901264826783,0.002639746972649618,3
0.015057248327496222,0.3871052751427119,0.0007463985006261127,0.4914050226976801,0.0004098029408094056,0.05999132177735483,0.023575005696374492,0.02078854012394231,0.00047736974803984296,0.00044401504496468115,1
0.017581827476397447,0.0028129730783072807,0.0032519741102978823,0.0047907615484844525,0.9472310031039166,0.006409419082398613,0.0039625197312210605,0.0076860335455585125,0.003894967951791285,0.0023785203716270922,4
4.2099077467759905e-09,6.552108795820338e-09,0.9998917763016792,5.057681016912681e-05,1.549328496738094e-08,1.1402918311723588e-05,1.581443116784857e-05,1.4085910600934403e-05,1.315622463487851e-05,3.161148134560872e-06,2
6.829457894040334e-07,1.4168793011700738e-06,0.9990971508349167,7.462752388649105e-05,3.0958312146811783e-07,3.556600684807034e-05,5.319558042440625e-05,0.00017148643749753098,0.0004068970182827073,0.00015866718993212992,2
0.00032967696714226167,0.0026221584804163,0.9736445915323237,0.005565212698067703,2.988379232443696e-05,0.009997833353121294,0.002252375550861254,0.004779980420198616,0.0005710396708529938,0.00020724753469127005,2
0.022671535814345882,0.6126139364311074,0.0013797655520002162,0.055669660521684504,0.004015940374321564,0.07088014367124562,0.18800471487363973,0.013217209794973175,0.024169473342697353,0.007377619623984615,1
0.0001474381598232841,0.0006839458601151543,1.0386424432505356e-06,0.994922723269206,7.305197026696466e-07,0.0013785175089151018,0.0027908130782802708,7.214348452671358e-05,1.4127068417110206e-06,1.2367701454515714e-06,3
8.269078491003737e-07,8.213841142694638e-06,7.423988308056975e-07,0.0011799756859841545,1.897688321994586e-07,0.00018706574534719297,6.258460468364171e-05,9.629718375788344e-05,1.4512720957229588e-05,0.9984495911426152,9
0.03971383737862299,0.0841503905270946,0.0033264750648195015,0.0700754634071041,0.002078830918707317,0.5302422611503409,0.22434600046643963,0.03927029926824884,0.005514836916129627,0.001281604902492541,5
0.017065458019532277,0.23750967289863345,0.0015071997568567718,0.1835322559562764,0.0012259603023353329,0.06750459568688316,0.39234470797723325,0.04438491183319568,0.05330752147002388,0.0016177160990297646,6
0.9912508366728429,0.0036579403145858332,6.596873356506977e-05,0.00270119031581377,2.10106980800767e-06,0.0009415171976997509,0.0012416553555893942,0.00010122755585430616,3.3578817471545726e-05,3.983966769195358e-06,0
0.013915169629016172,0.517057489961612,0.0013147822559099922,0.11731590559131563,0.0010384300222049518,0.041582174237333965,0.1597636916089132,0.13381011860023073,0.006677169586933156,0.007525068506530342,7
0.001079228127947749,0.0009249677580829942,0.00011866167983967675,0.9329062376050363,2.057774907813271e-06,0.06224761509898243,0.00042930606693424093,0.001866607573768585,7.039878378773177e-05,0.0003549195307124,3
0.07984437404706263,0.559177238868474,0.0008260280160625296,0.22011853171644594,0.0006533323435948722,0.056048156443818296,0.026277338802960886,0.05269100551766085,0.00355442693880648,0.0008095673051134685,1
0.9917247040799306,0.0009684043403213599,9.073073645788792e-06,0.0009485741041029463,6.781137958396847e-06,0.0003894674455778995,0.00011948695049475834,0.005645057297286479,0.0001693309774801433,1.9120593201502825e-05,0
0.01846088642552954,0.04499725979913624,0.0005068732770633792,0.913697639735698,0.00036806489089474283,0.018461297385536538,0.000886244274964204,0.0017917795569181165,0.00046933691241766827,0.00036061774184208617,3
0.03504936934692185,0.19775745718173832,0.0054511819949282616,0.09571143196506651,0.0032843065954139866,0.45156581202874974,0.16889536116740533,0.02323226246692271,0.012612027806081965,0.00644078944677116,5
0.0006204059805735119,0.0031106485900893365,0.9812681384776302,0.002244624739694752,4.869016572452759e-05,0.0060296762000992404,0.0034819050715966565,0.0007304562019692269,0.001519814024594688,0.0009456405480281326,2
0.17605716487481118,0.05716029337598357,0.09230487552957108,0.02924617109252812,0.1856837177400546,0.11260726701934122,0.08627292088184829,0.10312011055404292,0.1435298266434211,0.014017652288397816,7
5.566542129445383e-08,2.5620631935641348e-08,1.0360119853815826e-08,1.2955298906186888e-08,0.9999444217158546,1.9236771372193687e-06,1.3623470091085055e-07,3.5513452908565934e-05,6.003345094858833e-06,1.1896972831827564e-05,4
0.17419587708660242,0.3358442576506116,0.05241085889764938,0.04326677208498163,0.002873995768589525,0.03286150573437368,0.2935483306834128,0.03016135220259609,0.03257746996497167,0.0022595799262104047,6
5.318747018294711e-12,1.5003661193285995e-11,0.9999953697315564,3.1375077539600035e-06,1.2512512974002183e-08,2.397771178586352e-07,4.9252817058806773e-08,1.0999129135761488e-06,7.999065669879779e-08,1.1294349210050846e-08,2
9.832006768575106e-09,5.1261753461958425e-08,2.0389344863889136e-08,0.9998977946087385,1.7393148872772184e-08,4.4565908222914957e-05,1.1613445565069982e-05,3.8838089095349435e-05,6.639565055045666e-06,4.495070691004034e-07,3
0.00033874943954368244,0.016826530483578638,4.112107734807203e-06,0.9793745920748826,1.9073509399182156e-06,0.001374197936906674,0.002022620356474695,4.968771774568416e-05,6.013369130800155e-06,1.5891630629734094e-06,3
0.06031297168142633,0.5221757640856645,0.0010125599844702591,0.3969650931725309,0.0006396329817470661,0.0057578276970930205,0.009211456788904929,0.0024506034351448303,0.0008513665478740775,0.000622723625144089,1
0.026980044247493215,0.05216073481948226,0.014133400495178895,0.01139317097787807,0.0150253047389255,0.12735009785947662,0.13179287509245277,0.4996683660601447,0.07613636565517569,0.045359640053791644,7
0.03641831811572411,0.11568809676997921,0.004633575337141196,0.029952291010619355,0.021942102418388364,0.15951286176971308,0.1609658695231236,0.376177850114997,0.08981493823330078,0.004894096707013437,7
0.10215809431022864,0.5467541964927851,0.003911131755783826,0.07173087408528955,0.007540614843839535,0.08208277820469337,0.15280466230731626,0.01942648897871614,0.0034603218119127004,0.010130837209435169,3
0.10032651931819155,0.05980619108301628,0.022629198932145003,0.03521023431320238,0.03269487829502985,0.6251627521327278,0.07551443474001725,0.007050824499636385,0.009269806483725109,0.03233516020230847,5
0.009174145349409572,0.917324957080624,0.003850818237721899,0.0299178146035823,0.0033161452276755632,0.00882315954087585,0.01395161251854146,0.006626490415608776,0.0066052421084495045,0.0004096149175105311,1
0.0009667584225145937,0.01457281287807623,7.049428660622673e-06,0.9746557431063072,8.215316649648581e-06,0.00190597270748348,0.007794796194544203,3.331776340329619e-05,1.445465613167457e-05,4.087952622925343e-05,3
2.1063986795258152e-05,0.0003867980242981245,6.529952311286134e-05,0.008838672270914373,1.3228877193789692e-05,0.0021427164092301695,4.90139918266862e-05,0.0006631747429315048,0.9877952720544597,2.476011923778594e-05,8
0.0389317850095587,0.10162142252272166,0.04227204187816676,0.19573643560951637,0.002117123040659352,0.5026179147635039,0.01312248907208056,0.007340189534952175,0.09364577524848779,0.0025948233203520353,8
0.9999606628527176,1.8728039494649657e-06,1.4771350456670444e-08,2.436987266709407e-05,4.116812369183435e-08,5.3667162690825664e-08,3.302429899997087e-07,1.0988198771810664e-05,6.623964365458954e-08,1.6001826236150005e-06,0
2.3671864100868696e-05,0.00010241479808351973,9.851325935780818e-07,0.0013979231405681256,8.540075810318786e-07,0.003477361991733441,0.00024481626824651834,0.9945484240084167,0.00020243686631546,1.111922361103553e-06,7
0.004178768165862894,0.09818072731363937,0.0004928188694339992,0.7268307388480981,0.00022987094804711064,0.0346858646868041,0.12963165854634398,0.0040718280015206556,0.001476448263059425,0.00022127635719066692,3
0.0001748979782371378,0.05530435740040795,4.493223195172984e-06,0.9146350403845294,3.281388617173389e-06,0.020157606231264866,0.002086172419100059,0.007618137106389194,9.708133246649023e-06,6.305735011988632e-06,3
0.9990914238499453,2.6439398984931748e-05,1.4918760483273374e-06,0.00028162034499636866,1.1869919086861165e-06,1.3407042858363587e-05,4.875463759574162e-06,7.177959546470825e-05,3.4818307845374015e-06,0.0005042936052490536,0
0.00019714745357493654,0.0006439955434862806,0.9962902262006242,0.000753054855763637,0.00019418766967168235,0.0009069046574377281,0.00046899540318377016,0.0001814393365705914,8.520790236442537e-05,0.0002788409773223464,2
0.00823249934350341,0.2993975746673655,0.0016578134611982447,0.4718594994956497,0.0007043257122767183,0.13018867230345943,0.0648680663607302,0.01894514576375956,0.0023203633517762407,0.0018260395402808795,3
7.890706898992536e-07,3.6279267373148017e-07,0.99938885342519,8.422840963396887e-05,3.5636753523061205e-06,7.162799567379332e-05,0.00015306742995532954,0.0001868427008385456,3.094965668679427e-05,7.97148433056019e-05,2
0.01932544294847977,0.20370090306484728,0.0016560974896132176,0.1391369310859988,0.0016030311304695256,0.2411155699994561,0.2655506659376421,0.11277510360525694,0.011889956302283289,0.003246298435952906,5
0.9664589962781218,0.002299890644113676,2.7072163740436484e-05,0.0070530452310373255,4.510549411662346e-05,0.00498113757114739,0.01572250243988257,0.0009291671086062107,4.208292316666135e-05,0.0024410001460681272,0
0.036472446689061556,0.5174153457104351,0.002005708332135661,0.08417876240055942,0.003015421991818516,0.10990823269816691,0.21711880556728907,0.003242562974800622,0.02125688764596447,0.005385825989768751,1
2.943829864563206e-06,3.1998423007390544e-06,0.9983020195556656,5.616450034579465e-05,2.6423484850416483e-05,8.713944377020072e-05,7.362164411706727e-05,3.0859194819243525e-05,0.0011112739569842664,0.0003063545472822848,2
6.581560756535539e-05,0.9824813373113035,3.268677225106703e-05,0.014991543735483519,8.713475365578644e-07,3.7338488571151323e-05,0.0007854725170387147,0.0015855554449187704,1.7561173315041826e-05,1.817602016695331e-06,1
0.07032447132859354,0.32340236034298875,0.0007382123996899997,0.13887854426414026,0.0006760874793486412,0.062077417755468066,0.3242869506358583,0.07720554206086545,0.0008511752226617946,0.0015592385103852093,6
2.235710626178054e-05,3.4039374016558905e-05,3.471636612915659e-07,0.9651897034327273,8.758164759248151e-08,1.4504091136086095e-05,1.5510173305255443e-05,0.034718820536435456,4.5341948785839e-06,9.634592991463014e-08,3
1.2885539577440312e-08,1.4879568427288291e-08,0.9998379413277919,0.00016058444365521144,1.263665941089202e-08,5.897089071266204e-07,4.2463499015345787e-07,2.6718405622297585e-07,1.4038760652235664e-07,1.1911225046384683e-08,2
0.10088629994196024,0.1137569560349762,0.004921673369151218,0.10455019965282035,0.020916861232188,0.5051892649563421,0.1312318174909187,0.014351531338932357,0.0028945508740769892,0.001300845108634136,5
0.8273265839781921,0.014569610480121429,0.0005411284489349891,0.1107397433834102,0.01423094264497866,0.012089385265415427,0.017892035561767116,0.0009800889063213895,0.001304427676860946,0.00032605365399737994,0
0.004386036403042629,0.5952300535669025,0.0005240177980633136,0.27249387705745853,0.00038943026157273,0.021953505593352976,0.09771927231457478,0.004955752580224595,0.0013346594591535105,0.001013394965654452,1
0.00022451240376388393,0.0010839078046408126,0.9904249709067635,0.001012528178331596,4.204130923665036e-05,0.0015933030003688843,0.0011363379165213363,0.0004649977632602262,0.0034035182241058783,0.0006138824930073489,2
2.308756479239369e-05,0.9532798447589754,6.847081201072109e-06,0.031374786256291115,5.92960720579905e-06,5.981168074395259e-05,0.0032171892520455945,0.012003939250412961,1.2703770675330761e-05,1.586077765618099e-05,1
0.06406619694155317,0.013324157091879302,0.001585472241985046,0.8216349385118344,0.000593677047577675,0.05955614398304634,0.017911144678064324,0.016273843411039615,0.0039022938107249037,0.0011521322822948118,3
0.007861042968951008,0.8723876359186056,0.0006853619334560464,0.04544770663145173,5.590080422591258e-05,0.006681795908345548,0.06213774520961958,0.002513743006206282,0.00029701356255239415,0.0019320540565858232,1
0.054677839824552564,0.16112495703709315,0.004039476268157106,0.054279201810744714,0.007387770948086811,0.3814572912624123,0.29798144410466604,0.023456088243243814,0.011325651963978075,0.0042702785370654335,5
6.413410204168162e-06,2.852866038518002e-06,1.1658949877270241e-06,1.7234615369139425e-06,0.9992670384718086,1.5251745766414963e-05,2.3138684031939467e-05,0.0002731851070927896,0.00012029714507346307,0.000288933213459618,4
3.4125540609367375e-06,0.0003051087647951471,0.9963463474267652,7.561210101251536e-05,1.5109073443310547e-06,0.0003757707398911977,0.00024379322329502303,0.0023199708279049696,0.000266136525046038,6.233692988480096e-05,2
0.014721965641114224,0.0034450249866907717,0.0006057025811966642,0.0036783320971331256,0.9320055123979633,0.009977063218745159,0.0069941007135901016,0.011917957414327107,0.013346273382613951,0.003308067566625993,4
0.7336037694676958,0.023730002462593745,0.0008798065779450159,0.009516519342995884,0.03964670188085774,0.019975992604337973,0.08083664964134255,0.014691875028352808,0.07104662229279651,0.0060720607010815225,0
0.176608542504953,0.16802873676561295,0.016314564473817822,0.16592368750125705,0.010228978125735009,0.2313803747947854,0.1853473936688184,0.009507371165840136,0.00635491527869324,0.030305435720487377,5
0.02938799439070958,0.055923387311008696,0.006985113917163989,0.39078420479963316,0.0027057962454686735,0.08573402780729303,0.17077369895243533,0.012714286529966168,0.24232336570545576,0.002668124340865368,3
0.008480560485985425,0.03679656470383461,0.0004283179335272004,0.028063080100876922,0.0002818332327925559,0.0869817648058982,0.05623938072660282,0.0007347811558753529,0.7815029501148001,0.0004907667398066052,8
3.331908175002006e-05,0.000163882026564452,0.9960167971363872,0.00012583385281505872,2.2675581101098395e-05,0.000516705043501283,0.00025081874204275876,0.001810939136664289,0.000823301002678315,0.00023572839649555375,2
0.0009792617325789963,0.4992997577691669,0.02369113835412796,0.31993582992482095,0.0002760692562958079,0.1376915033692379,0.011040853276496003,0.006127601705569111,0.0004679408242976112,0.0004900437874086439,5
