0,1,2,3,4,5,6,7,8,9,Y
5.788020370963009e-13,7.750883473313494e-13,7.695819566697067e-13,3.2571090298295484e-12,3.936103952073426e-12,1.0107363525520458e-12,1.0553031090911632e-12,1.6815756742011953e-12,5.086394890654736e-13,0.9999999999864271,9
8.142763342382285e-07,1.1770832617813242e-06,1.0114983922279957e-06,0.9978688030890712,2.4028397347032487e-06,1.0480357178063604e-06,1.8071168368523196e-06,1.2471455950073586e-06,6.220998576427179e-07,0.0021210668151987995,3
5.121224479883871e-13,5.612813336376477e-13,6.352810740728363e-13,3.143808879818328e-12,2.837500089545938e-12,1.1558780602542299e-12,1.3136209001679459e-12,1.2474235250308038e-12,4.3747665473134694e-13,0.9999999999881556,9
0.3095359487078046,0.09725791760132443,0.04074935064640569,0.005907412387745385,0.03748928759766255,0.05138752823741629,0.014544105427341992,0.01660560284034474,0.42223667856466135,0.004286167989292898,0
0.3226824500394014,0.0758743700957246,0.47425388122497614,0.0008615187165401685,0.0010705561562953032,0.04982301376753381,0.004850609603778081,0.01895393786193563,0.0481916923572578,0.00343797017655691,2
0.41667619608659173,0.15355283816160947,0.04037035111469134,0.00725986894876909,0.020729788818131322,0.03365929505218912,0.020628484255849643,0.008810825070623191,0.29217063994615644,0.0061417125453888865,8
5.9876544185814975e-05,0.00043747814050075024,2.4433157395552522e-05,3.979776370751194e-05,5.5846322020108245e-05,0.0011726550590336234,4.36889656366189e-05,0.9979729147824247,2.0440975592250954e-05,0.00017286828950307436,7
9.090687069558612e-06,1.0358935112641502e-05,1.6686571274643475e-05,1.787536239455027e-05,0.001329677911985075,0.0006785752732308971,0.9975872304785314,0.00013282900977805057,6.548886434066227e-06,0.00021112688418903529,6
0.00021769068882837036,0.00026675752426669864,5.299508236438749e-05,0.9883822064378741,0.00079982741691613,0.00024091567930349024,0.001500960013557406,0.00014088878017345065,7.837630650195325e-05,0.008319382070214003,3
0.0003086222784299049,0.00012656419664738676,7.264965021313496e-05,0.023772197349082973,0.002601380321912618,0.00013579124961242593,0.00012536500221814944,0.0002639079286865729,2.926411664939257e-05,0.9725642579065473,9
0.012233207950369425,0.10718371601986028,0.0356948008994232,0.003933576626260409,0.008291432548498378,0.0676636874327275,0.010604052309262238,0.7488783514915236,0.0013768574789706695,0.00414031724310381,7
0.0006992430811536029,2.0849611046362895e-05,0.0006085120053427013,1.288380035727258e-07,1.5822019898974292e-05,0.9985452654609223,1.7136475154341502e-06,6.0504301170515795e-05,7.018566788355887e-07,4.725917826732699e-05,5
3.9066398057561923e-05,0.0001720485576848088,0.8826830733403828,6.890993588195907e-06,4.659590955013883e-06,0.11709262681288164,4.0109301401705467e-07,8.422011042882384e-07,2.1072212642515548e-08,3.699401193926962e-07,2
0.0002693495957453366,0.00031153865433684977,0.001125968499002447,0.00015619983307069314,0.000602025847880751,0.9895603129911061,0.0005896214179431093,0.0014481152562587911,4.652283787397976e-05,0.005890345066781778,5
2.4540975338098975e-06,7.420922786790562e-06,0.9985757542379425,7.644851705363092e-06,4.316585723330248e-06,0.00041087617182611097,6.922604033923704e-06,1.3145043976892562e-05,2.7295665053082967e-06,0.0009687359179657781,2
0.0001602765484515125,0.00040064842396405405,0.0004948961449818967,0.0015294720402346297,0.0393609039058842,0.00457213054356807,0.9280959589440136,0.006022253981869804,6.019280241882741e-05,0.0193032666646133,6
0.24072626229495694,0.02365111583425657,0.4554472973156872,0.0019776652782684946,0.02609825276121078,0.2208718614182141,0.007551082511628366,0.00954203753377501,0.007918392054539274,0.006216032997463315,2
0.00033192798747432755,0.002671957322243877,0.008623103152565202,0.00015178794883583053,0.00567399217630168,0.9781045001113166,0.00028435237551665296,0.0007366325077647078,0.00016483710784700624,0.0032569093101349335,5
0.0041057459817006965,0.02077464857564475,0.10021201129181695,0.0014855396803996601,0.004507354023247237,0.1131644360844761,0.002385646539714325,0.747892940941304,0.0011360820590019024,0.0043355948226942295,7
7.793279731695126e-05,0.00012113503966463155,0.00010009961898783189,0.9885350331055421,0.0009468971306293185,0.00024242021748398126,0.001258404409350193,0.0018965790144087244,5.133150139960957e-05,0.006770167165216505,3
5.708048237305675e-07,9.9864195783964e-07,9.327892507040491e-07,1.1396298836984595e-06,0.9992147374943509,7.98416999524464e-06,3.3414609157143527e-06,2.673623286351577e-06,3.995210267143544e-07,0.0007672218645090823,4
0.00455587828262058,0.004290318387277479,0.03141396665245171,0.0050829085243772314,0.73170079866553,0.02858117382347026,0.013956567627709315,0.05512815236542483,0.0016380440641560034,0.12365219160698265,6
0.0005014241556966166,0.0005088444304587483,0.0007345170031477359,0.002376243609313123,0.9778590379140378,0.0014234975172313286,0.0060897254471056666,0.0029794001472298734,0.00017054993709792143,0.0073567598386811315,4
5.388764141098134e-07,7.524613864913833e-07,6.005871800280573e-07,0.998182872634039,1.705703306559503e-06,6.435727166071807e-07,9.721653885656177e-07,1.373060346956283e-06,3.7610940226423293e-07,0.0018101648298194687,3
0.8918394203138678,0.0362494949443696,0.025032473136676944,0.0007911319635813204,0.0010115626040209974,0.008467098688981654,0.0007707586685607695,0.003505885679811537,0.027706757111196446,0.0046254168889324375,0
0.40975110519316116,0.08954612701454077,0.06299677198558573,0.006189050994177799,0.020698590654256402,0.02150753835579126,0.0017415150216544381,0.003078072829902298,0.3802637566063184,0.004227471344611814,1
1.366113229535799e-10,1.3514738048169755e-10,1.5106832438938766e-10,5.873687302799892e-10,8.033856607393705e-10,3.6829284674645676e-10,4.299726466214242e-10,3.3915487565727535e-10,9.142689560431614e-11,0.9999999969575712,9
0.15767860826591806,0.1914107504890271,0.0595638729828276,0.00882610789714607,0.1261822454295309,0.1476341410778051,0.1299797640414001,0.051369184173454464,0.11314589023023679,0.01420943541265383,4
0.0005753976983009316,0.0005423724934062664,0.004793767464215336,0.0005197637923592593,0.005390609062497706,0.013229026136879951,0.964387075184087,0.009959225529845192,0.00019753351027379341,0.000405229128134765,6
0.9008747647678315,0.01757627600223841,0.02555303621054237,0.0007661497768613058,0.0044394499501956165,0.022785064468984255,0.000983874886046632,0.001783138038400272,0.02169224410068916,0.0035460017982101464,0
1.190374862148561e-07,9.612258807533452e-08,7.440482740472057e-08,0.9997408660851395,1.3582428783823331e-05,1.7221274939281028e-05,5.1531387522573005e-06,5.76030929329793e-06,1.4348236739999286e-06,0.00021569237451619163,3
0.003743663771236585,0.004576264259811455,0.005061481216020959,0.006057127756947578,0.035669014781796016,0.1945371639913352,0.6284537537403746,0.011201926799007448,0.0036901124045227453,0.10700949127894742,6
0.42416944142026336,0.16848159577851324,0.06534581891189391,0.004638474154305848,0.02497278641546421,0.0892654849495052,0.013490292067372425,0.01571306876811227,0.18940122290456401,0.004521814630005487,5
0.005877317560291956,0.0076145832402999,0.010879177829412928,0.00584073179603054,0.10876466364280231,0.02134515954844683,0.4173497415500675,0.03868199626223448,0.0012225851202594326,0.3824240434501544,6
0.9798897810578071,0.0010852918103019876,0.0018547417348690543,0.0004895753977752409,5.150388762541036e-05,0.015497667950107218,7.01858467045538e-06,9.553005500323325e-05,0.0006878761164109075,0.00034101340542888115,0
0.1920463185754094,0.5123015422580197,0.020775031384679163,0.009434863114375754,0.009919294097850593,0.15838251221266192,0.005906063014971759,0.01184182836934917,0.0620858763150216,0.017306670657661248,0
0.00021403903615502802,0.00216086761561711,0.11219131052800956,0.00013604545774863243,0.00017647962225259635,0.866863522222519,4.32205037095026e-05,0.001381690674829081,2.792552976699764e-05,0.016804898809392434,2
5.7025563047895394e-05,0.00016039952238550734,1.3776798196878458e-05,0.994671051254944,0.00019481518872688805,0.00036442615852517833,0.00019293076655904227,1.6850356615264282e-05,4.363008620700422e-06,0.0043243613823782485,3
0.008631626112321869,0.0033651453455251193,0.015924074807636926,0.0015769769023086075,0.012110899282596371,0.008340365473359217,0.9088671323118849,0.03166569201295999,0.006703353085442742,0.0028147346659642644,6
0.8570037795016252,0.056685702122796,0.012808131864076913,0.000722313761393058,0.0006885930179862141,0.061532454508765114,0.001314998012137741,0.0025426473739456642,0.0032890874980955258,0.0034122923391788126,0
1.1994783206928507e-05,4.453767280862331e-06,5.018576255147452e-06,0.692268059200712,4.672201828478289e-06,1.3492860018562684e-06,2.5500788610931287e-05,1.8166444890194723e-06,3.964740996500832e-08,0.30767709510420477,3
0.011441062242217795,0.7354007379685807,0.16141198426116962,0.00043564825983614355,0.0007890491376388905,0.06552969666181521,0.0005961867032218652,0.020511792093230393,0.00212284756638375,0.001760995105905296,1
2.055433249425911e-05,1.161171437245602e-05,1.8018529154815423e-05,0.9394525776407879,0.0001455762769092906,9.812429879672964e-06,0.00011098254269398696,1.8261770307982575e-05,6.953151807906817e-07,0.06021190944821896,3
0.000257105104472907,0.00020356009713882797,4.870024334967918e-05,6.401986689918176e-05,3.5535132519322357e-05,0.0006713113109686983,8.870615090365738e-05,0.0001970280224415104,6.502258251199399e-06,0.9984275318130552,9
1.1856029177101618e-06,1.4227989411580481e-06,2.182534380285808e-06,1.2789073040283474e-06,0.9977670368035436,0.0010924212779301467,0.0001793373189842774,7.484664480318672e-05,5.585419104233961e-07,0.0008797295692849324,4
0.06039791106814775,0.292218196019389,0.03914562547997321,0.004294381661775548,0.016071706357459255,0.41632291917961967,0.008847046550181405,0.006753471375886835,0.15027286360641273,0.005675878701154492,5
1.1084792877976846e-06,1.825275647084226e-06,1.2884923799512117e-06,2.7685094834852606e-06,0.9988327871004767,0.00046683977256797805,8.403362832077296e-05,5.427297191022189e-05,1.2453485488201584e-05,0.000542622284437531,4
0.00010057564759686069,8.50840508273151e-05,2.7295460244148686e-05,0.9885211162188543,0.000825839376126251,0.00010038165210392092,0.00029840567766831547,1.286706420604123e-05,1.5211154663690985e-05,0.010013223697709198,3
0.000301065899648183,0.9801228489743314,0.003711221760878601,0.000104507167961065,0.00017152640676315563,0.012712982609031018,5.643698308664248e-05,0.0021224343682255944,6.0056501626396104e-05,0.0006369193284477993,1
0.013570419225608433,0.017352733605105877,0.016564570549201085,0.020644295317937118,0.6399519746293064,0.0378146376595253,0.04206340975953314,0.01631345757218826,0.0061255311378652505,0.18959897054372907,4
0.003225199900874329,0.0005552185083754448,0.9935946146601908,1.925703339755194e-06,0.00013303654163140542,0.002416522040982884,3.690040407178561e-06,3.189699308950554e-05,3.060980229271908e-05,7.285808815534304e-06,2
0.4650194847999756,0.0964646086810594,0.025901351022606423,0.049757883599202545,0.043249130014746055,0.01386587048508344,0.1362663171646426,0.03329943354264297,0.1275898426647181,0.008586078025322885,3
0.44676483128184274,0.03880872124386662,0.2678524538867401,0.003763027683875578,0.04956805530825097,0.04840935622675371,0.02849903970349606,0.06739765720652562,0.04314107387078105,0.005795783587867824,2
0.010844318283602397,0.008791086838306228,0.006770270611956828,0.8893665273858553,0.03004750839532706,0.007299946194401042,0.013462708819899508,0.010126366855890549,0.0024669761009462722,0.020824290513814785,3
4.1743014364886366e-05,0.0008226839621938582,0.00021333400979497625,1.3840143665994465e-05,4.084948841274401e-05,0.00118715292829311,0.00010098988784156702,0.9973261258020806,5.492954500635209e-05,0.00019835121834618766,7
0.00026849896792999927,0.9873727476631382,0.0013501034329656,0.0008650089640992312,7.216841703593559e-05,0.003030352540743554,0.00020394151049641838,0.000123432680557485,7.057504725398379e-05,0.0066431707757792936,1
1.3831196702327724e-14,1.5756274963808888e-14,1.6678943655920673e-14,9.158893659265242e-14,4.9918088376018705e-14,3.998568180520523e-14,2.1480748125060023e-14,2.8190990394065582e-14,1.267046804244946e-14,0.9999999999997099,9
0.7110686647979226,0.09289420308904918,0.019645496079579616,0.007196035833600493,0.01843998087580604,0.022168027111743857,0.014191353439213574,0.0034960510838813875,0.10840612579673503,0.0024940618924683576,0
0.09224057265100534,0.12535257463216062,0.42593882410966155,0.004408105111559768,0.03021964111873069,0.06016586302281008,0.0203897637063922,0.025024342708426378,0.2118025932792598,0.004457719659993291,2
0.37521751291238203,0.17905672705107628,0.037180074323644514,0.01401698956886419,0.048205041253016945,0.025225062495343963,0.038394317933110045,0.014674569628635593,0.26331556777833615,0.004714137055590314,4
0.0002263978164454762,0.9783594224817351,0.008556729280952744,1.3936868850245485e-05,3.0990246754824574e-05,0.011552280503701058,7.172432354408335e-05,0.0007363362275674436,5.1468414552910875e-05,0.0004007138358959058,1
0.022852713661121918,0.8495432434293726,0.04095296310529119,0.0010466225745260533,0.0023907939758745973,0.04947544224810064,0.0028717134321016623,0.02630800189664624,0.002826633466130293,0.001731872210834397,1
0.010033275755415063,0.007937441818448831,0.005637172809802235,0.02117504486072271,0.14506348541692152,0.00662082448963494,0.5225649103341732,0.26289738929561235,0.0026350346480407565,0.015435420571228193,6
0.00709806115811056,0.00814187423747605,0.046388974117872794,0.00938586139883524,0.08268090263301897,0.227761571074949,0.011243027643434735,0.24783601238632713,0.0069121411592110655,0.35255157419076466,2
3.357158676739806e-09,3.4834376865424313e-09,4.331995399312931e-09,0.9998557564125282,6.037013554661657e-08,2.7255806606302223e-08,4.054783722013958e-08,3.1018321932685634e-08,1.4941177322705833e-08,0.0001440582816017674,3
0.0002826882757889385,0.00014821275296278874,4.304058120489287e-05,0.9970769847160518,0.0005684276264288265,0.00012375954997241134,0.0003212051725660367,0.0002994408028475496,5.0832726690285756e-05,0.0010854077954860384,3
0.8612930246313867,0.016949435348417155,0.053500180165913666,0.0024132196123399065,0.009532199835524753,0.03626124915528528,0.0014809424495712258,0.011251750743204926,0.005456659142159251,0.0018613389161966634,0
0.010502611629818389,0.09187082140239389,0.0691582157459903,0.029856120084954238,0.07278288350024305,0.3454368744607739,0.059883520907562465,0.2535001036939105,0.009897194903971479,0.05711165367038208,1
0.0003257386501538792,0.0003555010251871645,0.0004168681199424372,0.001347963461518858,0.9802719997088752,0.0014967375335273956,0.0011058243983036056,0.0008351123757684767,0.00020994259718397628,0.013634312129538879,4
0.0007025086337173385,0.6798305534211041,0.30900807877995096,6.528975625796352e-06,3.505304824202865e-05,0.00988711362430246,2.6755519150436064e-05,8.231505852205497e-05,3.497066088359035e-05,0.0003861222785005937,1
0.23113407629307167,0.37107117842914755,0.18340345259698232,0.0031018210257720584,0.0043544176126266996,0.053053019405935625,0.006365356168080436,0.004532366910731929,0.13901610563119726,0.003968205926454542,0
0.001501471218504596,0.0017925725999168218,0.0007692552926396633,0.9588748202868961,0.0047247315689786995,0.0005984121289120363,0.0006496134159162657,0.0009457049494026701,0.00026920059137293536,0.029874217947460677,3
0.8656808845783601,0.014752161374697814,0.03569918699126334,0.017756315790553187,0.0064326624021938785,0.03429621938467729,0.0006593242548635775,0.0026831402196086994,0.01715843179063963,0.0048816732131427175,0
0.06600009729072873,0.11821777254309933,0.1829835265625638,0.0021358670361120574,0.007475978686824617,0.1302914293954453,0.0026960923293593477,0.003303717219044366,0.4824976715658354,0.004397847370986826,5
0.5916377466389143,0.06358932490413582,0.1477980215364469,0.0010255130608391538,0.002212645032570569,0.13856501769893328,0.0009496678349420788,0.004778806636821998,0.047040416342351184,0.002402840314044698,0
0.00043072318966893734,0.9959536443193547,7.572964842574914e-05,4.803745736424546e-06,0.00021090946266447703,0.002502593653294199,1.358337367744375e-06,0.0004319984807926154,3.178721689775186e-05,0.0003564519457971042,1
2.0772651272385057e-06,2.699259747364407e-06,3.274207220325661e-06,5.8430093036460475e-06,0.9981023744162042,9.365190458480356e-06,0.0008130312132746181,9.467344971123252e-06,2.611055316174815e-06,0.0010492570383771117,4
0.00014540515308033002,0.00025457877761840943,0.0006276418220168446,0.00014203274463810237,0.007845512918735423,0.003273386757637567,0.0032930988729643986,0.9468916628752664,7.302801540116678e-05,0.0374536520626414,7
0.0002942019883876822,0.0002247998293183882,0.00014890919613793,0.0007372982783670138,0.00474264766124093,9.660384256229781e-05,0.011618026446253631,0.001292048502922041,8.336875724493395e-05,0.980762095497565,9
0.16077935752652747,0.6924639485938399,0.040724496786038504,0.00345390301483657,0.004709338929370192,0.06614686658533594,0.0019172608503457529,0.015099893187846474,0.009620401417453182,0.00508453310840606,1
0.0024708657940306616,0.0021693389112401196,0.002163709293223279,0.006630562716613741,0.9416079757839315,0.0026119630327776015,0.015511853353090113,0.003773457108124062,0.0008774314920594436,0.02218284251490935,4
0.00682905537255631,0.8002802796805851,0.07035346107109408,0.001087962888667826,0.002053013162777578,0.059404075110109554,0.002112120633455144,0.05275096301846456,0.0013461250712695787,0.003782943991020247,1
3.518736660810096e-05,5.508210579276402e-05,4.6827238161452234e-05,0.9940738434147002,0.0006413775698656599,0.00014046384461966602,0.0006490534798749534,0.00046631732310326214,5.464404158590532e-06,0.003886383253116032,3
0.7937876764654498,0.08847322961159723,0.01666713759725843,0.00298307741415597,0.0059018625915645325,0.01824624057701276,0.00516177947145521,0.003993713776755747,0.06251216726903364,0.002273115225716867,0
0.029712986206577346,0.03032359256858877,0.07757617691525731,0.016783442409715067,0.024782474201725545,0.011620196898581313,0.008018877375087956,0.007935506062986292,0.7735945323995315,0.01965221496194868,8
0.009295250365957458,0.04204675872296647,0.11113818104864108,0.0003488453971041483,0.002878295818967462,0.8159342346306513,0.003752554125870288,0.010918432352969128,0.0023718605679917395,0.0013155869688810976,2
7.894578978173429e-05,0.00014663094507490882,0.00013713305051538224,6.083797866959785e-05,0.9928130332931634,0.0019878272875599613,0.0005089725620679781,0.00024357930615185837,9.780500862266968e-06,0.00401325928615288,4
0.7880242729625303,0.0192335150162742,0.014802648195912184,0.004661832198633761,0.030281217103348395,0.03325081615507092,0.0013047569131442011,0.017228101535303172,0.0018707534108855996,0.08934208650889702,0
0.25793514921602145,0.09941020118024542,0.03323123641018436,0.019918699366685475,0.10595277179123318,0.05553685779332702,0.0476771011298991,0.019072158727803913,0.35284605897339716,0.008419765411202927,4
0.001109721433724925,0.006537442050826132,0.0027061135502969014,0.0028964796532607875,0.8455269204445048,0.011146258716973204,0.10757393073540582,0.004100858930214445,0.000641928686007362,0.017760345798785868,4
4.771711413069359e-05,2.6166290372281958e-05,1.574646491371051e-05,0.0003222218562472013,6.325117416286144e-05,8.387331594278265e-06,0.00046898960410896186,4.460617753598815e-05,4.55553570128261e-06,0.9989983584512326,9
0.0006449662960330763,0.00021992271281814305,0.0007551163516345142,0.0001282723511923997,0.0005339236581741796,0.0004547370990690158,0.00032612630966040695,0.0008052192474027098,7.34522886120089e-05,0.9960582636854038,9
0.9329090370238599,0.007217243478138589,0.007712211507428925,0.0017276644934454857,0.00586133366245183,0.011603851991709428,0.0011412932417382102,0.0032758883789283564,0.0036824770755411857,0.024868999146757803,0
0.013137342005901737,0.03275585705886866,0.0958252029764131,0.018487342647638863,0.06845635356431584,0.06518553130146754,0.04974327016172473,0.07665152558093428,0.5470258779817732,0.03273169672096175,8
2.3623756035605323e-08,3.285786067106343e-08,2.3220668603832857e-08,0.9996226911749744,1.2129973920850842e-07,4.8451467613001994e-08,6.606017639499953e-08,8.275555429249985e-08,3.022307931326686e-08,0.0003768803327232838,3
0.0772637268698691,0.021530274318232415,0.012235741214233889,0.01738388151875073,0.0053869614900202145,0.29689841194411415,0.0033905882205175542,0.007843101473871246,0.5489909610901221,0.009076351860268611,8
0.7664648922162636,0.02255212907198083,0.024545436567707392,0.003729926831506465,0.009229304256174423,0.012773110488409232,0.003341262275099363,0.007336072841030915,0.14660634311693416,0.003421522334893372,0
0.002402644649652936,0.9807479605997925,0.006261305336378872,0.0010611546214145538,0.00043867628724340407,0.004893461499771319,0.00035254944861422196,0.0010766465909109546,0.0015209025477033627,0.0012446984185171374,1
0.006324220286430875,0.9049388166553889,0.028021819169852587,8.849502132563952e-05,0.0020983334484686346,0.05576252420527541,0.00017519676828140724,0.000578731937305239,0.00041235210865006735,0.001599510399021129,1
0.055840292375294434,0.028915930208567413,0.04607172870330291,0.33035370370193534,0.15732998278419916,0.045389714162968775,0.07107019091884326,0.21193147495450765,0.011008407192046708,0.04208857499833455,3
0.0008933077449967274,0.9895787171686788,0.0021632848960884913,0.0002126151514705582,0.0003214518638831409,0.0021688124148586717,0.0003379090509613267,0.000371653934796531,0.002229570295090497,0.0017226774791753805,1
0.00014738928345203324,0.00010367602949606302,0.015387075089603686,7.454484457528531e-05,0.0004249799625111254,0.017260421568973016,0.0002793101612615012,0.9625432092352301,1.1621518668732635e-05,0.003767772306228275,7
0.2748232465412265,0.039484202794244715,0.21268336749798014,0.004844074871941546,0.013460127955178725,0.18924015142135495,0.002892248555426787,0.020862630095888922,0.23439758735683142,0.007312362909926163,0
1.2756973042364822e-05,3.9136926178984214e-05,3.0421847473776525e-05,0.0002472621088560992,0.9711364573808646,0.00036267022338861587,0.00018996296176863807,0.0003179307793336501,1.1985496332352932e-06,0.027662202249460026,4
3.666321619092148e-11,3.708149206056649e-11,3.005531377743289e-11,1.7588957309963145e-10,1.3357413607658337e-10,4.716059439487342e-11,5.031437736898489e-11,6.839108824059162e-11,2.184156703027606e-11,0.9999999993990286,9
0.015291066337365943,0.00396564800819729,0.006182422165246626,0.002175917549464866,0.006738321788782907,0.005931144643124836,0.9508262479631464,0.0021125545468256087,0.003095870004122949,0.003680806993722203,6
0.07507591623327428,0.07591654930013762,0.02120272242568623,0.6738915713891899,0.03475219306410969,0.021624357959838685,0.052260884608582324,0.021232779998061824,0.01227726169044108,0.011765763330678468,3
0.3878221873586526,0.2463492276207996,0.020894078448647418,0.010151800233020165,0.012141084309645823,0.022495683698779797,0.012563223926221775,0.005873866665023712,0.2770892924859753,0.004619555253233759,1
0.00010059535953699356,0.0001469892850646285,0.00020319564321118381,0.001432220890576341,0.0007106534296095444,0.0003885178399034374,0.029029359885382633,0.0020746650217920116,9.694927152483154e-06,0.9659041077177711,9
0.4020508354782029,0.1620202438767392,0.030661781982614763,0.012733367909174889,0.02384329517827159,0.0360103632842674,0.022368977107776897,0.009480551077511145,0.2961308527159608,0.004699731389480608,5
1.8612518133483645e-11,2.292992606798202e-11,1.9389279393267872e-11,1.077254280840207e-10,5.893023100416114e-11,5.948051579532368e-11,3.8041320307998243e-11,2.4801930847895836e-11,1.5710326927858985e-11,0.9999999996343785,9
1.171497604103442e-06,1.2997981024035268e-06,1.7486684431538818e-06,3.7847121070802957e-06,0.9987116406600833,5.227301420806973e-06,2.3476270569365813e-06,7.583061580866387e-06,1.412500868341292e-06,0.0012637841727331108,4
0.005714545901876478,0.01683624299114568,0.07841633345208428,0.0002480836517862339,0.0015708408324428488,0.02784732960208203,0.0038362928495417176,0.8636434949387426,0.0012499596394029387,0.0006368761408953313,7
0.002875375968645107,0.0440301850562144,0.569130240143754,0.0005453268891603963,0.0029086110845546295,0.26139597392663744,0.005912743869236344,0.10393997200433515,0.000876984734429336,0.00838458632303299,2
0.4300308847434967,0.3550379188428748,0.02467312375570355,0.007801400899298946,0.011996481987389382,0.01764727991358178,0.016518876295830313,0.007583165934160097,0.12527982008088714,0.0034310475467769852,1
0.8600759932515415,0.007798553357501496,0.028172580126713344,0.0006045535982267095,0.0004885229122435273,0.07771926381226497,0.00029469682840816986,0.0017539196028573624,0.02213683918015642,0.0009550773300862357,0
0.06764033203193712,0.04198002798732785,0.010818480057844415,0.5694668255669106,0.04990066213160307,0.011546715288182928,0.17113589931505185,0.021549694758216494,0.019805001643106276,0.03615636121981914,3
0.815170311318456,0.013360171283423605,0.08371844485463661,0.00036342677328233565,0.0007953264511282649,0.04064097903122831,0.00046990868862275653,0.001170898458362648,0.03916232908499217,0.005148204055867697,0
0.36759495767980566,0.1802305247902213,0.07670105947748841,0.010869397298372054,0.013239818058829176,0.09960840332862965,0.022540129795222495,0.01358828385476491,0.20715215981326698,0.008475265903400201,2
0.4969495156270824,0.016558994286136677,0.4351753694954195,0.000306670893884862,0.0012390411053198771,0.029196404943044815,0.0003465799539636509,0.0020512468558774514,0.016460021984943524,0.0017161548543270897,0
0.00017220644737183706,0.0001426335196226936,0.00015759972473014845,0.002312597561943097,0.9924919501667814,0.00016807060354971653,0.00022679854416588125,0.00013984729492258233,2.287583219245397e-05,0.004165420304720246,4
0.043516927486325685,0.06139108166255861,0.03362230296737211,0.5364492053795996,0.04924918823182639,0.018777952024134164,0.10546477918036042,0.022806112473419023,0.02653934130773337,0.10218310928667057,3
0.0008993022837549459,0.0009106651476332088,0.0020904405651531216,0.0009316429365163109,0.0019221834685974643,0.010474268426751516,0.9753955094088813,0.004719257508757189,0.0003917173327088857,0.0022650129212455883,6
0.009428421245707449,0.01699895032439699,0.022714156104189327,0.0005732901608042297,0.002675815032324182,0.9054496455933044,0.0024339265544708537,0.03675690171998995,0.0004499075686399283,0.0025189856961725255,5
0.00014854731902651063,0.0002075830783974772,0.00047412987500687035,5.401312780112459e-05,0.0012556617530386205,0.008329648141258129,0.0003177488629041413,0.9861335156539066,4.116134867140692e-05,0.0030379908399896225,7
0.09977889931053177,0.09789125551856918,0.058296754250439356,0.012340069770696122,0.4480512679551337,0.041308145603265664,0.12596432597280063,0.04165094256937366,0.06775217116700342,0.0069661678821867695,4
1.1462849148640484e-07,2.0457514459229066e-07,7.97539073967036e-07,1.676157661495219e-07,2.770420112339102e-07,0.9997403963329149,1.3465585595962498e-07,3.494222730588031e-05,1.0285273950763551e-07,0.00022286253069628807,2
0.7673911079856313,0.0649313756348991,0.014403698723871348,0.01608440462189452,0.018665458890313798,0.009775578105555195,0.018907430664767737,0.010841722297986843,0.07471756654222107,0.004281656532859766,0
0.0037817578978085547,0.0058197041060940044,0.002508667707119487,0.03608009968082916,0.005269154839947092,0.0040970102170250905,0.020023120063532126,0.001127294112110833,0.0005713917004167022,0.9207217996751175,9
6.32378637424528e-07,9.092248143397687e-07,7.905847412565542e-07,3.3665092800658412e-06,0.9987941633155627,1.1534173021491874e-06,1.9068742725141032e-06,1.4334941055305984e-06,4.275591313199026e-07,0.0011952166421525029,4
0.022486333808804704,0.02319060102948499,0.0488960676952837,0.0013831434029149437,0.0015182555703758156,0.020171152087916165,0.001248560212283349,0.0022073190519218307,0.8772299696039508,0.0016685975370639308,8
0.0973894128647103,0.03518478892522497,0.008726123212847424,0.7376212160238317,0.026478035030672337,0.009513048636533043,0.03285073011895497,0.026464158708995347,0.01209060510994433,0.013681881368285655,3
1.2235610871196453e-06,1.2633462383326483e-06,0.0012601850043841975,2.7856986475771086e-08,1.085261824288632e-06,0.9987188235932387,9.142140848111982e-07,7.205165336350496e-07,8.314498723476998e-08,1.5673500635504587e-05,5
1.469267883188759e-14,1.5847199406485562e-14,2.622234285301345e-14,7.950691716007592e-14,1.0399750751218048e-13,2.647016308620136e-14,2.234956427837529e-14,3.9050197968167636e-14,1.289705337250668e-14,0.999999999999659,9
7.913660878898592e-12,9.73702583555711e-12,9.220670453422249e-12,0.9999927155898111,5.002549763094111e-08,2.0410570920927617e-08,3.339142552140304e-08,2.5239739773750372e-08,1.112990224656048e-08,7.144186181620835e-06,3
0.00013025011998198859,7.927140362980099e-05,3.302686149887708e-05,0.0002089947246700635,4.0230300313511e-05,7.762258360316422e-05,0.0008715449366890805,7.542797942314721e-05,2.1641795163644878e-05,0.9984619892950267,9
0.00139544123216974,0.002093523886553107,0.0025496078232086724,0.0003740242233358043,0.0009007158033482138,0.9895006862649874,0.00031765665926253766,0.000666343218578957,0.001357276774359371,0.000844724114195978,5
0.012537766780879674,0.00908930571976611,0.05397132389741914,0.01510165215912668,0.008181945759178922,0.09432154664574406,0.009057534661126217,0.00926585886286044,0.7824063540258248,0.006066711488074035,8
0.00010188821430554199,0.9870683145562521,0.0009769781314912884,0.00014083610208434952,0.0009162966291275429,0.004229981224533057,2.109269476083695e-05,7.983772374602087e-05,1.092038205937763e-05,0.0064538543416400385,1
1.4703656273462887e-14,1.5947237422638282e-14,1.9227118501557592e-14,9.13461911292116e-14,4.972074767344058e-14,3.8639019898016434e-14,3.114075558408452e-14,2.7263156228007842e-14,1.2979554747862422e-14,0.999999999999699,9
1.2406845080329164e-14,1.8311835090288296e-14,8.91388401944964e-14,1.5731562536490808e-14,2.255220259038822e-14,0.9999998865428847,1.6677570945410872e-08,3.333328954111926e-08,1.1111159348473231e-08,5.233493713793026e-08,5
0.34481126426124414,0.07870482332367225,0.023196994861384043,0.0010465460874822185,0.003574246911808053,0.01030899787209669,0.0016651242046973476,0.0019275939885561794,0.5329960467796779,0.0017683617093811098,0
0.007549256690752619,0.9274968037016906,0.001177227103679241,9.517346553676123e-05,0.00040300663703714897,0.057515455795964246,9.509133433557351e-05,0.0007087152898090755,0.00014646206568225877,0.004812807915512808,1
0.4018811392110659,0.1628437155171905,0.028163535089272402,0.020699997111922965,0.031070859342909103,0.0198978402769716,0.07310624431895968,0.0155000012860096,0.24079136468836213,0.006045303157336343,1
0.0003110536502194605,0.00041294897384136666,0.00013304255031935383,0.0006191821928912622,0.9908714141126069,0.00034347883780564813,0.001313432432966334,0.0002975415554697157,8.307956781007102e-05,0.005614826126070009,4
0.3437986295199993,0.13237388553540883,0.05026805050588048,0.0057414167289889986,0.019641558746031455,0.030871820829887278,0.005039855083288008,0.005978960041017663,0.4008382611440324,0.00544756186546516,0
0.7138813398526463,0.04135795401999348,0.014915766727380615,0.0018618726952738926,0.001805213971354818,0.21756548013139065,0.0004367287140571673,0.0014635432880462137,0.0025708771248348404,0.0041412234750220905,0
9.01291361675708e-05,0.00011654394242661926,4.275006852448537e-05,5.74919449350341e-05,0.00045327595096955977,3.678009013694512e-05,0.0005965298722992023,7.310640712798893e-05,2.0700813623944675e-05,0.9985126917737888,9
7.344458802025256e-05,2.6917624204691885e-05,6.96990856791377e-05,0.8872702550885448,0.0005530890453104384,8.880000802758941e-05,0.00012614389145009343,1.493943828574028e-05,6.549874295140119e-06,0.1117701613561817,3
0.004914203379185782,0.011464630844523406,0.9038772220073835,0.0027574066119620817,0.004354166931871604,0.018500057045194293,0.014335979030913885,0.0034219494169609476,0.0015044957298105748,0.034869889002193864,2
1.5483417172777574e-07,2.2554764976065773e-06,2.3716526562545498e-07,0.40304697159585995,5.2813179659982e-07,5.3871893917793474e-08,8.956890750948696e-08,3.691044569060381e-08,1.6893056418642043e-08,0.5969496555521048,3
0.2642921299855143,0.21635942850913545,0.24577012200236198,0.003954111623264951,0.03971460638712839,0.053059010058468574,0.05470704071095663,0.03197784650995115,0.08252337896380431,0.007642325249414095,2
9.427756616442599e-05,0.00011778451883726286,0.002385223908181153,2.9385912711222094e-06,9.393999001334754e-05,0.00038337286128187534,4.5476626223960074e-05,0.9962467089457085,4.564022859222553e-05,0.0005846367637259137,7
1.7279955393221836e-05,0.00016089032683696647,0.001275288017374033,6.945902831165359e-05,0.006616726579635659,0.015528154528361695,0.9505173822588731,0.02509584382549161,3.204875458484409e-05,0.0006869267251366918,6
0.3337956382374622,0.2613910321433245,0.11579919420753512,0.010016678029352723,0.018132396912329894,0.026095847595766563,0.03898225816082323,0.020784742944296355,0.17030537956886727,0.00469683220024259,2
0.9234585158612827,0.01048052796651096,0.003880913970064845,0.004020431270210255,0.027258874722917725,0.016529583291598374,0.000509525165973201,0.00324231277194161,0.00888241406597605,0.0017369009135249094,0
0.017398496447170307,0.03378794011474043,0.8656401936566636,0.00044318517295107736,0.004651964871374354,0.07168794982657699,0.0011687570656404925,0.0015268081989245168,0.0019472928573751134,0.0017474117885833299,2
0.0007965754681710025,0.00033670911165603113,0.0007953094356346206,0.0033135257733338786,0.1274027237331617,0.00709484480486826,0.8467308417459511,0.00038309776104752854,0.00027842684907408797,0.012867945317102064,6
2.514487929777576e-13,2.605879450263647e-13,3.308414165942181e-13,7.974068431313048e-13,5.597270473067829e-13,4.341849759631388e-13,1.5767205379527318e-12,6.13334188340466e-13,1.9506971080073477e-13,0.9999999999949807,9
0.004928893407803542,0.005757801252985842,0.008675099188626838,0.007914368293474635,0.017518002276049802,0.4244954095163544,0.032429166445886184,0.16973770065034718,0.004312470033611748,0.3242310889348598,5
0.000997210344293988,0.002401225768323057,0.000932319322359724,0.0013377134583026668,0.015445436670882037,0.0036493139182847568,0.9257915870520436,0.009733931870148036,0.00012390950685392142,0.03958735208850845,6
6.62111167641519e-08,7.641374334354517e-08,9.822451881591589e-08,1.3497212653173963e-07,0.9998046019627639,7.782656433420893e-06,8.299161362492217e-07,3.95542831482605e-06,5.439586281438265e-08,0.00018239981898357036,4
2.2533443038588452e-06,7.588282399082386e-05,0.00015848367885493188,4.331261867429692e-07,2.266231333071902e-05,0.001161432909202542,2.959488830352588e-07,0.9985692934169563,1.2090508967732815e-06,8.053387393938265e-06,7
1.715701673521321e-07,1.9885661963173714e-07,2.555345330775877e-07,5.280060873130776e-07,0.9989102887092259,2.3957979642314445e-07,3.3295453933080827e-07,6.84075146845905e-07,1.6595049161321078e-07,0.001087134763392383,4
7.442245969787449e-06,1.9432402463173553e-05,1.1468550107779947e-05,2.324057975159669e-05,0.0013026008501184534,4.656951293042865e-05,0.9981333907302992,7.977165324721422e-05,4.8708045872955915e-06,0.00037121267052494237,6
0.014980070130368036,0.03129826199347701,0.008779079408592603,0.06897329803842195,0.17456749565673035,0.02072582650444313,0.12776845552339106,0.11000875052294955,0.004867280591124645,0.4380314816305015,9
0.001817117103473175,0.0015895122584541298,0.0035521391129690835,0.0018301605008642927,0.93667238275911,0.0020915539294569666,0.0015817683372624735,0.03025477377262269,0.0007229810852491166,0.019887611140538667,4
0.003924058237343753,0.002018695426817639,0.02974839649766805,0.00019919915669714677,0.0007271364944235551,0.9581636837674282,0.0006520873242249865,0.00018155066083202088,0.0038439680147711246,0.0005412244197935975,5
0.0001703865392838121,0.00043306985597966444,0.00012098493239931427,0.0017002121323798386,0.9895440122648576,0.00011645927239075972,0.0012210103759743229,0.0002754912512539078,0.000197248963697556,0.006221124411783412,4
0.15663306702367277,0.029623810925801998,0.01581920151398364,0.03127580810382877,0.021074637024135843,0.01707360821234889,0.47594156769807694,0.23123514523845987,0.01714174042295409,0.0041814138367369785,7
0.022409896994620183,0.2518254236654357,0.5737419214607044,0.00115817529652456,0.023539051429849297,0.024134554734717636,0.0051237704948886185,0.02756521340189317,0.06665286637976175,0.0038491261416045814,2
5.798014146739041e-07,1.347224946051955e-06,1.8490177848244908e-06,7.545217099498897e-07,1.976107877308973e-06,0.9988374776763835,8.290516216738941e-07,1.024255405014296e-06,1.0836018648767715e-06,0.0011530787409921846,5
7.599050660232037e-05,0.00010553717557220208,0.00013340549207867134,0.0012969292679807342,0.9921106982487057,0.00013922367968306109,0.0005014845422614115,0.0001075634116157242,1.9513054898715122e-05,0.0055096546206009804,4
0.02472557571450345,0.010700690962422427,0.0050205459346357945,0.24899849006275826,0.010407653289514502,0.009489552167601252,0.5622528823674986,0.010582912225911137,0.002692649229162203,0.1151290480459919,6
0.00012573988381813373,0.9451751069584222,0.010676829300746,5.910557503353396e-06,1.2484108942964021e-05,0.04365492427120856,1.4651754206984485e-05,0.00015909981408938507,0.00011770027546437055,5.7553075598066465e-05,1
1.3899265912629932e-14,1.579931020180308e-14,1.666462037095956e-14,4.762241462382189e-14,9.578833510298142e-14,3.833118717694941e-14,2.4129786811020467e-14,3.198108245249649e-14,1.2721300004713596e-14,0.9999999999997031,9
4.7864636737617635e-06,4.171642293994234e-06,0.996107631545745,1.625251561840897e-06,2.1564363691163932e-06,0.0038354468913481253,1.4164462501302942e-08,3.1316684136198463e-07,4.316758946089041e-05,6.86848243381137e-07,2
0.0006856754438617487,0.0006632740364862418,0.0003701567201020152,0.0015892153265124143,0.005983430724903649,0.004571732864618498,0.9562055599141259,0.003953061757286079,0.00014457125701646692,0.025833321955086426,6
0.5144653503076707,0.15959013275591352,0.03687232713637503,0.018963367684079746,0.031377109478735565,0.02443060813165348,0.07263154419772766,0.018420350885204655,0.11566639413420272,0.007582815288436233,6
0.13344363568796952,0.019844219056847644,0.7931277486449417,0.0018469310238705306,0.0011715005207573442,0.022457731838583447,0.0006993916952590866,0.018836494525893695,0.0034278778413149753,0.005144469164562062,0
3.107530413338076e-11,3.5067385888112615e-11,3.9448947752368423e-11,8.075555037329523e-11,1.915908932508479e-10,6.705203981568032e-11,4.391919524656557e-11,1.0395005503097828e-10,2.530411303721732e-11,0.9999999993818366,9
0.00011702396906054345,0.00034437060137563347,0.013304925192734535,6.11998176128245e-05,0.8921796412077156,0.006479788932602966,0.0009935725462977157,0.086165166829864,2.5043349269746104e-05,0.000329267553466463,4
0.018844975041866958,0.015448701830988874,0.052185440751684624,0.01887411323705751,0.0654053877299778,0.0209821857720599,0.7374191530308772,0.055947206086363915,0.009556134362450782,0.005336702156672441,6
0.1250214165550096,0.2728492101523725,0.3713865415180523,0.008857945154070412,0.008356785500982861,0.11083306639155435,0.0134265627643369,0.06259272582900077,0.017667800453094004,0.009007945681526085,2
0.7459141144789719,0.0595327842357878,0.013018578586317584,0.003238227482273995,0.007255832923217016,0.01745845326721931,0.010692020778747386,0.0028755112548730162,0.13779781012224793,0.002216666870344028,0
4.9556920215698256e-05,3.899921272951961e-05,0.9636999495407876,6.276847419066752e-06,2.657023065180314e-05,0.03595405768936242,3.6649864503259385e-06,0.00017706041499358918,9.811592532597632e-06,3.4052564857506294e-05,2
