0,1,2,3,4,5,6,7,8,9,Y
0.9767218776676941,0.0032932843225149384,0.0013435788887031306,0.00024693686271526257,0.005946040375178251,0.004621172128644964,0.002478638863666983,0.0009932788047613066,0.00385596797933242,0.0004992241067887064,0
0.008647635546539207,0.02235335448389061,0.0172417126164029,0.8823670514304279,0.008511056146008299,0.04025235838845776,0.000532622739425637,0.014642015552902763,0.0016518629457611587,0.003800330150183867,3
4.804263313252774e-07,0.0007594224051113387,1.0281710434256589e-07,5.198744285988586e-05,0.999042471298878,0.000144876601205506,8.545848517997502e-08,8.181697445106828e-08,4.007951731809207e-07,9.093787702384864e-08,4
0.18831291927284793,0.007859093787793519,0.029581851643789552,0.04550795982459139,0.017903103772335678,0.016111489509907758,0.3748527513201553,0.01824470073097115,0.006197531789958463,0.29542859834764923,3
0.0036684955732054466,0.0010020994362377755,0.005396626544250728,0.004105071861408015,0.0010737919162923505,0.0485753697036118,0.00016568497636731077,0.35446188866997225,0.5708193617991644,0.010731609519490442,8
3.0953620216214924e-14,0.9999997264851117,1.6572015168582062e-08,5.8120469925756806e-08,1.0507169855791248e-07,2.7433083485548943e-08,1.1122585572609496e-08,1.5950992174299438e-08,2.4916884896286788e-08,1.432712719375159e-08,1
1.772913938343351e-05,0.00042177800385781466,1.014354638066203e-05,0.9977156756461266,6.683561810204907e-05,0.0013649351053940605,6.825140170364366e-07,0.00018188659561663582,0.00021269563379281033,7.638197329003127e-06,3
2.417895751581485e-08,6.443566294947898e-08,3.660393636192613e-08,3.3207508076985194e-08,0.9999885588568185,2.224146446095883e-06,5.4966141981291077e-08,1.5968814045370076e-07,2.883921470938912e-06,5.959994917197257e-06,4
0.0036774935941858112,0.0006026308088104288,0.00518259370204757,0.005240321083124257,0.006008355640924852,0.021277178287534414,0.0012758048271765971,0.04999296343534503,0.07450452582147873,0.8322381327993726,9
0.09177760746444578,0.010574436202502051,0.18715540534628577,0.019796148303779054,0.06283632340556877,0.02125698552352337,0.0952069380927636,0.026596442608451665,0.005664950384012191,0.47913476266866795,2
0.9403462931113127,0.014642782408210745,0.0008844548250158765,0.01863004569683692,0.004171212330358648,0.005981595892355052,0.002707118812561848,0.008497855307414426,0.0004484492931424718,0.0036901923227915874,0
0.9023916480951232,0.008529825797378524,0.00812614292975986,0.010310701955577654,0.049131315017804086,0.005097367991953964,0.010875492927331483,0.000961227746033875,0.0005930296260459191,0.003983247912991303,0
1.7897986160658126e-06,6.686324265800625e-05,6.816197003975226e-05,5.783494309296623e-06,2.2986196279114155e-06,5.50239321553845e-05,1.0919416717351777e-06,0.00010972422626251166,0.0030137051147506953,0.9966755576599083,9
5.483361898332334e-07,5.522802232039762e-07,2.3780054741256266e-05,1.1530151889137947e-06,4.702389749765673e-06,0.00047640902091186606,4.9664183911375584e-08,0.996274287046983,0.00278018628624597,0.00043833190558224545,7
6.325265635682574e-11,0.9999874396003764,2.0785039856086267e-08,2.121250146589147e-08,1.2378193937305614e-05,5.424891536442134e-08,1.1151576848203926e-08,2.09590774532959e-08,4.056808844737713e-08,1.3217234230327841e-08,1
4.472960462266265e-05,4.4374557110503745e-05,0.00016544806097903815,1.9178913670227392e-05,1.2067667504934545e-05,5.4993797563802105e-05,2.9081114332482892e-08,0.3099793968261743,0.6896662792277966,1.3502263463741164e-05,7
7.586518017325071e-07,0.00014711889941299995,3.694158837386142e-05,7.661523731896607e-07,1.3342975776677036e-05,0.00018262248226255743,2.7206102132609968e-08,0.5937970813747957,0.40582090374687974,4.3692222183197496e-07,7
0.009065319185854398,0.008760917561916354,0.03690161129746642,0.0010951139052429546,0.008080159392557337,0.09421816516687781,0.0017999077439331585,0.7950459500065065,0.03147265803499635,0.013560197704648265,7
0.8628668205798454,0.018141128995978827,0.003878048287381564,0.023017245762809356,0.0035464224641235894,0.06543683638084966,0.0005222579630207762,0.012257690714330567,0.0053974465311304445,0.004936102320529731,0
3.751101922046044e-10,0.999952189965103,1.4502216483277906e-06,6.865916847593736e-08,5.384957633774192e-07,3.304795388453314e-05,3.259941500492659e-07,9.970050073627148e-06,2.2693268442860134e-06,1.389582537845064e-07,1
0.004279951606631099,0.017870210178282768,0.37154082655594145,0.3339431632808116,0.012964856283704652,0.23286932150568013,0.002086578100169715,0.011127687135372894,0.010039988242894421,0.003277417110511025,3
1.175546277644408e-12,1.6752875018675614e-12,2.7717375093353126e-12,2.906618423325543e-12,1.819042382964135e-12,4.41867928017476e-12,9.597255478783484e-13,7.605677793417652e-12,0.9999999841803094,1.5796358261204784e-08,8
0.001627124252897889,0.0018991125378345,0.010493574527612482,0.0020029705932715284,0.07119346474483353,0.15055703016038152,0.001128741882398702,0.11183143785841,0.6440969696040383,0.0051695738383216745,8
0.0013680666829959723,0.0021255786267759774,0.0007979169952223435,0.003698037051752445,0.0063462524187441575,0.003773872535106438,0.9768386977874477,0.0004059044654313923,0.000705825412248148,0.003939848024275932,6
0.0021316136769331195,0.011598946745271599,0.04560727109175792,0.005819809957932785,0.016909783215177925,0.6995091773863638,0.0012076918056226338,0.03066858859170986,0.013476391881056508,0.17307072564817372,5
0.9997644233475735,0.0001359524252327462,1.846429950135665e-08,6.746108142578086e-05,2.029998243810623e-05,5.452091605676793e-07,5.235517016196491e-06,1.6500944448433324e-07,5.6964747215278494e-06,2.0248868761425303e-07,0
0.13183604931032167,0.036149998759607574,0.0831091756009093,0.018415435866981154,0.02066742108979186,0.09590359117652811,0.00610777493606709,0.13456180717022204,0.2620339211721114,0.21121482491746038,8
0.006561714685572597,0.05400485717445162,0.062022856140906024,0.004092069222457325,0.006569016316303671,0.37617968635405546,0.0030761902037921983,0.43282974893132864,0.03942267838961929,0.01524118258151348,7
0.009346952378691327,0.04627239717598564,0.04529993573007761,0.002239048271311476,0.015348837761725872,0.6003885317673646,0.0008018721893731022,0.27352841612260304,0.0038928709463358197,0.0028811376565315615,7
1.9678993623001612e-14,0.9999996827198572,6.996976982163363e-08,2.9949938126343845e-08,9.189418823936374e-08,6.49864075731121e-08,1.1111129042666786e-08,1.580449389546238e-08,1.9392688436397377e-08,1.4171507981902914e-08,1
0.0044741059828924,0.008726961417279593,0.1387395328799182,0.006268421838556655,0.008765250356538235,0.008753691208899149,0.0010465589698076861,0.24710650376815638,0.014917285678810682,0.5612016878991409,9
0.0066872767973977345,0.04008871753239186,0.03716689046162983,0.003730424101015829,0.009468633282261779,0.8879893945450705,0.0006909523945249772,0.01036636789576164,0.0021482033274654966,0.001663139662480202,5
0.00011758128903959953,0.0026619565453458475,0.0043486520368813085,0.0007411513764035187,0.0001343078050184465,0.020829966925896955,2.9631638891356748e-05,0.001812762815563011,0.022700264208169275,0.9466237253587901,9
0.0006704069936416078,0.002360329519910017,0.0024416942779596283,0.018285481229560318,0.006414172740701332,0.9506800916921672,0.00048572059274594275,0.014728311090644607,0.0009390104340770176,0.0029947814285921554,5
0.05514747679215338,0.006686589063061242,0.042577666198259256,0.01786799260667333,0.02461101680087988,0.01488239606556119,0.3103044158139922,0.03191028780425482,0.003284827165199243,0.4927273316899658,9
3.0440455404612946e-05,0.001382608829202552,2.6111544492520906e-05,5.003513582338566e-06,0.00020600881920456314,0.10073092733883375,5.147508098629414e-07,0.8974424274821171,0.00016097332346927252,1.498394288357986e-05,7
2.1133989702527998e-06,2.4810451584232517e-05,2.466734619450842e-06,9.266666841266085e-07,1.3706446973208274e-06,0.0008676901599677857,1.9354629847722667e-07,0.7885656187456415,0.21053451143268356,2.982188533748262e-07,5
0.11340663784030014,0.048163793629974326,0.08075206647374615,0.017229317918001853,0.0670919247007748,0.020094912060146155,0.24545956180344267,0.030911930412405284,0.003874956805650636,0.37301489835555796,1
1.246685380216054e-09,0.9999970485256685,1.996236048104925e-08,1.0664048237897283e-06,6.17713219290501e-07,9.847920432417304e-07,1.9418945602865187e-07,1.952042298539578e-08,2.5931102054972238e-08,2.171421810287761e-08,1
0.0003054669706825108,0.0036959715277495395,0.9919617082079399,0.0002858009767604155,0.0014428560419837773,0.0005646129209942307,2.4553357987863074e-05,0.0003299235902014274,0.0005782032523068641,0.0008109031533932618,2
0.00017295462127832898,0.982663308340836,0.00034844826101487124,0.0005551998638120479,0.00025228288380252004,0.004961880629257302,1.0388215605586473e-05,0.004506133880807187,0.006101717804700577,0.0004276854988852331,1
0.0005892096734530733,0.005087668190610254,0.015985939333018694,0.0002069085386909212,0.004147890956957871,0.049310783823356547,0.0002674252763799931,0.04195326543862906,0.8807412576317407,0.0017096511371629728,8
2.772878207825285e-08,6.152326503815289e-08,2.8590101981011063e-08,0.9997675864325338,9.365537909590513e-08,0.0002157147136147971,2.350171423822574e-08,2.0907073382098657e-07,1.6132861931925726e-05,1.2192194312371838e-07,3
0.008561699779568681,0.04379928774984742,0.001990642637905416,0.003500027472388414,0.01687558529202013,0.0028682373845077924,0.918587095210603,0.0005059728339541798,0.0011871412672360144,0.0021243103719696768,6
0.023908041345957,0.002004586006417267,0.0021488392213189537,0.00467790618073232,0.01806739324864614,0.008130657914660196,0.9194195246057281,0.017390043230858618,0.002803454530113472,0.0014495537155674477,6
0.002297084743372677,0.08881393753451551,0.0010316102099095033,0.00447801635243305,0.3468033680860062,0.5515230374475247,0.0016395244449974818,0.0021557174879775183,0.0006818685194083315,0.0005758351738548636,5
1.3002038095785096e-14,0.9999997067168933,3.3629151333866455e-08,3.122211703045429e-08,3.1306462410477167e-08,1.0000288520264741e-07,1.1111319490560597e-08,3.5908863276391556e-08,3.233319473005614e-08,1.7769100103183744e-08,1
0.6204263631091325,0.01893939247125886,0.06714642218404016,0.018367147838598916,0.06196787592274093,0.16166887155920562,0.008254780796724724,0.01770519786859773,0.01982644228457657,0.005697505965123813,0
0.0030450993073285713,0.003989084434228555,0.0030994432590011403,0.0011178168386569807,0.0053683181389151,0.07240309913277551,0.00040926678211584353,0.8587743183956796,0.046480704781673515,0.005312848929625047,7
2.00314800288562e-14,0.999999701026372,2.7181981822268793e-08,3.85146706572977e-08,9.89197652446975e-08,7.441836828950843e-08,1.2530228795923196e-08,1.6692971932365356e-08,1.637888099383234e-08,1.433673994517289e-08,1
0.023676020565400583,0.005194578065322934,0.021607541769434854,0.026497401919840523,0.04493858423651568,0.05954156564218545,0.09060172901152369,0.45006352069023564,0.013855341283995685,0.264023716815545,7
2.1094971465018959e-10,0.9999957632149434,4.2163634681913154e-08,3.010804432166047e-07,4.3395580719602416e-07,1.6737741622050187e-06,1.4469106222017925e-06,2.2010576603755416e-07,4.186385047682152e-08,7.671982091143052e-08,1
5.309956360397068e-07,0.9981565001240987,8.886198682246203e-06,1.3609439910507574e-05,4.7602847862850135e-05,0.0015763248648818743,1.0350929841400604e-05,9.633255619932345e-05,4.655151112012284e-06,8.520689177472667e-05,1
0.00012325781119158614,0.0019238141528255032,0.00026706157833309693,0.0027795807941249514,0.00240333924863363,0.9884767397818538,2.7834190230328914e-05,0.0004381960171888866,0.0011596006713739785,0.0024005757542442043,5
1.4760863583269318e-08,0.9996286760680722,0.0001860136630919292,1.5916858707367193e-07,6.931367992916286e-06,6.435508713510743e-05,1.1232876927437787e-06,0.00010311716709545134,8.620114731068245e-06,9.89314738165149e-07,1
0.11575752563722815,0.036221288697718845,0.003990545726999064,0.026508352138252523,0.04669067336032346,0.053668522240660675,0.6927476899695919,0.013479025330670224,0.008106255735551078,0.002830121163004703,6
0.001590779866965766,0.01806977205317379,0.05748501692518614,0.013534993758515444,0.002023940523703836,0.05625882268005356,0.0010266338454855578,0.2338013020176813,0.6126337450611749,0.003574993268060271,7
1.750428798219759e-11,0.9999988949084828,1.852525246707763e-08,5.110326438771887e-08,1.162867623861074e-07,3.2472886278822195e-08,7.902005145932261e-07,5.10013503272636e-08,2.800635050075049e-08,1.7477632111205064e-08,1
6.317477420557678e-10,1.4580089673172264e-09,2.5780658393685262e-09,9.132498524997571e-10,2.494886569220634e-09,4.998246071309233e-09,5.118542694563068e-10,1.9614195087278625e-09,0.9999996973562266,2.870962947417251e-07,8
0.004447778844270974,0.008332321848738746,0.11281581402351207,0.0011802372760298051,0.01563972284120237,0.05458999011210303,0.0009779846802360312,0.34910799081274396,0.43780626252775834,0.015101897033404933,8
0.012676578402358139,0.0020555395984487323,0.046044540587048266,0.008404266866861073,0.003980682272226003,0.003922459796111569,0.021799611644083953,0.012741010688119113,0.0019304143993019661,0.8864448957454406,9
0.6610504369509935,0.10669995153135255,0.0018833894051625889,0.14269905761067347,0.04436748301853721,0.015587837552372133,0.01063127033414191,0.010911226123267163,0.004186941274326433,0.001982406199173091,0
0.003379938855775271,0.019347159460776142,0.7577165467111491,0.0019413630813336887,0.0371421174089667,0.15638232702135454,0.001633372387723108,0.012076814878405544,0.006105173346563204,0.004275186847952863,2
0.0003276680967097278,0.0023427107622482385,0.9776672379482578,0.0004287390639633531,0.0020857122993249632,0.006664709703674827,0.0005887986507335931,0.002632921675966805,0.0028610653776854423,0.004400436421434892,2
0.7950223699545234,0.008601656979064646,0.0051822179900736735,0.01887004843197823,0.020927268164321312,0.004037999019855164,0.1255074502497964,0.01221798212577924,0.0011148242562861973,0.008518182828322096,0
7.0183211552249444e-09,0.9998692251135795,1.6828272284714284e-06,7.482718163086828e-07,5.791345954646348e-07,2.1122410223742998e-05,5.155266165201081e-06,9.692809796130997e-05,2.8539472609759978e-06,1.697912847718272e-06,1
0.9993326404424152,2.2122657528215167e-05,1.298130934834593e-06,2.8737922151231615e-05,0.00012286323505203835,3.390607063886258e-05,0.0003910424452964836,5.018137169632133e-05,1.206549098157461e-05,5.14223330550545e-06,0
3.643358206815977e-06,0.00045734108835607853,0.0004200310826500441,6.549728125424038e-05,2.7766584335155578e-05,0.0017901178541441848,6.392355864784165e-07,0.0005680737472734362,0.008840074285517398,0.9878268154826766,9
0.0005960596976227008,0.0033626823028226477,0.0006718858929281042,0.0009891804462942061,0.0013241248192549817,0.0006236833762686563,0.9913716991321022,0.0007169369054293586,0.00030942058697740427,3.4326840299108605e-05,6
0.8582690578604868,0.009440894821702706,0.0028713556282039467,0.028555176699331372,0.019961783098783218,0.017916682637325643,0.023692078687296066,0.014233055226512149,0.00247961098020255,0.022580304360155408,0
0.05274390675813085,0.02068922090173132,0.08907071764155795,0.03129282753587997,0.030690539831861895,0.060993277758732097,0.05282476574026091,0.15796854790809697,0.1881073921988377,0.3156188037249106,9
7.202156343599979e-07,2.09027911794737e-05,0.0002801239880924353,7.812965831915629e-06,0.9981379183511453,0.00011835784283320398,4.003209450308002e-07,2.1529660563359193e-05,0.0014103558769727911,1.8779868024843299e-06,4
0.15096049439786483,0.6798210257442321,0.008583194668377678,0.04628313977942657,0.04088616145277232,0.017315840882349682,0.020699759484606898,0.007240160960286787,0.001408582473068247,0.02680164015701552,1
0.00011197493721195115,0.016066668380119723,6.506108776390264e-05,0.12541203035678744,0.002853571177884778,0.8545410415544781,5.25488564928761e-05,0.0004554739420963678,0.000377242329427532,6.438737773715674e-05,5
0.00018437755265068045,0.004507582548076605,2.625638642035852e-05,0.9886358044115815,4.538641217700058e-05,0.00651961940975174,3.0315066011089952e-05,1.843601597174028e-05,2.7173727208991198e-05,5.048470150476908e-06,3
2.7188905995378563e-07,0.00036701689083254555,4.724301673199651e-05,7.897702834268206e-05,0.00018509942752420718,0.9974380179034377,1.6337392771075476e-07,7.322227687096855e-05,0.0017975189642404261,1.246922903194598e-05,5
0.010076759364051353,0.004638376169344675,0.6324623228585287,0.09140627648301655,0.004623800738763426,0.24109975573339815,0.0023794794015403026,0.003326723155678208,0.004494428480630804,0.00549207761504788,2
0.002303676586567765,0.003730601537782434,0.000737640386394379,0.10274124776773637,0.8290998489931579,0.05600880166400684,0.0008288439097572837,0.003399642169885597,0.0006475213610454166,0.0005021756236661297,4
0.0001526072848829913,0.000357820688776407,0.0021538265707150774,0.5431872786079057,0.0008026261412056255,0.4475933570812766,4.583803030704302e-05,0.0014962711050944238,0.002898353071425481,0.0013120214184106848,5
1.195577139273756e-05,4.472868641660543e-05,1.3340800101419986e-05,8.407407372656632e-06,1.2322004201479056e-05,0.004918134345191709,3.7439831500343116e-07,0.9827609089436852,0.0121983568385227,3.147080480068815e-05,7
0.1504940533108474,0.00818460008172027,0.02200687979584019,0.082162108178067,0.18727057100573413,0.13696636873700135,0.10742477499458158,0.061630948890245014,0.016038888162594807,0.22782080684336864,5
2.5483197835853642e-05,1.8698340117309563e-05,0.00015797971829055538,0.00033902034921655974,3.267434869039881e-05,0.003926365245846434,2.038867598931538e-06,0.0007814629527333606,0.9946470177329413,6.925924672913331e-05,8
0.00010704909831690453,0.00047627595707892763,0.0003285320150052748,0.00017142443570705986,9.922521712790305e-05,0.0009910978503663668,5.846508465606856e-05,0.0033726287067579346,0.001978836578716955,0.9924164650562669,9
0.00043847429412917024,0.006262248578042555,0.9876187062468927,0.00023215729327554613,0.001243099132267898,0.0019756137705145634,9.532549660590189e-06,0.0003904026547454996,0.0014020446504725244,0.00042772082999919966,2
0.7404818261864542,0.006350174850100039,0.1248422346486391,0.045341407530925554,0.01117989240837944,0.010275564053306348,0.020410118048340354,0.016777343191555046,0.006506855141075942,0.01783458394122425,0
2.1153343051947816e-09,0.9998868482081698,3.0361993470428083e-07,4.537083958893454e-07,6.771959020989652e-05,2.179061872410276e-05,1.390524497214904e-06,1.9062898867403047e-05,1.3429523840292025e-06,1.0857634831007203e-06,1
0.00019131992011340375,0.0027265563810949895,0.9645290784193425,0.0001231506715828626,0.00017628922095704104,0.007533276838683007,4.25787297837918e-05,0.012162332963658939,0.010650323651525743,0.0018650932032582665,5
1.9586142353086813e-14,0.9999996263079203,2.2624681747158247e-08,1.6135956823103415e-08,3.1823996420169145e-08,9.839790003808803e-08,1.1111140518227272e-08,1.2586289801822375e-07,5.0307522828612094e-08,1.7427963682205594e-08,1
0.0006699659249890999,0.005382269249890199,0.9026961319349565,0.0054112803471561425,0.00801238110297557,0.028644447916780547,0.0005815341973986774,0.014451133173872031,0.016611434656876617,0.017539421495105224,2
8.095648557106157e-05,0.00026391838496066174,5.828277000717665e-05,0.00032984147661401983,0.0012325843956143428,0.00013152416442312968,0.9975071207544873,7.143188212761213e-05,0.00030042072625797306,2.3918959936897045e-05,6
2.820437597387084e-07,2.2631421825664664e-07,1.455519035981883e-07,0.9991301600690001,3.470273856632282e-07,0.0007825904709355012,1.9290896228019728e-08,3.4588507266625515e-06,8.272732510889661e-05,4.305606533861031e-08,3
0.8228831226120777,0.012052233679325352,0.022187321235791455,0.01860264715779531,0.007404135839213225,0.025192382001041333,0.0018037764555088672,0.039543578445842255,0.029571309618915558,0.02075949295448865,0
3.016685504968803e-14,0.9999997395150361,1.6692173396028706e-08,4.486140823340883e-08,3.6179990622845045e-08,1.000155255866046e-07,1.2191783817763743e-08,2.0789637043023546e-08,1.532516568300129e-08,1.4429249690388707e-08,1
0.9265812034207757,0.010453239931622529,0.0001737246566506281,0.012087382073583702,0.015658762613763717,0.002143680757421492,0.03188265986117089,0.00045816057908804823,0.0003283187524147049,0.0002328673535085068,0
0.9985859154859236,0.0004132691477203961,2.687022004762474e-06,0.00011317758914959377,0.0005860576583000529,5.437499662550504e-05,0.0001591714878432399,5.635956787925943e-05,1.1022402679076665e-05,1.7964641874859538e-05,0
0.0029526327950124996,0.9035565929784165,0.05497447670942531,0.001907838213944772,0.0030858807212122193,0.00864058379218948,0.00011531671460873542,0.011696789964817753,0.012017777305544656,0.0010521108048282973,1
4.966258125343986e-05,0.00045753097858140194,9.527156794277752e-06,0.0015440662598755156,0.00012020343857546775,6.0941911348020566e-05,0.9974596344235824,2.920572891348566e-05,4.045095386561728e-05,0.00022877656721040994,6
0.07308419167443236,0.012263567159944666,0.015182812149624112,0.016639170906687022,0.10240965261620386,0.07677522251559755,0.6762187756805319,0.009325395999588156,0.0034690019799252718,0.014632209317465035,6
0.004762755454203929,0.012566311754641506,0.018477202810176167,0.0026467068825214513,0.002519545950668818,0.9521247316467331,7.531094565811945e-05,0.0012343243598523898,0.004261019015789657,0.001332091179754964,5
0.015781889447227485,0.0257267286148957,0.006990922527876754,0.002271576600660304,0.03057390760131564,0.05255679770901577,0.0013692093593189957,0.1961910355555271,0.040408774542836576,0.6281291580413252,9
0.0005180405245591306,0.9242061190259093,0.02337679478128639,0.0011105404611086978,0.00016722095751561862,0.03833958912519687,8.597753704847621e-05,0.0032939034275041154,0.007589651401750703,0.0013121627581209382,1
2.2549740965247495e-14,0.9999995284377531,2.8964391102231486e-08,3.232091348713858e-08,1.9414646744373082e-08,2.788602675383135e-07,1.111111982730099e-08,2.7839619171665816e-08,5.850132703391445e-08,1.4549939221553025e-08,1
7.401333668417883e-10,2.5068528834224266e-09,6.103556732840331e-10,0.9999473046014316,3.975973864633617e-08,4.677398679063038e-05,1.1201636595605143e-08,1.5238603862347985e-08,5.622161008480835e-06,2.2919344841539477e-07,3
3.4443770107738863e-12,7.13681358410438e-12,2.1506933943601193e-11,3.704974228336424e-12,5.031436836361859e-12,2.2201066755907115e-11,2.632723857017302e-12,8.883542533077317e-12,0.9999999822262096,1.7699248769051036e-08,8
3.886928421204581e-11,0.9999918013705652,4.171365667840074e-08,2.7670546390811414e-08,1.589169176921756e-08,3.774824901447393e-07,2.1967037432336482e-07,2.9907750313104456e-06,4.414540027375739e-06,1.1084674726605244e-07,1
2.8703762218436106e-06,0.00022644610816025337,0.9984068665145506,2.949567875771108e-06,7.491965124381561e-05,0.00016899506024909777,6.029421994804515e-07,0.00010794090640687919,0.0007957721279541604,0.00021263674513808165,2
6.000588318755768e-05,0.0007033703159406979,0.0015364127628431953,0.003472025623870632,0.0015193241465811934,0.0021329275563644447,9.338611877435182e-05,0.0018090985050427145,0.009768536763631881,0.9789049123237631,9
0.0014311356241655734,0.007579589338682887,0.9289768880365773,0.005463975497856494,0.004776984975688123,0.039293854339938525,8.31805930592925e-05,0.01018920255078114,0.0020362984174197058,0.00016889062583089575,2
4.1824950406507937e-10,0.9999904947135857,2.59952999954034e-07,2.6957036866981838e-06,5.537068138897261e-07,1.3510141026155093e-07,2.0475479348335045e-06,5.028881458589319e-07,2.3533612383809903e-06,9.566059346472206e-07,1
0.9982591955792667,0.00015752511841433424,1.5386045892787928e-06,2.598570954032742e-05,2.27219151962896e-05,0.0005353983568633213,9.047323157604397e-06,0.0004074107770162704,0.0005702031653047432,1.0973450651366611e-05,0
0.00027858782550978136,0.000580231551600766,3.82897806462837e-06,0.9951849202527425,0.00023159199326861963,0.0036606541824259734,4.010649590356043e-06,1.2398225590379104e-05,3.875729361618574e-05,5.019047590651863e-06,3
0.20170740124529987,0.007707950345565374,0.005706785476614819,0.03654032474067725,0.36949839748849667,0.020706381737324076,0.34535956109268057,0.005233464375044735,0.0011204916921011487,0.00641924180619519,4
0.0019009722612137595,3.3356647305867474e-05,5.027211044301875e-06,0.00016456151368041147,0.00029821112310310713,0.9969190476232631,3.1560945416614315e-05,0.0006036097755684126,4.2702235768578745e-05,9.506636357068705e-07,5
6.902026626589439e-09,8.923281567238955e-09,6.265325815873787e-09,7.941145368074292e-09,0.9999894240009104,2.29678119906775e-06,4.759267859570442e-06,5.525804327420655e-07,1.216202280858892e-06,1.7211355380723818e-06,4
2.5668200027316937e-10,2.1981027000699175e-10,3.7008488726810564e-10,9.724900821020113e-10,2.358003812072063e-10,5.094843713428769e-10,1.3796309320546645e-10,1.139995190735924e-09,0.9999978905060213,2.105651668285058e-06,8
0.00031874956502166537,0.0051949202730051675,0.8483452952468301,0.0020862107748488416,0.005265567599740478,0.004533085407788381,0.000153589066984842,0.013028803954998721,0.11177948648713117,0.009294291623649966,2
0.9989488504416318,0.0008249789591484787,2.4867505671636634e-05,5.8262525492251884e-05,1.962338001032275e-05,5.3623738546172215e-05,1.2159404264253436e-05,2.7805358359325567e-05,2.0238671589760646e-05,9.590015285766738e-06,0
0.0037029885094426226,0.012090587543556734,0.9462457568628607,0.009180637371594799,0.00777124752213964,0.012944299685031494,0.0005823480681239968,0.0023451924627721724,0.0030794177816195595,0.00205752419285838,2
0.010675306037460554,0.0027975384235479476,0.004540026719630473,0.008214646957594583,0.017944555546850267,0.05163509973746779,0.0017952393248151718,0.018722716339017297,0.0321528701541023,0.8515220007595131,9
0.0025616579259819757,0.11397780863405647,0.0007567680597709521,0.8328419975089033,0.00771065894454388,0.034560861878133946,0.002392722084778396,0.004227276570543154,0.0005926437455208491,0.0003776046477672262,3
0.0001271887213071045,0.00010738612390457613,0.0178353622589697,0.0007642805339438382,0.002582517444550034,0.001807554800631797,4.2047992210897454e-05,0.005781620570302929,0.2958503177812663,0.6751017237729129,9
0.00012188378973735826,0.051206171741369114,0.00025815567668504435,0.0005657338593754559,0.00042338772811354684,0.9454940183335081,8.339444125391735e-05,0.0012138051091340446,0.000517293024970603,0.00011615629585261098,5
0.14308909826730692,0.17894607277397478,0.07744171575477496,0.21460555171395526,0.06185401217460215,0.14213688489515788,0.05242414854928838,0.018634515400812648,0.012611970685433226,0.09825602978469372,3
0.002075221044292493,0.11877435470742626,0.003653212774283339,0.0031520606385268962,0.0022036692169069474,0.6961212570874008,0.0013326252892568995,0.00763207854641813,0.16313610397114106,0.001919416724347246,5
2.415448261700799e-05,4.228795888485538e-05,0.001097096046554028,4.047503256523456e-06,1.916561039831992e-05,3.5089162836062785e-05,1.336526881889795e-07,0.001608503367619017,0.08408572834549256,0.9130837938696533,9
0.0006620308246719042,0.002258460385840599,0.908963672940108,0.017473793140910403,0.0022151643489847087,0.016373432426009776,0.00020596486227538217,0.001843236903466126,0.04770774281437493,0.002296501353358114,2
0.0013750382684952777,0.0026647014754079988,8.464880887189632e-05,0.0032922603505935845,0.0011004841216547012,0.002008732737080354,0.9882015146428528,0.0005926873664772204,0.00037063995999965965,0.0003092922685657331,6
0.00043921022743457095,0.9952882294978455,4.971065023951523e-06,7.722472584357351e-05,4.2738142929697886e-05,0.003317808687285829,1.4530949705793614e-05,0.0003992091633200274,2.3422001994085236e-05,0.00039265553861724277,1
8.877374776731073e-09,1.0550674982137826e-08,4.469347907937589e-09,0.9999218026978878,1.696306780858731e-05,5.793117279702738e-05,6.970273667837889e-08,1.4017206298816089e-06,1.7657518144549524e-06,4.1988927916864156e-08,3
0.6913427932641699,0.18452148305427202,0.009005842240915335,0.0017279327177150917,0.006230304436053572,0.03160861189583188,0.00022304785443528764,0.0686855707838946,0.006052690556693906,0.0006017231960187389,0
0.04119255522044115,0.011096313326732152,0.020835880732171665,0.01122932484853356,0.035296489169229464,0.0333544720381542,0.032160561571770635,0.023190037982330897,0.021479882855071998,0.7701644822555637,9
0.000884268737222831,0.006250834704068845,0.9855991920562586,0.0008760313122026489,0.0016983076560800072,0.0011446316620172111,1.316810798217352e-05,0.0011674646062447055,0.0007456520193919886,0.0016204491385306027,2
0.039340479793439326,0.11197109134869265,0.0013416301585260336,0.786439473860934,0.0036721155913936,0.03947922995042205,0.0004719913185832628,0.01338362121321307,0.0017467407911895072,0.0021536259736064886,3
1.1126323748118322e-05,0.0001664920417239952,1.3658878556591823e-05,0.00018602010395261215,2.3849118029216287e-06,0.0019300397974032102,2.1962998813378748e-07,0.9209028728687124,0.07671366956628269,7.351587782948033e-05,7
0.9134591712231568,0.01603211872752964,0.015383963364380613,0.03672889424721038,0.006822901062011725,0.00387887998270041,0.0015839440215776627,0.000733980499489842,0.002054985754745507,0.003321161117197304,0
1.584958427708859e-08,3.253408999781146e-08,7.857652626126168e-08,2.1993125455532887e-08,1.9951350810201324e-08,8.967810221346696e-08,1.0443115638764569e-08,0.9999908779778929,4.969827707005542e-06,3.8831685055182655e-06,7
0.0003261069761549044,0.005337578869248421,0.0022418054712232964,0.00030570007566114283,0.0013483609619060416,0.00933562106392131,0.00016575297092066756,0.04593930299372658,0.897138870627032,0.03786089999020613,8
0.009386771666701474,0.01272352568087164,0.01511054171205583,0.010686657613727038,0.053372276856133244,0.07883688541750156,0.008226546106546046,0.019712279524814996,0.5595669712418319,0.2323775441798163,9
6.890714752158099e-10,0.9999675466011342,1.3530855248395755e-06,9.960224074497041e-07,1.634013294688243e-05,3.776225191706736e-06,9.629921591487442e-07,5.793291209083411e-07,9.65344197240505e-07,7.479578245958109e-06,1
0.0005092759169029997,0.0032453003379110503,0.00033551795739082506,0.0016652606066912081,0.9829226623349713,0.0027138600584911783,0.0004791921649515274,0.0037563086184647463,0.0005005509774424259,0.003872071026783324,4
3.7841182521358785e-06,0.0023820713404551484,0.9914651366603928,2.299537033885102e-06,1.474841102687774e-05,0.0005116219177660854,1.045501974185378e-06,0.0001687051619667103,0.00538632897442146,6.425837671063302e-05,2
0.02465086398559332,0.01834639167853128,0.08105887218046015,0.01598649731118222,0.033037783651859894,0.06765800611084494,0.025522887662398165,0.07596791205976576,0.014124233122712907,0.6436465522366515,9
0.19628770530792955,0.39228446837071596,0.002772085128977199,0.017504551346031984,0.15493018862613614,0.21595812723065727,0.0024139712644692234,0.0032599815489101607,0.012426279663345346,0.002162641512827512,0
0.02509023948245066,0.012594534856295964,0.02086140500426757,0.019934313903350043,0.0018303481283566609,0.02440960155358711,0.0066109835910647145,0.015971834756832445,0.006750620580914572,0.8659461181428803,9
0.9183756778707687,0.0014550482905354074,0.00017579076514300705,0.016854118591798584,0.014868277756784998,0.0011273580017016058,0.04482181115609193,0.0016715965671323645,0.0002664323498989392,0.00038388865014473756,0
0.002067497249828987,0.18581057564913322,0.7566290930346644,0.004015363627728479,0.0033939491910319757,0.035247028349816696,0.0002981888396238073,0.008290147123923614,0.003981860129870665,0.000266296804378021,2
0.00015400445104685138,0.026997074627921825,0.00027920357278537946,0.004953601767707062,0.0011687701808645065,0.9614941683313231,5.976217918633089e-06,0.004913539165433114,2.3944923262089386e-05,9.716761737463177e-06,5
1.5132430785239095e-07,4.041245720493277e-07,1.5337768457137177e-07,2.4730333733291013e-07,1.7310704930763298e-07,0.9990914633342728,9.777883665004575e-08,0.0007450175251121872,0.00013277076608887543,2.9521358738278508e-05,5
3.1191560844936356e-05,0.0010264751864611276,0.9977194399446669,0.00020015447196263458,0.0003497686701028699,0.00018795296947261188,1.420473805890715e-06,0.00038284350640740923,9.119057905723678e-05,9.56263721857436e-06,2
0.9948670308811018,0.0018693733146227772,1.0214051828156923e-05,0.00021866466739721253,0.0008636389429566483,0.0010837599520457423,0.000820614377070104,0.00013017279980708185,4.984246571298376e-05,8.668854745697481e-05,0
0.0001722577869208637,0.9675238122153017,7.521154295403145e-05,0.014044289340983564,0.012983709431212746,0.005131792934984938,1.8954745644587055e-05,1.789811503296128e-05,1.2765176070882462e-05,1.9308710894058395e-05,1
0.000605428851953006,0.17593265912302514,0.7147278803854288,0.0018055598299959001,0.0020442488287405395,0.009528056831631737,0.00011436978281817744,0.0034863608091195257,0.002154808704687509,0.08960062685259941,2
4.7613291061045474e-08,1.2504476857024563e-07,0.9998151731826772,8.740236289530488e-06,1.1286504685567151e-06,7.99309197169567e-06,4.246616175392187e-08,3.1723404867897496e-06,0.00016322205585486157,3.5531802966238546e-07,2
0.03298937859477846,0.006897740319837373,0.08611224296623832,0.015479426108793926,0.051655597738761,0.014931667897845757,0.292975141463655,0.03512318153040741,0.010479056999911118,0.4533565663797722,2
0.0008177598995194463,0.02570839572217134,0.001658180379074418,0.0005592300363849118,0.0010996553199621483,0.9516808027179622,8.054591062026245e-06,0.0023408363328955486,0.01605765358654158,6.94314144263959e-05,5
0.962964786617324,0.019704880550781248,5.228836106096621e-05,0.008440087982896057,0.00038971681407839884,0.007233177203064235,0.0006439736538225649,0.0003005464163986652,0.00018102106256340068,8.952133801084711e-05,0
2.884050320687811e-10,4.802059729993521e-10,1.319888131584105e-10,0.9999835972939864,2.875826034432078e-08,1.6272591595808345e-05,1.1767589679940896e-08,2.2710166802205167e-08,5.077372209919767e-08,1.520407934592525e-08,3
0.006482545706860999,0.011764779618853138,0.7270679734814658,0.05084623853408962,0.026152753885855383,0.14053078315525497,0.0009114052560303331,0.010962361392257612,0.01967468301683195,0.005606475952499939,2
0.0035538030372177605,0.00586122052710407,0.0008821489407587123,0.01431965647401379,0.0013147659536881465,0.006625815014894859,0.0008518001552596953,0.0016157282397558355,0.005581554181813268,0.9593935074754935,9
1.9310780465835568e-05,2.428722163875905e-06,0.0006992842624599956,1.098343664471044e-06,3.6960155720027766e-06,2.577960526906641e-05,9.710675851647123e-07,0.00036923583176328215,0.9988669409195783,1.125445147811187e-05,8
0.021516378597086595,0.035127802767408095,0.2057495806271266,0.016076953474639843,0.5053435190804338,0.05017968718629446,0.0012424647452095143,0.10647058743020096,0.029404576507052527,0.028888449584547653,4
0.00022567613975831024,0.002036963562842457,0.9712999630375724,0.004025965888375945,0.0008939503438581697,0.004193709969124006,0.0001659498899147279,0.0026328714784788396,0.004365633021762826,0.010159316668312686,2
2.3408593009467923e-14,0.9999997254964574,2.1525615442925347e-08,5.385662173076519e-08,3.6912965186334675e-08,1.055054502811539e-07,1.2407322020158807e-08,1.6894031615786228e-08,1.4663096692291184e-08,1.273841602599002e-08,1
0.0007024130179225196,0.9967759244959108,4.180136472529418e-05,0.00020698787191183437,0.00012282388780388476,0.0008748498487035524,0.0009527035199970177,0.00013836765759902298,3.253050086178476e-05,0.00015159783456450123,1
0.0014960981802757995,0.0023391918293805196,5.384292961481978e-06,0.995635258550588,0.00017553530233249058,0.00030581702359956886,3.043408451434114e-05,4.965425041970876e-06,1.4228825090361092e-06,5.892428796295533e-06,3
1.1977720540829522e-05,0.000172698780722053,0.004030156846369486,8.467237419504548e-05,8.804801554769372e-05,9.003318371306035e-05,1.3100568237155166e-06,0.0005907302189724454,0.06462777637035404,0.9303025964327611,9
0.00172820499608382,0.0009330599381849341,0.15963088228172673,0.0007417735257758262,0.0018333258935674436,0.014381003532200388,0.0005457469019920035,0.06133580039358943,0.7289809971743753,0.029889205362504282,8
0.9997704516407878,0.000209887774822798,6.636012913984724e-08,8.577611320901845e-06,1.1447350304092756e-06,2.3749463544880584e-06,1.320596355798099e-06,4.959017222319477e-06,1.167962355947249e-06,4.9355620043876274e-08,0
0.005522884158009599,0.059461484863204135,0.023300187791741794,0.016783087469836755,0.024417983725956816,0.11759697791695706,0.003938876079592473,0.03292174599719067,0.0012644456406157149,0.7147923263568948,9
0.4424791597549553,0.06798420040664924,0.038281932004674606,0.03418737464299699,0.04332111343624305,0.3496429928576358,0.0011321167569901427,0.017889965949963015,0.004109864554395474,0.0009712796354968339,0
0.7583952989876813,0.021026315691637678,0.0063991907682519385,0.008533208606509106,0.08917624180632489,0.020648603522171533,0.07954594560754201,0.009166322131827399,0.001209770564528188,0.00589910231352574,0
2.4290691401655708e-08,3.510989861050733e-08,4.649958512084176e-08,4.4993679344760276e-08,8.361027768667565e-08,1.71876353193499e-07,1.913458117315125e-08,9.350867410199712e-08,0.9999993138361395,1.671401199702263e-07,8
1.943827782657102e-06,1.1178053644925015e-05,4.299188037604075e-07,0.001946479790431395,2.912290109413914e-05,5.338592501713419e-07,0.9979822246088107,1.7816040917091034e-08,2.80518097480472e-05,1.7414393553169583e-08,6
0.5695219064160202,0.013571784959288194,0.030994892513764992,0.20528868821246188,0.054165026713722704,0.02306009083810028,0.06554424226301507,0.009740653176644005,0.0031838073054299815,0.024928907601553075,3
1.550179005960505e-13,0.9999990749644787,1.639079003748273e-08,6.907967421989488e-08,5.043882832762132e-08,6.682329830142827e-07,1.173620284121405e-08,6.420754071058503e-08,3.201224189045483e-08,1.2937105241367144e-08,1
0.00422397715447566,0.0011006428581847617,0.0002361458822890327,0.01898862734384993,0.0005716159552991573,0.9721373943882783,4.243729361848924e-06,0.001999072433344836,0.0003901556172687394,0.00034812463764729353,5
0.01413605871937296,0.002082391085226091,0.000507222695572988,0.9127409880646787,0.011962682152957522,0.052624462562484306,0.00023613922971367566,0.0037752532180421166,0.0017887890442686491,0.0001460132276833814,3
0.0716433088809921,0.0726065684394214,0.14145200127172247,0.01211590186355379,0.06639093638342602,0.1087382991727496,0.1208753482844881,0.05048093030954763,0.015585765200630404,0.3401109401934681,9
0.0005679758617002181,0.0034643816086874896,0.9664919663647832,0.0004981895390804133,0.0012848042243303794,0.0012011323856650842,6.859171142223953e-05,0.005274565801963407,0.017212216231090156,0.003936176271276671,2
1.2361910748156634e-09,4.698749744679803e-09,9.951539278857881e-10,0.9999645675532424,1.768489706501953e-08,1.2171103895413344e-05,1.1891512138845088e-08,1.635278240008468e-08,2.3194873135851335e-05,1.361044030036917e-08,3
0.6330358979412533,0.016662150318892205,0.011952894623404335,0.22719674467140072,0.00562080181323147,0.005446563929550014,0.08989479592444806,0.001261981947687633,0.0013274588856275712,0.007600709944505024,3
0.7036605457052734,0.0021476334642482986,0.0019989324580656858,0.018569917475406206,0.03237200296090775,0.007579485062036002,0.16393627551475953,0.021797126960544273,0.002242695999752251,0.04569538439900628,0
0.00035255754220144393,0.007437259725883074,0.0013402985679624277,0.0005287001222327091,0.0004027291919706651,0.01799307981471602,5.364247569364694e-05,0.005028399788652313,0.9596885540031131,0.007174778767574538,8
0.008999058823008024,0.01041888899382245,0.012737469833552744,0.14833667723527375,0.030191251016389843,0.039220264709736906,0.005514379415711874,0.012434585275143286,0.1704453793521204,0.5617020453452413,9
