0,1,2,3,4,5,6,7,8,9,Y
6.116273891078958e-05,0.0002609951717314897,0.0006623621995800666,0.00015561095572120612,0.9970171595630379,6.567210018945483e-05,0.0007824848371618962,0.0001815429076478287,0.000297766847017846,0.0005152426790016925,4
0.03412812711986901,0.003478506490974086,0.03981960395539384,0.003002703835461307,0.02212697537496638,0.003107177632832638,0.0023076050904791497,0.014171493894474035,0.03747878650980798,0.8403790200957408,9
0.15216814429293918,0.007086438770360852,0.3165890536445149,0.04414733475597929,0.04989294816266138,0.010304656388392081,0.002972813663629538,0.007736798301804058,0.11270709742272497,0.2963947145969938,0
0.04262927381288429,9.775350257593817e-05,5.8795867075501326e-05,0.0005226682966048008,7.451296156568563e-05,6.515985856784181e-05,0.0033866093137776684,0.9454822604295162,0.007556134584179182,0.00012683137325271435,7
0.00029518477539854413,5.5749745754015484e-05,2.4290764949542975e-05,0.9989552293101832,0.00043662585546697715,1.2715070927537243e-06,1.6014034659091094e-05,0.0001437805392746095,1.911596654262982e-05,5.2737500678761905e-05,3
0.03482429019348694,0.017396412598999295,0.31598107246276236,0.045736084252924816,0.1883841084890978,0.008647480526581356,0.004524379398865756,0.01004262581822372,0.2447626018443867,0.12970094441467125,2
0.08399999224169077,0.007121323417442003,0.014723897376708676,0.028833871017977863,0.0066509726149261515,0.6546015921099063,0.009848762074006562,0.1451909377327879,0.036758299499029375,0.01227035191552455,5
0.022202135037610298,0.004268333780051039,0.4263947457093695,0.024464201442510394,0.017756772966188737,0.005990468306828378,0.001907042035459582,0.00714406381799163,0.038812599247550095,0.45105963765644025,2
1.2595062962625187e-07,0.9998678648984668,7.214647111797477e-06,1.110586360541362e-06,4.1127678733234963e-07,1.292293826501325e-06,7.023210403217411e-06,1.320448454318873e-05,7.927444621803553e-06,9.382520724923148e-05,1
0.025570301492928736,0.9325189405240774,0.01738655577183633,0.005498173305881105,0.0009819678187802424,0.001139886477746526,0.0020403622186579403,0.004671839020000466,0.003171824563970018,0.007020148806120895,1
1.0445332001028599e-10,0.999990645636948,4.773447277475078e-08,2.382678857765925e-08,1.1898661359498144e-08,8.002199915909412e-07,4.87041862522532e-06,1.1216015148222506e-06,1.0670898901038881e-07,2.3718495552334607e-06,1
0.26882234420650936,0.006810888681475848,0.015995727904085117,0.2630193875620087,0.03305250014769542,0.003144496067525739,0.03333893602095739,0.30782935631403646,0.05655509552719771,0.011431267568508036,3
0.09967539845289328,0.2013307852320933,0.16145010264725884,0.05601504865933769,0.02381825944688786,0.007449269409883091,0.1284665112501993,0.19779554466940186,0.061441333585105264,0.06255774664693943,9
0.04214885442142332,0.012851186020196553,0.046194064199521864,0.007224496633104335,0.04931220036729244,0.04574337263653906,0.005530835381622086,0.010460250213638191,0.012907837276011094,0.7676269028506509,2
1.7976858898400745e-06,0.9981261007495197,1.1797123926415844e-05,3.399554419226575e-06,2.178147032593966e-06,1.92846905426155e-05,0.0015159786135858367,3.2884467254595136e-05,5.6101112490663184e-05,0.00023047785533808005,1
0.06819528062962928,0.01097362762804009,0.09405188071794517,0.05478599378977949,0.02707460442053244,0.12293128652302633,0.4323158859392196,0.06213666269679569,0.07675406847012188,0.050780709184909935,6
6.023372974956393e-14,0.9999994686895092,1.8701146064263652e-08,2.0309665573550368e-08,1.2854389320727788e-08,3.3568478103689915e-08,2.6577271159018595e-07,1.411496491015852e-07,1.4154827330232506e-08,2.47995636770003e-08,1
0.14219081743530113,0.009503884965991199,0.2697370371778431,0.030359376797553593,0.02321559392755854,0.027573557616746312,0.0027566439112445607,0.005711466570425339,0.25757433538393654,0.23137728621339948,3
3.0171769808385034e-09,9.716019030750915e-10,1.7557983165168699e-09,1.2622217971776026e-09,0.9999989605897642,1.1505825720586695e-08,9.057152535401993e-07,3.319342673387514e-08,4.666402146337696e-08,3.5324909273931376e-08,4
0.5840411466935121,0.006623656775295689,0.00382113127071006,0.10307925133023095,0.0012618616509580856,0.0017338170723800565,0.1053343208899994,0.1900186794608523,0.002586679910714981,0.0014994549453463532,0
0.3071302577823291,0.01152071545321588,0.0015903350410189621,0.01206946001315534,0.0002581375617495676,0.01108746494482772,0.043401386449443115,0.6021347810624705,0.008745989776494661,0.0020614719152953946,7
0.04294386775754939,0.005043717666370949,0.7453678769549011,0.023320675559011635,0.0011007013703658146,0.004179844258852234,0.015486095405186064,0.039153724352716746,0.10283186530098645,0.020571631374059627,2
0.026670036870425594,0.0017842068037865451,0.06261945813845032,0.008700473518547119,0.7015182724839611,0.0018014416745578768,0.0017429167400697877,0.009404476055320271,0.007080243595809718,0.1786784741190714,4
0.2590339228884329,0.03532449280243401,0.11839845162098704,0.02756119628456955,0.0022570638993320074,0.2537326865349877,0.09588917397280623,0.15705753689052093,0.022260659555819063,0.028484815550110718,5
0.10104013895785595,0.002448692775030303,0.0002954965619160144,0.8887039130018527,2.029551973989382e-05,0.0015066309045298654,0.0028878193401157574,0.003026669429187154,5.16199754294476e-05,1.8723534342997956e-05,3
0.4159717106616927,0.007397189280557629,0.11646351885135095,0.0446435936731315,0.0010781619904010357,0.09280626005821653,0.03150759430206902,0.2597296236218616,0.02295137248470435,0.00745097507601516,2
0.3762499287752755,0.03479303952691404,0.023239688351108935,0.07039492622235768,0.00048473821145556103,0.016173475320978216,0.011942149315355475,0.4429869159906453,0.021390002256857735,0.002345136029051619,0
0.013924494212581193,0.11357849468788093,0.06989789233105514,0.749648340730031,0.0010234417318521081,0.0008672177851911943,0.007721882053686892,0.021271720213566422,0.007781642994599928,0.014284873259555237,3
0.003187384329615011,0.001342718154376251,0.0007371202995456855,0.0005453659683886242,3.281105480599105e-05,0.9812043567364908,0.0008267566718671252,0.010402237936901062,0.0014840340601148761,0.000237214787894563,5
0.004200951964937453,0.0005471188541221973,0.05264494611698785,0.006886056549860015,0.0031692479164121775,0.001682312864762645,0.011659389556228349,0.008514332124215703,0.9085645001628025,0.0021311438896708737,8
0.012046231863340154,0.003293633960897687,0.02360892025940268,0.012886003359644153,0.007377572085624154,0.0019922263939712546,0.0012004968913401522,0.004023100988315671,0.9263427597592258,0.007229054438238159,8
0.0030354463240468066,0.0013038938630087421,0.004974416213672327,0.0064403045529816,0.9466478633482257,0.0013301897817737374,0.02723717205336755,0.00482840043060451,0.0035288924330452837,0.0006734209992738175,4
0.01972333892899721,0.0007372309432529233,0.8678900162316584,0.04457889110614185,0.00961852301870006,0.007902584926219643,0.005040659430313631,0.017112164932541238,0.011786686937195786,0.015609903544978349,7
0.23632790871234127,0.016144929347329154,0.003513986526338946,0.025186598648397507,0.0006849392411059727,0.030553251630080408,0.08465262223633419,0.5701012420809132,0.01727307979938873,0.015561441777770746,7
0.0015808215854492698,6.620757585565796e-05,0.008595722490597446,0.001211339820174087,0.000541620320238118,0.0004498320178737607,0.00014675164659939044,0.004721166051098149,0.9791953450501568,0.0034911934419571524,8
0.45805824104014553,0.002415132460733654,0.012417745727486275,0.17834760864652405,0.0012199338229198057,0.0008553806513431556,0.027057861712789604,0.28975538413265206,0.026517904308543647,0.0033548074968622285,0
5.150035390583431e-07,0.9994588419114612,0.00015538111069337196,9.913111316987628e-07,1.2468107261566785e-05,3.412141020948596e-05,8.2994048309023e-05,4.5675863321652244e-05,5.027970189011627e-05,0.00015873153218278358,1
0.004030160479886681,0.0002516815973939472,0.0013018907241894714,0.0007432758006474691,0.9424271955654808,0.00014513474899533808,0.01671622661946902,0.03376190593245754,0.00016998333747645543,0.0004525451940034871,4
0.00023826709366642289,0.0003019508428065735,0.8570662492553377,9.130082900145963e-05,0.007084516002450007,5.952640169474047e-05,0.0007966660310857874,9.833936232510325e-05,0.1306488639692426,0.0036143202123895025,2
0.005010755444629791,0.0024235650355475535,0.9195079012377878,0.01763321277411425,0.0012150391324195005,0.015220809060567157,0.0006326493491718037,0.00175595430966025,0.021116857548546,0.01548325610755552,2
0.000852869818263967,8.316008261447044e-07,1.5908720799747324e-07,1.5818030381166056e-06,1.8550232586843528e-07,2.424333960140804e-06,0.9987994846695194,0.00033472190874077025,6.783486123329332e-06,9.577899941951692e-07,6
0.12244621338322798,0.00739558556234097,0.3109768321549448,0.025394751259793878,0.09540176018799221,0.010969149433356199,0.003150771721949323,0.009871012116779047,0.10344026985361394,0.31095365432600147,4
0.08444011622899292,0.005395002856081974,0.025144926353449466,0.025782107153030982,0.0005424730129093659,0.04855116844715516,0.0034525895629547096,0.7817272095316901,0.00874557987274028,0.01621882698099508,7
3.0322515952855704e-07,5.742921280426041e-08,1.3853668684012372e-07,3.578215082438941e-07,0.9998794000501389,5.7473520023834774e-08,8.373614928076737e-05,1.3762838518791933e-05,1.6069528972187744e-06,2.057952307699367e-05,4
8.31781889115581e-14,0.9999997883161791,1.4289365968215357e-08,2.4427430148980095e-08,1.99439946802948e-08,2.0468299037676364e-08,3.984467522876426e-08,6.788134055546888e-08,1.240251943509124e-08,1.2426112862198886e-08,1
0.13693037942502173,0.04348547811292214,0.12742357153517017,0.03444387743141402,0.004399851002561588,0.033024964232012434,0.250494838058133,0.13742906941102986,0.12100094203189014,0.11136702875984499,6
0.07312287507061384,0.005478144030554899,0.22089496684548698,0.010454302589818039,0.02512486832921888,0.06001591404620633,0.0033607393606279465,0.010737562761968867,0.12091482926962187,0.4698957976958824,5
3.5570914593690137e-07,8.755439376059006e-08,2.0391108737956772e-07,4.391542532067981e-07,0.999815241349333,9.334471721811686e-08,0.00016256528195062494,1.0817425481991904e-05,1.6849979743142416e-06,8.511271662568035e-06,4
0.11595954786394547,0.02580342168178612,0.007654759700464588,0.040684687628725284,0.005101670208900894,0.39676492734659363,0.05952670816254757,0.3354147049412799,0.006474634192887899,0.006614938272868726,0
0.602685675975873,0.004606953715102861,0.03423657722502788,0.16789573216296402,0.0010245468937342696,0.001265774343117035,0.010029897735103092,0.13564928355544215,0.019625265318993355,0.022980293074642087,0
0.8015105553110061,0.0030745195196023424,0.005826319448887549,0.00445848246887536,0.0018377285708601227,0.005956057968589455,0.03991744250044995,0.13228527303492912,0.0030401321922576075,0.002093488984542493,0
0.03177611824272938,0.00011843495539822571,8.81125081115619e-06,0.003998895972673951,5.509548907647997e-06,1.0272065558559804e-05,0.005663943777411473,0.9583649156068313,1.9876980957827677e-05,3.3221598720110415e-05,7
0.08631494964655348,0.01306125178812612,0.4379441400501859,0.1528142801435252,0.004231771900248675,0.07521276967327971,0.12461926630192027,0.023913513052464294,0.050359265819490934,0.03152879162420556,2
0.008024239850854022,0.031603530466908746,0.01824713370820378,0.00653319886156228,0.0004752731939960028,0.9072486662943013,0.0038340919017229138,0.012476811853605036,0.0060150179370024905,0.005542035931843992,5
0.0034586552178411316,0.01114820915285062,0.9180088089784985,0.021356451119450694,0.00014086524673630755,0.0010824206834535233,0.002176315136453358,0.023694365574017873,0.0012160310606201853,0.01771787783007815,2
1.5218222926020287e-07,0.9998353153234264,1.5765901430758745e-05,1.962868654494065e-06,1.6922634084574244e-06,2.6894247017572474e-05,6.842480739446146e-06,1.25486922739374e-05,4.395010400662375e-05,5.4875936812587356e-05,1
0.8319400175567997,0.0007382592047735269,0.0017747062671991227,0.014977375439238045,0.0006100685099501628,0.006740953467992805,0.05310435546394867,0.073825518305642,0.014579947564915749,0.0017087982195403085,0
0.1259486828444178,0.03432109714664039,0.24525405778341766,0.08163201719362424,0.02027861077454893,0.007218687354400652,0.003989802636321593,0.028444234637680865,0.015295006643054124,0.43761780298589387,2
0.034785261267081764,0.005817764523762314,0.8429728596681741,0.017839769072830462,0.00864854798211071,0.0020937663334219497,0.0013565049608840506,0.007564893355074908,0.012575333821903584,0.06634529901475633,2
0.009201441607231,0.0009437471679252737,0.9222100967497714,0.015570666733621888,0.0019322909569446617,0.0016919683416137632,0.004180758849781214,0.00591638428223724,0.022610697475680286,0.015741947835193008,2
4.416205386079496e-07,0.9998719356490783,4.974158028860436e-06,6.851582624369334e-07,1.5355340550493949e-07,1.8891868750204774e-06,6.308913027236522e-06,3.442076843306372e-06,1.040520593454702e-05,9.976447800639947e-05,1
0.4986840733474284,0.0274457552025521,0.02245980554047482,0.145213316788991,0.004414919737467993,0.0025589047233477466,0.1720747396020057,0.06009053164361219,0.021341138267405795,0.045716815146714745,6
0.0065660545593501365,0.004176051930023881,0.8214577693070799,0.031510494780323035,0.0038834905826644357,0.03466323192309291,0.0017273827941653606,0.010329027710119771,0.06441252110270386,0.021273975310476534,2
0.016571883012031642,0.0009375069622944947,0.004542417356808358,0.9501163884012843,0.0003204062488146147,0.0004608565520118247,0.006483942190749246,0.013573799031021214,0.0030610436876985906,0.003931756557285476,3
9.070084962195867e-12,2.559115271544057e-12,1.3972167783737869e-11,6.5272362526258095e-12,0.9999995097839777,1.4619720359212285e-08,3.626859859167795e-07,3.780105529512381e-08,3.56764151572992e-08,3.940071708047769e-08,4
3.1409697825007645e-13,0.9999995916834288,1.730614732460314e-08,2.098936072693121e-08,1.2444883458200063e-08,3.454835393630268e-08,8.47726797710136e-08,9.170896357839354e-08,1.8558864755581722e-08,1.2798700393853954e-07,1
0.016583294796304316,0.0036775279363020453,0.008419064043541018,0.22809801154105303,0.010457807534439922,0.0017914283885845576,0.037787393625918715,0.01372690182897557,0.6758232535330604,0.0036353167718202357,0
0.008648668332388103,0.012641235016892122,0.01647943605111136,0.05511776165524005,0.8481793079810844,0.008378358912420013,0.004180561799403136,0.030824306612347883,0.006618943389619721,0.008931420249493133,4
0.06414833115618375,0.0859297931717613,0.0077259109144112185,0.01771042422466294,0.004474126089624814,0.5215537493732877,0.0967646520083908,0.16176883589734814,0.03250608976104136,0.0074180874032879,5
0.004016782899696348,0.010473300797607783,0.003755177255082713,0.003185298159484869,8.063237498256843e-05,0.01215657791721447,0.7105253973388413,0.25125707588890683,0.0030002671580242096,0.0015494902101586406,6
0.17136162096096805,0.0021389552024433044,0.004296949260487094,0.25644812512080484,0.0005482484596828805,0.003070447547517181,0.029792792931530896,0.529142891792331,0.0018016249427048807,0.0013983437815298272,7
0.009881119474016799,0.004003772469080249,0.6884205529183866,0.007196428144120734,0.12521969387357335,0.0012945189395529538,0.0010185563610138225,0.0030093683154085,0.04640623033568476,0.11354975916916227,2
0.05268983743181111,0.003775024488834823,0.6208165249792884,0.030795869873944056,0.010081978348082414,0.003024241841336135,0.004703321135922529,0.008921466089213341,0.046181907466799794,0.2190098283447674,9
0.028520632593838746,0.040570797427644974,0.020383317778723063,0.10448957106392709,0.0026457557028979743,0.6272831857600939,0.04347927282298924,0.12006116345613091,0.007957031458896128,0.004609271934858485,5
0.0026916097162768037,1.6639145663277878e-05,8.665431182193552e-05,0.003146044431694073,1.1711915639854853e-05,0.9766194919032384,0.016849671237905303,0.00048133425818013855,4.864810820225747e-05,4.819497137749255e-05,5
0.014952144485636868,0.008718017999786661,0.04149030621485305,0.905399569643796,0.002645414666555774,0.0006181887178507738,0.0013284350302273425,0.0045304718719360254,0.010930874412430864,0.009386576956927309,3
0.03157869486752776,0.007203402211037536,0.16536455376657522,0.10830526768632769,0.011207058095345284,0.013029038649508388,0.004376643030335359,0.15353248503380332,0.1857196545711792,0.31968320208836043,9
0.01665485416260792,0.014800108853142938,0.03107436400226842,0.006896004987447701,0.007785096443654686,0.03507505167083184,0.06833365439722949,0.15493430009382841,0.5904436790630779,0.07400288632591155,7
0.03217295492917154,0.006833860488684859,0.1851944351981379,0.011406052386351161,0.018896126576231295,0.0033423981530310005,0.021446696916389237,0.00972246683014492,0.08059411018968732,0.6303908983321704,9
0.0023323794335338463,0.0014078462554312056,0.0017581830212972242,0.0003944430404598416,0.00011058828658624491,0.9813101700662591,0.0032355734511142513,0.008578751171294393,0.000599071447602455,0.00027299382642113283,5
0.28839448643972015,0.011203151309633924,0.02788002132590948,0.14043961586605055,0.0026367854962859277,0.022247086738139667,0.008688668054742048,0.06157337037363265,0.4310893756315707,0.005847438764314935,7
0.006979151461137148,0.008158331796569548,0.8158112771785705,0.012565772259390772,0.002348008586246524,0.002588952587856923,0.0006999518658374452,0.005846145496911416,0.002709574246765226,0.14229283452071467,2
0.026235926695589638,0.00959152031330309,0.05237462619611685,0.008740231990185312,0.007584019263626085,0.005501031123317652,0.0013330253001164422,0.013345726194379319,0.0412210549324755,0.8340728379908896,9
0.09322399962326149,0.12494943386544824,0.30740889739478067,0.052403779027305204,0.011115682817467127,0.12252388070802797,0.01240956102040129,0.030149754714889766,0.17072138994849392,0.07509362087992458,1
0.09259207853622457,0.008894409024379116,0.325238007321401,0.013057841349653732,0.06447955454803579,0.02748328431405601,0.003697192085820089,0.008201213519846866,0.08273165139768886,0.37362476790289384,4
0.0005048465308889228,9.577461208043405e-05,2.4327305424355477e-05,9.784914407696399e-06,5.878419720336477e-05,0.0005908700659732655,0.9949724977641108,0.0031008436937963292,0.0005445228085944051,9.77481075205581e-05,6
0.1503889517182407,0.011007796420456847,0.06594426818770124,0.31168847551286516,0.3153865617841679,0.016755007897232166,0.014753220814438443,0.0647785480240332,0.02954490361212884,0.01975226602873596,4
0.015461797562919698,0.007322208356476499,0.16668954553314647,0.05519121554162006,0.689513922251102,0.0023916875478987927,0.003516312374464554,0.002795451561708808,0.019776206619075802,0.03734165265158783,4
6.378894400382431e-08,0.9999229552457184,3.159553268395559e-07,3.3203675380711676e-07,2.822994374999291e-08,2.3773352839438183e-07,9.74000868834209e-06,2.8601850580194415e-06,4.240169980963376e-06,5.9226646057221635e-05,1
0.0008547832046793541,0.00044848262343132083,0.0004195509564471135,5.3143471290187285e-05,0.007304687406099782,2.682352102227045e-05,0.0003714997881078324,0.005950277300787471,0.9844374910168985,0.0001332607112359675,8
0.0006174643634045062,0.0006922305846761877,0.06431915504520035,0.0013566508075385242,0.0003426688990746274,0.0016260818090749309,0.002294494611710423,0.002034385867308887,0.913795702952057,0.012921165059955046,8
0.1330619849954948,0.034049529911131506,0.11489299218884101,0.041500045881602464,0.004272128951465153,0.11603209728371207,0.025776819859986526,0.3303572964585435,0.08798715962450995,0.11206994484471312,2
0.7158812315586001,0.00487417480370932,0.07547119835461498,0.05087831502944035,0.028449124157245386,0.0019257666356703926,0.0020882851624197257,0.013741449976492723,0.03048633578961344,0.07620411853219398,0
0.10996775351260406,0.01758784900164832,0.14842827119909596,0.08228794492687709,0.00590127309561757,0.017200196017751287,0.35730800134029994,0.09065699526541887,0.030700159539390478,0.13996155610129607,6
0.20772567614037932,0.01953329731518514,0.3309278087185401,0.04739631694067241,0.11003962772690182,0.009601197141578617,0.024084819923375994,0.06053854256833755,0.02989179674787868,0.16026091677715032,2
0.0008120866587440758,0.000626552574014667,3.307898727698973e-06,0.00010339675496891875,1.382234751109689e-07,7.356844076509368e-05,0.009405130863896475,0.988969176206037,3.512360402754791e-06,3.130018968476528e-06,7
0.7896588209141122,0.007092889217642606,0.00025013987403077725,0.0010550919043108868,0.0001441354510933802,0.0028872931055444868,0.0324105725606123,0.1661092888117142,0.0002210956677336936,0.0001706724932057409,0
0.014162562950115696,0.001265599618815566,0.8895008364995393,0.006004769418399919,0.0006750683297758666,0.036625263483317495,0.004087719198559629,0.011182855263094128,0.02984666731553279,0.006648657922849794,2
0.08509809248709935,0.0062100787718939255,0.36869923874815247,0.1139203146901099,0.006617487444615153,0.044640785693314734,0.0034690935204418367,0.060533198256674886,0.09896304885678421,0.2118486615309134,3
0.011704484339349239,0.0003250883857474306,7.410455201420601e-05,0.004030148659511504,2.7489652688447228e-05,0.008473089134960022,0.009779796194507044,0.9653411274190794,0.00021436976140511605,3.0301900737164502e-05,7
0.07046046954355925,0.052943188710221356,0.009461312390438854,0.019241825312517093,0.000195882545080072,0.047679664038619105,0.0061336874572642565,0.7923963109493027,0.001149201606029666,0.0003384574469676176,7
0.01842502401835262,0.007735332326109293,0.1567906859792341,0.011353601721354394,0.006745362994748834,0.0987435327537809,0.012576095812465897,0.00790519003270617,0.6176428340067143,0.062082340354533146,8
0.09496801931773242,0.0086751625531815,0.025861285773213578,0.764765259006869,0.0026115634934601355,0.016097987086610293,0.011505239574582053,0.04013838187899465,0.022680604815053802,0.01269649650030265,3
0.27428012788105965,0.0013184736277288406,0.03338119085777034,0.07797879438567498,0.001699734028207339,0.002684984078712936,0.5646878076897661,0.041735814609919396,0.0016375673280715388,0.0005955055130891293,2
0.0006081818639072574,1.0482415875266408e-05,0.00014637707296839941,0.00014916867241534322,0.9949060532533938,1.2267336091503133e-05,0.0023192971458909323,0.001449101486756898,0.00023103361198126006,0.00016803714071933777,4
0.1914957304781377,0.06110635633431346,0.03975744217035721,0.016201881741654933,0.02054339881187707,0.0917206341349122,0.4136862850435386,0.06601392076590286,0.03640235626222089,0.0630719942570854,6
0.021194331177104307,0.009276849468529995,0.5053029251240349,0.021990282989050265,0.007053607670506157,0.27298875577336285,0.003012300016346032,0.00839235776824459,0.01803540985432131,0.1327531801584999,5
0.3377136538220774,0.00848430149808922,0.2747962046444479,0.04690432004289436,0.01704364163387623,0.007133494633904745,0.003194270806106741,0.0113745036566182,0.039537547092562124,0.2538180621694233,0
0.12752341532625702,0.008123086831663276,0.014279275492969321,0.004915723547369064,0.0008815078752027358,0.0017456522258229605,0.11202080442442493,0.7218261667405279,0.003063392490909503,0.005620975044853413,7
0.7176074398706697,0.001040064552023324,0.15746515921349344,0.03183849065779237,0.003608743764330475,0.008410591978438334,0.002593902275371299,0.046836823798599,0.021642047989991732,0.008956735899290599,0
0.0467249241693728,0.006934257968767877,0.37327044424826705,0.01929333988946328,0.058851602601616544,0.007720247348085612,0.00286901324776001,0.007023349353997812,0.07269101020331516,0.4046218109693538,9
0.11726596943827279,0.020048532197133952,0.307725763869386,0.010774944079818617,0.17922221062830956,0.008453225163724695,0.004301347311020937,0.01027426686977896,0.0660201731932836,0.275913567249271,4
0.18521317767834194,0.003992447425440734,0.033315874561710916,0.012783112290253766,0.007625861127273949,0.0028697988755642047,0.006804720631534428,0.614549555302834,0.1305269505495986,0.00231850155744762,2
0.12559844409384935,0.0240331622423173,0.25340741630936614,0.3278580716410325,0.0005177402629655322,0.01442406323510314,0.016141423155998903,0.13464927941774113,0.08863055979038284,0.014739839851243528,8
3.0115656762842835e-14,0.999999715935285,1.5621743989581217e-08,3.80332196491942e-08,1.5880339699321588e-08,5.6663655085943863e-08,2.45379497027289e-08,1.0542299667927678e-07,1.633301553858635e-08,1.1571764330056306e-08,1
1.4490511209364478e-09,2.7876790263096924e-10,8.295472488112499e-10,1.4719746723772746e-09,0.9999939671409641,1.5251238385896665e-08,5.491982994814609e-06,2.6530056376381556e-07,1.913869718509063e-07,6.490792629296784e-08,4
0.6645216770794421,0.002073505102488315,0.010905699923447096,0.13996234076116093,0.003948765082976582,0.002377263070863132,0.05206915700523234,0.0941463696943106,0.022053926808470084,0.007941295471608581,3
0.03528512112712059,0.011483466402738923,0.015427443781877213,0.05988198484495049,0.003169317579690666,0.006597766649061468,0.41187021409161056,0.24489458784906304,0.04832381218230347,0.16306628549158392,7
0.01900392121800664,0.02630261693199989,0.17710631138518687,0.006996674016285814,0.006958424261908135,0.6082885531456795,0.0032460556761895005,0.014203026218047152,0.0795976401732323,0.05829677697346436,5
0.008136126917443292,0.00033576581302514934,0.00020918388103575397,0.9333098146127751,2.71409850328046e-05,0.00044082207268864493,0.0036350797170917174,0.05381638785249105,5.2781971195308685e-05,3.689617722134371e-05,3
2.0730007322310225e-10,1.8171979351969666e-10,1.576756528427411e-10,3.9584519376167576e-10,9.81419294745113e-11,2.834943811227552e-10,0.9999740853670704,2.4350837695090417e-05,1.545854342188966e-06,1.6616715018415e-08,6
0.23331768300553446,0.013656073056479074,0.015355007462901827,0.02946783399710683,0.006494768302093616,0.1512299870801466,0.01007122862863853,0.4897526514558206,0.03579471564387527,0.014860051367403303,7
0.9653298967025232,0.0012391686633249368,0.013938958026395984,0.008374963035872469,5.150454807072712e-05,0.0015175289748601173,0.0024234405426215955,0.005526908940308484,0.0013327978419430087,0.00026483272408015407,0
0.0010475704604541326,0.0011264247194172714,0.003306789037871582,0.0003172303050508047,0.9623139440076404,0.0002345221023161407,0.0006454163645071113,0.0011372326961882008,0.005026151779407911,0.02484471852714614,4
0.03310624983895567,0.00013474511961056445,0.023325572819043048,0.8935977795777684,0.00011459991079120711,0.0024901803390827574,0.003239355102890619,0.010564377635451252,0.03326328451972022,0.00016385513668635277,3
0.13203137489447359,0.01469715716984817,0.03210553464911763,0.04337685927629107,0.002717265020443593,0.1498930105427391,0.256464891879538,0.3469327882725174,0.01629175240290557,0.00548936589212614,0
0.13477527168311196,0.017455486603015585,0.31874721157965064,0.02254232440111653,0.07619472516532551,0.024593829050196893,0.003376693706729849,0.00940383055475538,0.09487103152164197,0.29803959573445543,1
0.05269755290335694,0.3797665857862508,0.007450221372255006,0.0055135777086581135,0.445701158935474,0.007883079976427341,0.05782325972099439,0.036180455838913515,0.0026421005171715453,0.004342007240498077,4
0.006515431914584325,0.002309526733434144,0.051079353803453284,0.002612246631981964,0.000551656727085814,0.9160867619850961,0.002286700624401717,0.00483555552149728,0.0026144476565785474,0.011108318401886731,5
0.15540181186462473,0.009931758448350718,0.07052580857465464,0.053066315718136144,0.00696795170113365,0.1224739214229059,0.00509702402896037,0.03278517875582291,0.2891082197502603,0.25464200973515033,8
0.0015805791054426714,0.00047289169046078606,0.002020532872227695,0.0001338215721370759,0.00029891456350289566,0.9908920133099511,0.0009418202007640115,0.0011944943709246434,0.0008310115270482051,0.0016339207875411656,5
0.04909847488776344,0.0016640992908164437,0.07663579647486264,0.7105250808446691,0.01264297991930105,0.0013841167265119408,0.002773978818605624,0.010741832018713947,0.10353374443619412,0.030999896582561953,3
0.0759674754269721,0.012645753233767121,0.022657997253313977,0.04730799525308178,0.001060706519615648,0.009338156004706008,0.2501393892135652,0.5578306685907404,0.005354719827261427,0.017697138676976337,7
0.00884047332944043,0.006520538496349194,0.06438870302669235,0.17108387228255847,0.009786077271839612,0.0022113404291190016,0.0035528819858167493,0.012698092562549945,0.08322637354147079,0.6376916470741633,9
0.09568702450346123,0.018089970526591743,0.36907266131810723,0.020112187108973775,0.08057415728741019,0.010721548555091906,0.0062387515645617566,0.019963669147662323,0.07989653855237966,0.2996434914357604,4
0.4654759165621659,0.0016612110387803096,0.0010181277189950356,0.0023660088463821716,0.0009820637674851271,0.005192339566769872,0.3696196237532412,0.15140181498168612,0.0012331084583227694,0.0010497853061713985,0
1.7342902993764867e-09,0.9999925042382243,3.71453022286613e-07,2.794941262639213e-07,1.2132934807759393e-08,5.6594105288153846e-08,5.820780669519774e-08,1.1716323665867487e-07,1.641804910315971e-07,6.434801762119432e-06,1
4.6876751242697975e-08,1.741545152954976e-08,8.030691309541308e-09,1.4682739360020625e-08,5.713592782774468e-09,1.9381841698759592e-08,0.999921062498923,3.2042888557717655e-05,3.09703588457536e-05,1.5812152605405303e-05,6
0.08728150828560438,0.022207376271286015,0.4338795826388978,0.025758750941443274,0.008225669954938317,0.13984299487588367,0.043060891245509665,0.2151162334278836,0.015568552928945188,0.009058439429608062,2
0.8620585784861422,0.00633932930255438,0.03129955577446437,0.02959875687847174,0.00514677022297137,0.0010209893087870909,0.012454132675207317,0.006655372744576699,0.020497726153950874,0.024928788452874294,0
2.9218709529281116e-07,7.396487951515654e-08,1.8722477448355182e-07,5.189494495540282e-07,0.9998601389775876,7.063758375082292e-08,0.00012114282735383109,7.849731710206398e-06,5.210009650648955e-06,4.515489914864765e-06,4
0.12168265003249319,0.022325086110776132,0.05451916566241474,0.04232630048364749,0.0016200343584102,0.07052071829401825,0.17620272066910006,0.05743800171649717,0.42374361024578666,0.02962171242685617,8
3.1675300187789244e-12,0.9999993992568319,2.132673360242846e-08,1.942333911745085e-08,1.8369582342828563e-08,2.7918877662277655e-08,6.477813912662531e-08,9.343843521545187e-08,1.164246152790713e-08,3.438424317993891e-07,1
0.3009540653735002,0.006771254684805334,0.1903236311879249,0.013498796736271199,0.024679779060611615,0.011556080046752543,0.0033924405039950463,0.018932905213713026,0.17950155540790996,0.25038949178451625,0
0.04033795889740024,0.014281943541965795,0.4176046056924963,0.04176914565040452,0.008987499061837104,0.024221880324435355,0.008299971815609656,0.038957128539597666,0.07376990961545771,0.3317699568607963,2
0.00047425442691107704,9.51450975313172e-05,9.582449488771934e-05,0.0001900509956872309,0.9966528374605247,8.978370430349216e-06,0.00016649118281543388,0.00013070893806064053,0.00013574500761705761,0.002049964025534199,4
0.08174579972880666,0.005363151121345276,0.1511696143903269,0.6346466484290884,0.0031272377334209604,0.0066674661656859315,0.00956089532941041,0.052211854744210154,0.011328219041982635,0.044179113315722995,3
0.1636737191130697,0.03373605146472713,0.31145213023690527,0.238233245308314,0.007980229267197742,0.010591997227784804,0.005065207015023516,0.01597668028890946,0.11461405020232422,0.09867668987574488,0
0.0027475896834862623,0.0030153463438640136,0.0037628418323050364,0.0021711642765807164,0.9607161032082557,0.0016431433156280488,0.01306129686957691,0.0040269093358590215,0.006052258634649433,0.0028033464997946744,4
0.008094079960250317,0.06723421673615351,0.0049196856794351184,0.00579641491332034,0.00301932097222525,0.21099958457846693,0.030585226976082642,0.6623683474132934,0.0036425794959288717,0.0033405432748435902,5
0.7127849794312674,7.302620636822262e-05,1.710697426315605e-05,0.0003324851638769438,1.677292596617073e-06,0.00030029753848356236,0.0003974381466536196,0.2860810850810994,1.1697948481510599e-05,2.0621690926597167e-07,0
0.0358468962417428,0.05888623171170254,0.0956131037171517,0.7120981247023098,0.0012501073509530024,0.0038814847853562394,0.023417223086550712,0.05398717660681915,0.011349726385448988,0.003669925411965043,3
0.18552379062158683,0.08317061466998552,0.3262610498631757,0.013811793140079128,0.00192303054153085,0.14932436661347423,0.02253615357959931,0.15727624019220116,0.027582683050479923,0.03259027772788736,2
0.05479914411894902,0.004750275887189762,0.005091983290433442,0.012015387468566195,0.0007206516902472811,0.004814853917572683,0.843468059764739,0.03096502190278741,0.01908090229135247,0.02429371966816283,6
0.01155483533249744,0.007182405566462138,0.04256149444923715,0.004892076334646556,0.0037980166590764384,0.008474877603924442,0.0009052245709016649,0.0028267565524358468,0.017296132912287196,0.9005081800185313,9
0.12886235556236228,0.010030095986543688,0.3385334879524551,0.01728808238870752,0.028125956212870805,0.017131667875344272,0.0028183987370871914,0.007946617387296316,0.07088475038240064,0.3783785875149326,0
0.004357439749678041,0.0012664659660510422,0.005757556662125587,0.0009740974036837707,0.00015120549920129403,0.8907207145008612,0.07418140683407219,0.02178239236105223,0.0005328966030572154,0.00027582442021770133,5
0.009382876694042882,0.0009055187220139295,0.006344339947428455,0.0004439733927212666,0.016224222595441325,9.258850992730356e-05,0.009685319309441411,0.0017313597462111704,0.0008158619798082652,0.9543739391029634,9
0.4051238554537768,0.009368231202693988,0.1263963493209367,0.010162299707511981,0.013322095355772742,0.021098800867232807,0.0158852889131391,0.03236559081792318,0.18641111883887249,0.17986636952214002,6
1.098721188861149e-06,2.982057143889877e-07,1.0455062473730463e-06,1.979892147970151e-06,0.9996052745406342,2.7117618312672417e-07,0.00031997067956617643,2.70265723904439e-05,1.9595804539908962e-05,2.3438901387405626e-05,4
0.005015280110881671,0.02795225020732267,0.0015471554827006762,0.9484441120498454,0.0024646721484916294,0.00017207926375674925,0.0019868293961682404,0.008736146218227511,0.0029608616102617213,0.0007206135123439494,3
0.17890517585459706,0.007674551164753072,0.11686660779759434,0.10106387920981807,0.010711437487041762,0.0047210220783276725,0.008571522164354736,0.014709438106508507,0.03549199590884099,0.5212843702281637,9
5.414533209074759e-06,0.0007855620264966613,2.9545705316149316e-05,6.164394783631291e-05,6.607559068954225e-05,2.9703037520714144e-06,0.0016307313124984664,0.0003745913955734895,0.9969730255100978,7.043967453032075e-05,8
0.038549245105820626,0.0043639938055581385,0.011487313969732354,0.6309493248627634,0.0011102760100751537,0.011121111687880882,0.16663645529640858,0.12381033867014603,0.008115026084468334,0.003856914507146789,3
0.029319601276608685,0.003545535349788875,0.15191413500250345,0.022502006682964325,0.6722703420682273,0.005120721206665117,0.0053081995929078205,0.003873398404755874,0.03050024643868583,0.07564581397689327,4
4.978409206302445e-13,3.8845395567311244e-13,1.4883319225210436e-13,1.9848013038892735e-13,1.0321302730121746e-13,2.1661315202218778e-13,0.9999993366780285,6.343113660916739e-07,1.6577192639965276e-08,1.243185923374519e-08,6
0.003988134042344319,0.0010752030687063313,0.009734462302641352,0.9768261274166713,0.0012755963722007025,0.00012624446397345692,0.0024385358585683383,0.0034196160627906506,0.0002835041567861385,0.0008325762553177321,3
0.015024353541845547,0.008889433412118694,0.0262016566945478,0.021390018849059993,0.0012368923403869216,0.0019753103595996583,0.006958382068457949,0.0071884709258143,0.8969703599158096,0.01416512189236013,8
0.024920017562769303,9.959713791941162e-05,0.0002788602147979817,0.9572165524210204,0.0001443975511618968,0.00010979441518287776,0.003759128798331989,0.012748615984600368,0.0006606405254640654,6.2395388751153e-05,3
0.0021536014830179375,4.257974496223381e-05,0.00028287824915082115,0.9952415240187693,0.000386905009905002,2.595005482041778e-06,4.725391122292025e-05,0.0015051128631373642,0.0001185069777975742,0.00021904273655469993,3
2.394186270218199e-14,0.9999997355983671,1.6800900575068684e-08,3.6374518236201555e-08,1.2541275574857898e-08,3.5614294047609086e-08,3.7170397974240486e-08,1.0000031953587561e-07,1.4657364739858122e-08,1.1242538392129789e-08,1
0.9742812857515363,3.645017683846585e-05,1.8237059759219446e-05,0.0005089792672502667,1.1748652785241359e-05,0.00011578760302635489,0.009558038134683356,0.01526088531205338,0.00020081663677587436,7.771405291706602e-06,0
0.012053056187397954,0.0011276222365455624,0.7764507730567257,0.020764378717256463,0.02317062345976172,0.004167969095894026,0.009044283834315934,0.010446299132004812,0.010275878905855804,0.1324991153742416,2
4.978618916071071e-06,0.00018949092448014245,1.069830018006441e-05,3.379883068279763e-05,0.999595054123212,9.550677816378513e-06,8.624333254582331e-05,2.6436081284443314e-05,1.1146966915603165e-05,3.260214396663886e-05,4
0.37567228428824534,3.2924517682271005e-05,6.26390658816521e-05,3.2702200619682365e-05,3.77370066361407e-08,5.881584827148402e-06,0.0004802800713152372,0.6237117362574914,1.3449282479644217e-06,1.6934868291711082e-07,7
0.04733567402421505,0.009893982213170244,0.007367735055650322,0.024636965522127928,0.0006832834374283066,0.003411383629891451,0.044321425196972165,0.8333321854717443,0.026834120026961054,0.0021832454218390558,7
0.011017421697997689,0.0013075485019979531,0.00021275500629812057,0.001320408000441162,0.0010436168133813378,0.00038185901938577333,0.9247741613115216,0.05748660868280657,0.0015537031944313623,0.0009019177717386565,6
0.14847895347042525,0.006434867540570378,0.13341988487653753,0.022921074425642833,0.09319026311680667,0.01076820493257393,0.005251280356148665,0.012434174286683744,0.2804638316320194,0.28663746536259144,0
0.037329950962155634,0.0006708048613097384,0.003437811656627435,0.00506186926084012,0.0008326339056808407,0.0030297255744918357,0.9250709190592468,0.018676038906977794,0.00459188573455141,0.0012983600781182718,6
0.39119327938857945,0.019209193311439544,0.027338609590590094,0.5126277145468744,0.0038966193833700888,0.006103981899300184,0.00377474918799007,0.02751016281621208,0.0019460323124254758,0.006399657563218249,0
0.6176339572667638,0.017542856980456947,0.136041056270172,0.02419951909053126,0.03503621457820431,0.020469005763069637,0.003072441423522963,0.013297335907671156,0.05533759114253335,0.07737002157707422,0
0.8199150845640012,0.008025842500675166,0.0062506418221823816,0.002098843257574519,0.0023970212662627693,0.01813314225995661,0.011763621065331114,0.12456934576687742,0.0031338987844462974,0.0037125587126924505,0
0.03474839477925654,0.00340673336888328,0.6950396716545313,0.00781158176102446,0.020522169455247565,0.009616394003388347,0.002169738353776626,0.004758447467260944,0.05909638416230352,0.16283048499432726,2
0.0031597154558103933,0.000323523361105585,1.528489037122473e-05,0.00024214916035721526,1.2827642986266687e-05,0.0002511180273863339,0.9087680181488892,0.08617539397293628,0.0009684401212841841,8.352921887329605e-05,6
0.19963552633413964,0.005752614684347036,0.41353753685582595,0.0594684438951944,0.061216731278769324,0.018432559441539063,0.0030735488427851856,0.009337104978524843,0.07094000662980154,0.15860592705907275,3
0.01244996436836016,0.005004575357659399,0.5761088617362892,0.060555038541310446,0.05301283049963323,0.0035452514821323103,0.004226258067670093,0.010690110314018151,0.1249422571719477,0.1494648524609792,2
4.375689116759229e-08,3.096569486218308e-08,2.2582434075596092e-08,1.5544247515608314e-08,9.242054284081854e-09,0.999835873695802,0.00010297589286876293,6.029455715467858e-05,5.630799087969553e-07,1.7068294392020645e-07,5
0.002095957310677401,0.001996527871507759,0.009229220183500662,0.004412763132244579,0.9604763591121941,0.00045998488662867063,0.0029663663515857126,0.0018958155868903281,0.0013491546385774283,0.015117850926194222,4
