0,1,2,3,4,5,6,7,8,9,Y
0.013113073027092647,0.07059631675982186,0.016842448890275624,0.1258838188829088,0.42083212488975985,0.17658153996009174,0.001429964356608706,0.07944868544285177,0.03690940141962093,0.05836262637096836,7
0.9999830278433868,1.4661943638801795e-07,2.8401476761954434e-08,1.2210882512371422e-07,3.280288097513586e-08,1.4262376396633615e-05,2.576074234639472e-07,1.924500533211341e-06,7.514704572202471e-08,1.2259259487472997e-07,0
0.0007088191119442813,0.9938694881312398,0.0004191480801022972,0.0005868012410966957,0.0003124925123680476,0.00380585962800094,6.815514709673056e-05,2.8231049039857527e-05,9.209357657126428e-05,0.00010891152254000487,1
0.001520528120320614,0.002474152651631788,0.9645752910850667,0.006867631171312553,0.0093983814520858,0.010025956833694633,0.0005915056520164472,0.00191590947460373,0.001993014453949315,0.000637629105318537,2
0.043802488513935436,0.5202938706937835,0.1538879887238676,0.042856131296364605,0.03672081676086887,0.08866685224691005,0.025174757781712968,0.07630562068023954,0.00410942641541418,0.008182046886902994,0
0.9978891621066989,0.0001152510580395964,3.202815438454415e-06,0.0011548959129046071,2.4244376846685584e-06,0.00040298412080728817,2.59965619703134e-05,0.0003702918455582145,2.1132102824824895e-05,1.4659038073150455e-05,0
0.05359269567066102,0.004239683264723561,0.0007207839234396278,0.009561559130171484,0.8633746983896461,0.03233609976102459,0.00038281301872253315,0.023076191371999923,0.010145640693714658,0.0025698347758963923,4
7.481649694593605e-08,2.4717616660642464e-08,1.307694039717831e-08,1.4541771418912502e-08,2.7026186237477783e-08,0.9997182784869881,2.1013202781616906e-08,0.00022031953453975078,4.519569051328351e-05,1.6031095744138193e-05,5
0.0073523215792384786,0.00848467438596071,0.0007881715836652228,0.0001431148343256654,0.03951694237040855,0.931358356132148,9.336689472349248e-05,0.01065525084952165,0.0004503134211113009,0.0011574879488965466,5
0.1257027986210548,0.05636454342591272,0.007329334641828218,0.7204475073400322,0.006167842704065328,0.024046281974191126,0.0011526973834202346,0.04635251462527099,0.007804467856366775,0.004632011427857662,3
0.01654995414072804,0.039716095531679825,0.0017303248151324443,0.0082260088875672,0.7638597991146048,0.060976749707574295,0.002324064136783651,0.07054513196416441,0.025020942223430754,0.011050929478334784,4
0.5787707176832637,0.04007321571532175,0.003326159949939932,0.009322002270050764,0.0076437861967368756,0.25812502211100796,0.0004881867759868835,0.07670213168149236,0.011708895550212234,0.0138398820659876,0
0.007386483271048254,0.01415180242065533,0.9115448897057827,0.0043186969348320255,0.00489946428721588,0.018933392555983926,0.0013263875518137673,0.018989568743741417,0.015282614274654703,0.0031667002542714773,2
0.02588199041922199,0.04980013443919258,0.002014702850519066,0.023993270835307747,0.1957407156766918,0.647356859893618,0.00147798526238064,0.03802959543358726,0.0059555786370762065,0.009749166552404443,5
0.9919678315979548,0.00035556887104873494,0.0008978065334735836,0.00028278607089857676,0.0002964570646078958,0.002030949752567854,3.6296523998636653e-06,0.0005326812936590663,0.0036069402804631084,2.5348882927124447e-05,0
0.0033104587468832133,0.9904485308522188,3.185342770060948e-05,0.00013008479851426581,0.000682817799538121,0.0007453915029406061,2.7550095197110755e-06,0.0003455937292053612,0.0038127486729776596,0.0004897654605022289,1
0.9999488299007488,4.858565968251195e-07,1.3630900223501132e-07,1.4936180321287525e-07,2.761938148720472e-08,2.5740111018566574e-05,1.568388886308692e-08,6.217082713990607e-06,1.7239146231425913e-05,1.1589286148805857e-06,0
0.0005648281598390924,0.9679591453083147,1.978966322429203e-05,0.000804709115552148,0.01648396404197053,0.004303817167828144,1.4064036687687967e-05,0.006118647033999407,0.003443150332343077,0.00028788514024077617,1
0.9999707546142812,5.661559593777533e-08,2.345624731484905e-08,3.6292869305295566e-07,8.482672828354392e-08,2.1834658875048723e-05,6.174427284167647e-07,3.1615583205051573e-06,3.305983053712525e-07,2.7733002254042063e-06,0
1.0270270401984106e-09,1.1269801296449651e-09,4.803965234151042e-10,0.9999882804842273,7.36604365227873e-08,1.4197821681947052e-06,1.7505562804311246e-08,3.369440113687925e-06,6.252878740858027e-06,5.836143469637989e-07,3
0.04091168007824065,0.008284100122175552,0.0026379766981072038,0.8148621927014099,0.012693844053350547,0.08455097251610373,0.025252103003187514,0.001239248161350339,0.0019274150329830599,0.007640467633091111,3
0.0003124357691018109,0.9930447496256214,2.3078786293000692e-05,0.00011144428531996553,0.00024970415496324846,0.005607213898965275,1.829258341222102e-07,0.0003490681274112491,0.00026182754621975737,4.029488026990402e-05,1
0.3961625278816357,0.03359493787355785,0.5422919266838122,0.018472502226290637,0.002366306880633917,0.0036553405296307615,0.00026888121467419775,0.0015873210959222786,0.0012594947253450363,0.0003407608884971139,3
0.0005942336564986033,0.9975894247862173,0.00010596333452254977,9.61004713904748e-05,9.021303199414103e-05,0.0013051722536971922,2.403575499154855e-06,2.444341544285135e-05,0.00016674444190909433,2.530103282804478e-05,1
0.9900584545964617,0.0008650004964313167,0.0009715075114392267,0.0010419970406300248,0.00034693076234293993,0.005846165404230787,0.000670398976534809,3.8139737795269196e-05,5.1428119748686874e-05,0.00010997735438489574,0
0.10738031874393719,0.8838145732645931,0.0006723366701452554,0.0005942539834215945,0.0014499261960963612,0.0019075467959150097,0.00017329283786556742,0.0034473833853416007,0.00018338391672971903,0.00037698420595486034,1
0.05161368769391394,0.7603664235152232,0.154841094158383,0.01537757710017692,0.0008041318893352347,0.015079579219160335,0.00026458959864318626,0.00046653412184146867,0.000822484286397373,0.00036389841692599994,1
0.9862280278201249,0.002214027073384238,0.00047861086231447994,0.0026748943738102234,0.00023468000517521496,0.00768891835879598,9.990820797840019e-05,0.00013296993656567132,0.00016798802475347487,7.997533709685063e-05,2
0.01208897189433694,0.9591008938467454,0.0011859511577436235,0.00288175318462238,0.004027528364901454,0.01809281711822299,7.103851613228133e-05,0.0004876887235418278,0.001964201871210867,9.915532254165489e-05,1
7.806386165311217e-07,1.5322779791572957e-06,0.9995224787940487,5.237643608687168e-07,3.4699647243878603e-07,1.3330282433294728e-05,5.388407859497355e-07,1.91644744226589e-06,2.4071516482431437e-06,0.0004561448062124498,2
0.9999969987536163,3.8558648222837443e-07,3.304369888217343e-08,5.26161229614152e-08,2.4859559449621964e-08,2.366382763109413e-06,3.4437932217695294e-08,3.097901684579052e-08,5.93280149510591e-08,1.4012792892221261e-08,0
0.03176533149482078,0.06910658990358504,0.01849105974379301,0.049760750551142506,0.09882691149170726,0.4904605491426297,0.0033545601441229396,0.19174171210093147,0.013466938334369658,0.03302559709289789,5
0.9630381867082127,0.00247708979983541,0.0002614513071635394,0.002519458671670136,0.005697291294314333,0.02226806954657781,0.003124896863408803,0.0002630425000573404,0.00011979076525413952,0.00023072254350625096,0
0.9954891458910708,0.0003012559146278516,1.874014308368936e-05,0.0007055904422430511,0.00018220861579395785,0.0007192032571976849,0.0024012760496421514,0.00013181546684817177,1.9859900600237842e-05,3.090431889169387e-05,0
0.005550582866913725,0.07620526071441829,0.038947572811402646,0.0030155455460233937,0.30795643345264373,0.14065083313446483,0.002024622858232424,0.1213674764312451,0.28727594606233997,0.017005726122316118,4
4.4895984322506546e-14,3.3783050129980613e-14,0.9999997791826798,9.905544974972273e-08,2.0435029464515095e-08,1.1117726561633607e-08,1.2500490759273703e-08,4.01398902831781e-08,1.8340313689293824e-08,1.9228340868650745e-08,2
0.0007926884058990957,0.0001872892032590145,0.9977492521956626,0.0012593201622728405,7.430211599918392e-07,6.470977735518698e-06,9.441303748250856e-07,8.17835424297134e-07,3.933472329739445e-07,2.0807209790648287e-06,2
0.999181568934254,0.000178459561401881,0.00011563487230917678,0.0003690239478629652,1.8298882103997223e-06,9.04649807408922e-05,3.0529016767628503e-06,5.075143079351919e-05,7.028717751422895e-06,2.1847649990217345e-06,0
0.009366103640258293,0.011838354556824268,0.0006767126150458653,0.004385998173477604,0.857627218264684,0.018020916685256728,0.0018084810160765373,0.07912916247952892,0.012351216924349857,0.004795835644498272,4
0.9999948375965557,4.662944669366699e-07,1.8822533901612242e-08,5.2485242504895396e-08,3.014757236596883e-08,4.4567336787591436e-06,7.16276659095756e-08,3.179212164845376e-08,1.586182627586532e-08,1.863833589951369e-08,0
0.28892035514307424,0.22640140375221632,0.013741685559799224,0.05037538319323417,0.21332225159335602,0.10943636929439626,0.008500701847918807,0.02897439294884413,0.020405132768956284,0.039922323898204645,0
0.01504705259692908,0.052034487631727605,0.01905737010364608,0.03836522924237183,0.15059526358394218,0.6376727298771393,0.04686735433318863,0.010124910793005423,0.012548576059970841,0.0176870257780788,3
0.9990849325586669,4.441499191538117e-06,3.757225767823831e-07,9.251046487222033e-07,2.2793451884726066e-06,6.84030762872244e-05,3.84629654020321e-07,0.0007694863372466719,2.66339887210915e-05,4.213773781863972e-05,0
0.002084613112645232,0.0007314429309568454,0.9970891958155308,1.757540622605073e-05,6.677238340942774e-06,6.059063068360966e-05,9.577235608640313e-07,6.822382593050109e-06,9.318724841744606e-07,1.1928869787283486e-06,2
0.004851369259496069,0.4571021142363156,0.1272106850420629,0.30006798258578843,0.08119565689152472,0.016481499104321447,0.001311608951307599,0.003850991125217491,0.0021525719071045545,0.005775520896861538,1
0.5442533352351934,0.16690564089856888,0.015532347696576531,0.02145066145261355,0.15332119487403062,0.05299069145360742,0.011315988688923372,0.008651505030270349,0.018213420085259065,0.00736521458495773,0
1.7282072485578437e-07,0.9999019671136078,1.114605253573955e-07,1.4788205395153384e-07,7.518512235893572e-08,9.714656496690694e-05,3.3804486649843775e-08,7.060915959791679e-08,2.2510567435876712e-07,4.945367835220568e-08,1
4.063277460458564e-10,1.3864749815287114e-10,2.2938693198488194e-10,0.9999926869984469,3.198412582250513e-07,5.583755434863454e-06,1.1255359573875022e-08,1.9235086818730863e-07,9.954211951849676e-07,2.0960307469756936e-07,3
0.2493558678980659,0.14631011258139193,0.002664695570805419,0.044315385806138245,0.010799807647032629,0.47368811951046813,0.0010962026108161087,0.03637594637601528,0.03172111092948017,0.003672751069785831,5
0.0004963673240519182,9.555268590285869e-05,1.238356088677304e-05,0.00041780072807347615,0.9895471214068325,5.722370303843247e-05,5.448909757263231e-07,0.0036955918017957307,0.005604085438079958,7.332846036201934e-05,4
0.004958765070635014,0.3448817048968939,0.0009131858821852374,0.006521264788866924,0.5978369775678574,0.0061072611793697865,7.522063823272634e-05,0.019477143068021834,0.016106941691274447,0.0031215352166621465,4
0.024918657644055913,0.9000737455953126,0.019389651680423576,0.033748327943237094,0.001766705257250743,0.018307111352930727,0.00025640850636915056,0.000676906099380753,0.0004921737792292893,0.0003703121418100284,1
0.0012675310117864873,0.004762207139442757,0.9884007781236863,0.0016103206406980126,0.0004615457473795076,0.002804967191196109,0.00020430824645430542,7.515621029654547e-05,0.0002659304661561312,0.00014725522290353526,2
0.39006356738995024,0.09307132101796194,0.010165862839573065,0.007079862286213897,0.11650487772299052,0.17277130819626305,0.00196156008570396,0.15554868902699345,0.009990474717800771,0.04284247671654891,5
0.05517589295596548,0.19604617154657028,0.09818513783324186,0.0425603381890742,0.08526663718215935,0.41884985767337113,0.06289124960244206,0.008169243401922209,0.010522006754390424,0.02233346486086311,5
0.013238820978846632,0.041269433856818846,0.010681574238524064,0.7212001347259589,0.06541064175565778,0.06749806008715585,0.003223027302276592,0.015811807039104585,0.05837128253029285,0.003295217485364079,3
9.577922089624476e-09,1.3682106695811097e-08,0.999946653919372,2.0966655130166738e-06,3.570280943485387e-07,2.699910092090696e-05,6.025369290569564e-07,6.041284763014641e-06,1.660574099483087e-05,6.204633844476948e-07,2
0.007255448155857934,0.000849580585374022,0.9862827397528868,0.002717168726546218,0.0001323492924603441,0.0008662638675925422,3.5747911016026494e-05,0.0007729081175680106,0.0010327929565570307,5.50006341405921e-05,2
0.004331346978655371,0.9512584467531561,0.027979184409888645,0.00713956082281913,0.0028195250910586964,0.0004578256006946373,0.00010170379263689996,0.0049079223533927355,0.00026084020142236477,0.0007436439962752019,1
0.13147050116719497,0.007105555837878291,0.006730000737435939,0.02328264754887679,0.0015584042661093956,0.00148155038566475,0.8266525554314704,0.0012008686449698973,0.000327115581398401,0.00019080039900126896,6
0.7591351352874282,0.0787695508027358,0.013642909591279092,0.017525617803942326,0.0010631050075944504,0.0019195754127192093,0.00037455398393754924,0.12100792207103908,0.006114854356527683,0.00044677568279636275,0
0.01618205225224769,0.04996858254985059,0.01995270958989179,0.034860620056635316,0.20316281391681051,0.555774252582197,0.02958866906640902,0.012370481505404863,0.035665858673384024,0.042473959807168504,5
0.07377425153675658,0.06537639434046028,0.02258920978878091,0.35905299783651373,0.07308665486160862,0.3248009481942783,0.02285759264604595,0.005970836530937225,0.022058663347780158,0.030432450916838022,3
0.9186902222803202,0.0002191311267744955,0.08048865085135949,9.423507129784735e-05,2.6304533667181394e-05,0.00018795383973595664,0.000232297559304102,5.0116808358626346e-05,8.441336424308522e-06,2.646592757605285e-06,0
0.00755502435193899,0.9821457332804487,0.007144896164788905,0.00019768632514620784,0.000177790273594091,0.0022402228098961346,0.00010011209518898498,0.00012663900154655738,0.00023115478460957215,8.074091284176185e-05,1
0.0220278564988082,0.025415492171507143,0.02365323053222616,0.7630686146121445,0.015006748771987365,0.13481315257043675,0.006151510815411044,0.002100989551986383,0.006642992671943597,0.001119411803548927,3
0.057126338380471944,0.5682334150395707,0.01857197947042228,0.018623406519629022,0.24149795138896873,0.05596102532997253,0.004874814958124409,0.00958431983268804,0.020077200569054675,0.005449548511098429,1
0.914122527048867,0.02141826245493039,0.0023299064406776897,0.002829790415275133,0.005101204682936387,0.04516309867838057,0.002580293511125613,0.004223959741710983,0.0005369898737929161,0.0016939671523039227,0
0.227482013947601,0.010378944279167671,0.5129368002394945,0.2342877021903298,0.0036306854455911055,0.00333312290262512,0.0033809709802928895,0.001635203008523635,0.0012998290164887454,0.0016347279898854211,2
0.00010444215697319855,0.0005948157310675886,0.00024117214018719277,0.9977479146996974,0.00014305343616946245,0.000979669759374015,7.420629170870773e-05,6.17259997728149e-05,3.075683089989264e-05,2.224295414965889e-05,3
0.0013828503418661113,0.0019158426200168266,0.0015098643283675951,0.01568452631174687,0.9720939890434672,0.0014705493943204756,3.8989063779178305e-05,0.002546711530534516,0.0029421363971331564,0.00041454096876802514,4
0.9983637972254543,0.00019101844986737156,0.0003482034731666168,0.00028110185895417137,0.00017487938995172813,0.00019064165860418355,7.744871935335736e-06,0.00033816279714391417,6.626270797189874e-05,3.818756695051974e-05,0
0.06767326650721982,0.008973801692328018,0.003697787327266874,0.08444550996194775,0.8122896979293004,0.009164523290587038,0.0006313647165617344,0.008937636322252999,0.0016408155328350381,0.0025455967197003187,4
0.018783336384240873,0.0023073098304146806,0.00048219665623025834,0.004091961152782627,0.5201187762840839,0.3963760471114334,0.001394719041764329,0.025287887409035006,0.029329355142221774,0.0018284109877928305,5
3.395939777644038e-08,1.899584716746627e-08,2.866234810057306e-08,0.999940026187548,2.4270761750593883e-07,4.8128976906073855e-05,3.9000076317204994e-08,3.5398962657708094e-06,7.425617072440459e-06,5.159969206419195e-07,3
0.0335001577522517,0.061314285729360145,0.6117143769615817,0.022294120987272216,0.054009671544789126,0.14075523350319682,0.037815151227399084,0.015156072228614276,0.01637363449430862,0.007067295571225843,2
0.05367990106672273,0.09049488830806746,0.01723255766850067,0.15384037021212527,0.011744205529326283,0.06002826522550492,0.5903746540156732,0.003963632409202159,0.007040831394364062,0.011600694170512332,6
0.027070347929583176,0.08645067329957493,0.4185556213602796,0.040255638437087876,0.03961059540927233,0.16105146555239735,0.18880171278901117,0.007861972135293122,0.025327714305467448,0.005014258782033339,2
0.013742360097077626,0.03361206715128774,0.010357889049169356,0.025096824300962314,0.45065410892727836,0.3911280299934344,0.03356298031841022,0.010840414413183662,0.014521957559603628,0.01648336818959265,4
8.045223347249373e-14,4.435227062740662e-14,3.491529825774597e-14,0.99999988093552,2.7115670340504366e-08,1.6638700057953486e-08,1.6613578409478054e-08,2.7757161836096968e-08,1.735809603295807e-08,1.3581113724325874e-08,3
0.9965690995717943,0.003042753616580388,8.920372125403467e-06,0.00019300287153793257,1.3188292427792745e-06,0.00013311769744055833,6.605112677092984e-06,5.844095046821706e-06,7.018912004456275e-06,3.231892154979617e-05,0
6.9657535915926564e-06,1.4290031219568323e-07,1.3138909628300716e-06,0.0004677367957356784,0.999523316303688,4.7425401186374335e-08,3.5097304825039734e-08,3.393913714700638e-07,2.6987844652539422e-08,7.545378767240162e-08,4
0.4538988269015533,0.33344769422614695,0.1275230102641011,0.021180183642644786,0.010030118676491935,0.017359087945305718,0.002492168823443375,0.026344100927856228,0.003934738319203152,0.003790070273253558,1
6.98740663169078e-05,0.0002911265722551829,1.4605375810507563e-05,4.065136257494127e-05,0.9346896807150983,0.0013098376221654703,7.889068023523651e-06,0.01838047788946849,0.03304245897626917,0.012153398352017689,4
0.9999992237734524,5.2466313753265426e-08,3.2877543639428356e-08,1.022035923994468e-07,1.9542620878580957e-08,4.165454549696945e-07,2.8822916841938404e-08,9.181090071271181e-08,2.0186497255529656e-08,1.1770707214185889e-08,0
0.011978460075754205,0.0019915839136953367,0.00023551817567293065,0.0019088374119607624,0.95941341814492,0.017254890666488186,0.001736454142261362,0.002332318772891169,0.00029729145309771363,0.002851227243258673,4
0.035780199774032115,0.14966446075291864,0.003396957103531274,0.02342678294522549,0.2566236357323132,0.09848702012868005,0.002203212424438664,0.21828735128674287,0.14381854417362155,0.06831183567849554,8
0.9996204117483357,1.5130019968882273e-05,1.2452114399581601e-06,2.963215798684594e-07,1.581669288628046e-07,0.00028235081817250257,4.155114234748854e-06,4.381247921749051e-05,6.878149524898642e-06,2.5561970597212738e-05,0
0.11678923863719805,0.12768049720782734,0.0751161136579424,0.07739088763540816,0.06388733250105672,0.13235504126821335,0.38015870603337576,0.008988612746213367,0.010338175007555106,0.007295395305210086,6
0.0023492841784832326,0.00013577398014510777,0.9969932735426819,0.00011789682495624452,1.195571813049403e-05,3.512682756759801e-05,1.2337813993838346e-06,0.00033488207248541274,1.8248530675366974e-05,2.324543475009281e-06,2
0.00017051769807527428,0.00013775034799140228,1.9113410587419736e-06,0.00026302615491666703,0.9954778443866822,0.0018085156850305543,1.2125905569431867e-06,0.0019477615896718592,0.00016165568127994326,2.9804524736518636e-05,4
0.9999798316411995,5.153859363432564e-06,5.734905714234674e-07,3.4573233021446046e-08,2.4201725452649976e-08,1.1274665573486667e-05,3.7115679060176354e-07,2.534459623295687e-06,1.6382048163524704e-07,3.813143807999403e-08,0
9.373251132985117e-08,1.2387804667456325e-07,0.9998896790362815,6.127252691705734e-07,5.338247883392937e-08,4.3149951546218325e-06,2.5428396390988034e-08,5.590228709999602e-07,0.00010382711654334836,7.106824469476496e-07,2
0.005658373448150184,0.9707925691874467,0.0025034383327114896,0.0026655395694262837,0.0023349984562559267,0.002709838016118734,0.00015369981586276649,0.0029020616110133,0.009366386039340641,0.0009130955236741459,1
0.007139120872478851,0.014123361752784456,0.0011090023288221847,0.001486204749477743,0.0448421111669743,0.8991124804562202,0.0010424105572434286,0.015607700134831044,0.010501757248971212,0.005035850732196707,5
0.02539467914270501,0.061396699584269056,0.007135547193507679,0.04484716327846062,0.33518270065202893,0.42801309875950894,0.016551123806254862,0.018144429648769014,0.039188157039970084,0.02414640089452593,7
0.9961866467193624,0.00024107701268719645,4.620250943168684e-06,0.00047148989940775483,0.0003870464434431348,0.002531013263156137,8.178090776646236e-05,7.622730511474785e-05,9.337811289884826e-06,1.076038682886953e-05,0
0.06917162516766406,0.887842810562361,0.02446549823746901,0.00624182610827255,0.00197865158396398,0.004265757975682258,0.0010214782941156083,0.0016563330768848904,0.0018315303108352257,0.0015244886827509674,2
0.9581601459332223,0.006287404011619828,0.003754850435691935,0.010168426359312232,0.000838267830864663,0.007767367496594363,0.012145278868578784,0.0003957881330881192,0.0003143822181229171,0.00016808871290556723,0
0.919803843715745,0.017487507035813248,0.0009583057927151441,0.0020079555555715563,0.0021677878191315317,0.005721236100476691,0.00011835419571951289,0.011376770446150297,0.03933990046561936,0.0010183388730577887,0
0.00623900470911231,0.9705473393129496,0.0009691090256002447,0.00027516289756980707,0.0009233542215069977,0.0025340974950671343,2.0914641005770917e-05,0.002861848934161065,0.01489087788940547,0.0007382908736214635,1
0.0014048611592890096,0.9832088713290614,0.00022894850583388314,0.0007259250778718824,0.00247302361270616,0.002794769794379149,1.728972891415839e-05,0.0043635203906774184,0.004669099161284745,0.00011369123998187409,1
0.007172982394588095,0.0024870659957815637,0.045202942971932294,0.9319327384067222,0.0008275974868501519,0.008916051847539547,0.002298611937102742,0.00033156622870259087,0.0004481510970210227,0.0003822916337598048,3
0.031552464693044235,0.011361504982281438,0.001847857479329085,0.800309977672065,0.1169968463507519,0.021529354433495337,0.00036925537706488986,0.0027784092880356747,0.011268808230991446,0.001985521492940869,3
0.048620293117904716,0.0693453573895556,0.00257130952411101,0.013241200660771965,0.019624505021101957,0.8386500641213023,0.0007281625574491677,0.0014428386247839564,0.0037703238166474913,0.002005945166372041,5
0.039428417864641484,0.09199523360987798,0.04915207405552719,0.10453936907547272,0.16917859184606937,0.35855159745929954,0.04221686282785984,0.05149908616454782,0.07035861541115415,0.023080151685550134,7
0.9999968423199365,4.571773100878663e-08,1.0008373362601255e-07,3.945438487213565e-08,1.5421934329842077e-08,2.050141626539988e-07,1.337251366322234e-08,2.575929316393335e-06,1.350493869774494e-07,2.7636900174132457e-08,0
0.9997926213299283,8.008536240240003e-05,6.363003293483788e-08,1.497419404233457e-07,1.1583288779667859e-06,0.00011132109851736164,1.1725553137741016e-05,1.3938531073366418e-06,3.6586374878413833e-07,1.1152383069114928e-06,0
0.008626432908525123,0.9884524611880782,8.84912763305883e-05,0.0001647797532208458,3.3832217946525665e-05,7.069157818439419e-05,1.3401406747986238e-06,0.00013946058782765428,1.4142101877002895e-05,0.0024083682473348667,1
0.9999720522853688,1.4749543129852434e-05,1.924931423983913e-06,1.2848180127220997e-06,2.4328406254143552e-08,6.7355488029278585e-06,1.1744476296886989e-07,2.244178588978559e-06,4.010843724928627e-07,4.658371311126399e-07,0
1.3556534621863913e-11,3.0558538006515396e-11,0.9999979197742217,4.4408149772826205e-08,2.0696779719838925e-08,2.6042500536438082e-08,1.3039522448284304e-08,3.4188780197928987e-08,1.8782526043900662e-06,6.355332636141774e-08,2
0.00014814011789122985,0.0005902730376670978,0.00021363744548310055,0.0005089318612126703,0.9665932411423436,0.0036059815130628356,1.0427616331540143e-05,0.02593936617752656,0.0021099862561899814,0.00028001483229102715,4
0.30783161454472846,0.041471661587304406,0.008757254342530515,0.017779443036136735,0.18876077929647653,0.040280565177744025,0.005270024728976426,0.2783262948752384,0.09743905572392929,0.014083306686935434,4
1.0033086064247515e-06,2.746924938110229e-07,3.617627157769001e-07,0.9993392292307232,2.5382588711901443e-07,2.055146262474533e-06,2.1640335478595533e-07,0.0006538392649911917,2.6236283477346628e-06,1.4273661751482668e-07,3
0.9999940286993539,5.2959781573410546e-08,1.0063609629732117e-07,3.760004900124178e-08,1.7654915184962562e-08,5.298897118038442e-06,1.6050534314707482e-07,1.9130689522866064e-07,7.206588322341982e-08,3.96745643022881e-08,0
0.007546001861542851,0.0029848754891079075,0.0004322408094081609,0.002241245158172342,0.8875558354098442,0.047903937203696845,0.0006449958865473455,0.04280119629162578,0.003417549035559741,0.004472122854494873,4
0.9999556890360093,1.5784702217689074e-06,1.1734050922069633e-06,3.9905945816684034e-08,2.1389319546897312e-07,2.6552896076757303e-05,4.9820624168747246e-08,2.684858402278172e-06,1.1708931881741061e-05,3.087825506004774e-07,0
0.008193601377873375,0.0025843269892102914,0.9636651271222682,0.0004075488521078083,0.0003721910095188138,0.0010498785386386566,0.00019772586508013027,0.022468335589514086,0.000865207242739099,0.00019605741304962662,2
0.28804700732198846,0.01895245332905379,0.003723001405233313,0.0028602344209486636,0.6110564104048823,0.022218822428137795,0.0004969305875813752,0.02326065544067942,0.025620768699212548,0.0037637159622824767,4
0.04389554687363602,0.04940173703915022,0.012219337260916736,0.010890022963203592,0.043584368709997046,0.7815381496077952,0.018893330485316575,0.013915274876581781,0.004866747297419827,0.020795484885982762,5
0.07617103126353589,0.05755737680252269,0.66518565176948,0.05605427076638339,0.011743646173907387,0.08573364497658174,0.012653845367575953,0.012761941115513901,0.005589579540698351,0.016549012223800837,2
0.9421780682183982,0.007827167927758326,0.005346442037284125,0.009858943348137413,0.002184596769479751,0.030547023965340404,0.00031386003617137114,0.0009529634202726899,0.0005495692649729844,0.00024136501218424496,0
0.020723310093872353,0.10856254063479831,0.4375227439780655,0.09884485260565999,0.14339619641690268,0.0624484891481398,0.0034148510658221862,0.03259083375835081,0.08599809335107605,0.006498088947312414,2
0.032493379696765266,0.6073301811451284,0.008620412621744998,0.022060356966663884,0.08789718004108724,0.05905577344600996,0.0019860720882873147,0.10399656309637204,0.03776159090243812,0.03879848999550302,1
0.007566504461634681,0.0127275155594587,0.0017377900286044848,0.004118050202423361,0.8752347604566432,0.07605567671058915,0.006443656482988299,0.0024582954012153683,0.0046790238451184085,0.00897872685132429,4
0.9065318731006505,0.020541994924096876,0.013536836511122433,0.015450554761750624,0.005247816317714851,0.022060177878317676,0.0010030410379701983,0.00298108973707282,0.007112088994577512,0.005534526736726896,0
0.0004941033674402843,6.942360176775614e-05,1.2045353545498772e-05,0.00013133908799053742,0.9848315284458554,7.543114676552839e-05,1.8665333371567637e-06,0.01164175960252974,0.0023846935330258637,0.0003578093277423008,4
0.00037092813242678235,9.166058203214023e-05,8.998504611050127e-06,2.4460383480873476e-05,0.9892678525199472,0.00032367358891463675,3.774491053518555e-07,0.00977262628794403,3.625440388096943e-05,0.00010316814765682581,4
0.9954590488938383,0.0011583860960656823,5.3496062411562054e-05,0.0003060144786623315,3.472503829588744e-05,0.0005321553748886631,0.002311227201462687,0.00010213064362515351,3.208195930378259e-05,1.0734251446021101e-05,0
0.030277347744295052,0.06203288871162367,0.017103000272075643,0.04533591631176177,0.18790280355411265,0.5795189695310234,0.03156684185946401,0.012221526794580257,0.012766312010527239,0.021274393210536403,4
0.04223854088451961,0.9297473196160038,0.003231225073189853,0.008186048832544856,0.0008912607683606084,0.009217670709204165,0.00013174343832920142,0.0015850676203766796,0.004086567393264812,0.000684555664206171,1
0.06436033059280469,0.7762717730007904,0.0006624426869714444,0.15079363496972054,0.0006764458259654573,0.004432852771666763,0.00029373959103290524,0.0011506245143398006,0.0011904137793859392,0.00016774226732230038,1
0.9912330698590911,0.0005911265977804807,0.0010843896610769135,0.0004373044566175863,0.0002523339053396386,0.005043603102839325,1.5405488551733e-05,0.0005567062128237908,0.00019751757169190486,0.0005885431441874686,0
0.5655858608562352,0.37163154863651077,0.003405133104175158,0.042276827443230046,0.0017274383078246917,0.005809942966584144,0.0009668348026301393,0.0067805228904712425,0.0003284186727983182,0.0014874723195403483,1
0.0006622687794479619,0.993021078458572,0.00028306417517462976,0.0010301919364855826,0.00022577962351603674,0.00031363773467643066,2.4997024931377002e-05,0.003318715795435048,0.0009202638002005174,0.00020000267156021937,1
0.9716473416033513,0.00968883942189879,0.0009794334782301424,0.0011797692915282128,0.0018506811224703174,0.0004744814268585158,2.724672041559225e-05,0.013606157973437769,0.0001624166072385952,0.0003836323545703779,1
0.006085348459957711,0.056460254006546653,0.9281080132690236,0.0025268318473572336,0.0005312527200751608,0.001655207894269067,0.000121903718582419,0.0017773091355014086,0.002401724196196748,0.00033215475249007083,2
0.22619981215090837,0.03778878643058485,0.003111493832337882,0.028635380170173124,0.10622374028123992,0.009735605834183642,0.0011435453805100299,0.5779755260690018,0.002745998622136912,0.006440111228923084,7
0.046134173927821986,0.06944082683412897,0.002813243995466626,0.0039804819644508925,0.1046187725816047,0.009426753867574586,0.0013345241395351117,0.3584326279202668,0.3988383033270356,0.004980291442114709,8
0.0003707932118724129,0.00012111808481764251,0.9954189134235574,0.0024428520765253426,0.00016425569266773408,0.0012187718859954623,6.266160119390248e-05,6.358312047330442e-05,4.312185411239791e-05,9.392904878473649e-05,2
0.2321621347624154,0.021631624609065654,0.008620035559631298,0.6381390746944378,0.023150965493427107,0.028879352046905084,0.017949822778636115,0.0017103469597261093,0.005336561923929066,0.022420081171826426,3
0.08616757462939288,0.03754751415705176,0.010135909024388184,0.8576922581134928,0.0020706758294192235,0.004554713895307042,0.0008848573248494522,0.00028066432885109633,0.0005220296312234133,0.00014380306602447616,3
0.0003267415992898516,0.00029706976963332984,0.9949195427857019,0.0005201981190007507,0.0001265808249283287,0.0013825984526369941,3.898045527755854e-05,0.0006949074733572239,6.039111857723208e-05,0.0016329894015968396,2
0.0041081138528359165,2.2018907388218367e-05,8.281572171906647e-06,0.9956821010121885,5.020135156606844e-06,1.5352431368678948e-05,6.091427027360382e-06,5.349737657857564e-06,0.00014102250326716547,6.648420937662512e-06,3
0.0019831100673006518,9.027573457442653e-06,0.0007223630509148777,0.997181439376638,2.4155811579812067e-06,6.690470410813061e-05,1.2222247423067501e-06,1.2858815584030112e-05,7.70886338362994e-06,1.2949742713095861e-05,3
0.9403543242572113,0.023479562147887496,0.0042465540723409245,0.002234560557572849,0.001674244556187915,0.007626207106725711,0.00019404444533168135,0.0017413066127317444,0.017471824642901666,0.0009773716011083245,0
0.06675078205924,0.13926390398634486,0.008686789163457042,0.025495509833981547,0.09124835227886079,0.6037386708823381,0.026778014417100503,0.010997142679101814,0.009032793665354026,0.01800804103422153,1
2.3246025439761097e-09,1.4362617273055299e-09,4.630325251671891e-10,7.344373089565331e-10,0.9999497083713883,1.9357755350138607e-08,1.1472519580763334e-08,2.7646070127249003e-06,4.738752639706922e-05,1.0370659298845151e-07,4
0.07125250407094323,0.017023800145544016,0.08309767051748052,0.5967670206643223,0.0301906179501257,0.05360470842621631,0.1375188905851659,0.0037911889956158858,0.002819802774656766,0.003933795869929378,3
0.011769110322573821,0.017270113700174762,0.0028352060000782432,0.004350828851079724,0.5639989603848732,0.03415672671793301,0.00028158727808709857,0.2116809501916977,0.14934760620171347,0.004308910351788887,4
0.9850945261369676,0.0013513085197758164,0.0006564447464341589,0.003731184452503861,0.0003647698677224079,0.007788687455614467,0.00016171115771637006,0.0005288931624866031,0.0001752665465859183,0.0001472079541929958,0
0.03378412622106506,0.01761953985670613,8.589458602085489e-05,0.0007236214900286904,0.004377896806815888,0.9394590262418039,0.0002591776651862639,0.0009771740158225994,0.002349984571386582,0.00036355854516454826,5
0.008802701454477499,0.0027822613876511944,0.0008818307207848316,0.0014435182055263906,0.9712694560860651,0.0066699555701243435,9.81393827165446e-05,0.0018058903873649098,0.0047184887634261685,0.001527758041862747,4
2.3695125804183634e-06,2.2549381430868317e-06,0.9983493513917354,0.0009581732216426694,3.178844974393923e-05,0.0003132620145719944,2.0544327896302533e-05,9.86082865905207e-05,0.00018103211892462126,4.2615738170815656e-05,2
0.017771477627701156,0.016385984426532767,0.00047880347196921694,0.0018154208556419957,0.00594334746611024,0.01029972465539829,0.00038356932327891807,0.03667208761512212,0.028718417941369277,0.8815311666168761,5
0.9999732496161422,9.947158529412341e-08,1.4970534369472462e-08,7.238064284693223e-08,2.9075304130135063e-08,2.2697499751594782e-05,1.6049241631647055e-08,3.0330433736282936e-06,9.971802734984257e-08,6.881753967913256e-07,0
0.9336943929113188,0.016188198348944773,0.004985316147251183,0.004910886646347262,0.0013417163572813399,0.002426932031398696,0.0003893788069253398,0.0015124721125841431,0.0010841597955186055,0.03346654684242988,0
3.61727193318141e-08,0.9999766782765405,5.126687959537952e-08,2.9074286729509155e-08,5.692608354019769e-08,1.9900296002601468e-08,1.7668867778280737e-08,2.28505419132475e-05,1.8931921851212636e-07,7.085319472883603e-08,1
0.003435855029517868,0.0029330167660430893,0.004231620530556705,0.9737916551798079,0.0012571360285355837,0.013385179860308984,9.741229034937514e-05,0.00020012606715042862,0.0004805572120290672,0.00018744103570066264,3
0.07028275075104808,0.6389199953581981,0.004358239830859214,0.02806566387542176,0.05706035603597784,0.10925916644016095,0.004292856330103302,0.01888732934639938,0.062473532337663985,0.0064001096941676446,1
0.06703214978800938,0.06429494073069947,0.04292657741193346,0.07577559783922633,0.1716937088924001,0.45980295680429906,0.035303606276161095,0.018769197771824214,0.03691973840668055,0.027481526078766395,2
0.013763560421909033,0.9514771103758162,0.0037714405972818733,0.00284418754643538,0.003082945834167028,0.01984088703208552,0.002238090632189462,0.0012018059464079607,0.0014776181164429078,0.00030235349726548627,1
0.9684419903457202,0.011744613347195782,0.0007535343858493752,0.0008352282266327393,0.002541351352286961,0.014357801165273588,0.00020880875275865738,0.0006121461264662249,0.0003380134287610793,0.0001665128690558445,0
0.9975065982164123,0.001618284614738015,0.0001913509491203572,3.122030186924217e-06,4.7119869348488e-05,2.3177391544840087e-05,1.9060885009067797e-06,0.0005879681597918317,1.5076476834165786e-05,5.396203522306082e-06,0
0.0021644517336820413,0.01671230604148887,0.0036405934567734386,0.010277366685627908,0.04357088800007657,0.8813254841186441,0.0035512980431355082,0.004536333132094558,0.00998371708831481,0.024237561700162114,5
0.0611410650279828,0.4397076094570655,0.05052386616157792,0.05470178486497421,0.1407974928858466,0.09269198560025797,0.02679698441835022,0.023928026019267436,0.05769089909485267,0.052020286469824525,1
0.9999986176056384,5.388430787975533e-08,1.5278119425464075e-08,1.0320273554485945e-07,3.517045846065681e-08,5.702428613400356e-07,1.926035892668565e-08,3.4622499950286833e-07,1.6644174250357948e-08,2.2248634630299936e-07,0
0.9973324600693599,7.424113015947862e-05,1.2188054089679176e-05,4.7074839402568744e-05,1.1641681816009068e-05,0.0023169129721846687,0.00012833252723330556,1.7061059465120306e-05,2.2147259228133818e-05,3.794040706125227e-05,0
0.04752797682182177,0.9494030726436024,0.0006301043646834072,0.00032538924857868605,0.00011177035026379039,0.0006924853944249347,4.4966380769052935e-06,0.00021208022249932,0.00032280071432861664,0.0007698236017202675,1
0.006380740277156871,0.9469829697193016,0.0009363120258281426,0.003794048974120985,0.0007172500761107376,0.0008472990689734083,0.00025203379368540367,0.0031099148120859663,0.0004453836813237609,0.03653404757141278,1
0.029526420550809705,0.07432663513718642,0.010878561345344557,0.023127488872872477,0.1995425521129211,0.5938521979156086,0.016043845205596912,0.02915510335748607,0.014868569118294041,0.008678626383879746,4
0.9980173788487876,0.0012734373730626796,0.0002138166224432872,1.8705596160882284e-06,2.6060436235465858e-06,0.0003771965835908549,2.787231049889863e-05,3.088440358031425e-05,3.604028204265769e-05,1.8896972754282462e-05,0
0.012972522117084655,0.9821791601902324,0.0024365403789651653,0.0007142846175888995,0.00011989677515884439,0.0011867007489946727,7.412437711782777e-05,7.242889450514929e-05,0.00016599183367059357,7.83500666811687e-05,1
0.0016849463481085146,7.93558859160035e-05,8.411925773084726e-05,2.1084082146713785e-05,0.003775014436863773,0.0004132018829396846,5.922203916334544e-06,0.8417363058867352,0.15084686115265394,0.0013531888629890014,7
0.9994530064917864,0.00021220680533725963,0.00010222189335747173,7.244077363361055e-06,2.145622356117024e-07,0.00021979385721025964,1.8410543288864516e-07,1.5071005715514625e-06,3.287809557761422e-06,3.332971476113478e-07,0
0.9941485162790098,0.0005018332108810298,2.3185059851266056e-05,0.0007333719170653951,6.446611062701015e-05,0.004184139232960734,3.6282758207007225e-05,0.00015546332690720454,0.00011784930981893199,3.489279467151552e-05,0
0.03566593493084796,0.04161976811644605,0.008927820578747286,0.028333391975030296,0.3034277114615706,0.4412210792693703,0.06666318413971012,0.016881809934614495,0.03198670075378326,0.025272598839880117,4
0.0046382007944640825,0.001352980839673574,0.0014908474458977382,0.0012331176523930469,0.014556362454231921,0.005138974128420401,0.00023579533923952302,0.3931944618905152,0.5379310765998924,0.04022818285527192,8
0.03711815143952651,0.10943736867919908,0.01676507598102999,0.02488551295303888,0.09951553334194668,0.6228737249665687,0.043255952012415236,0.011721699871348983,0.013932926819886345,0.02049405393503965,1
7.72765514910391e-08,3.12840592295296e-08,2.1226105136624854e-08,1.875532572826752e-08,0.9998250054656436,2.991756556410188e-08,2.033965487408438e-08,0.0001714199401981196,2.84055393671211e-06,5.352409594569306e-07,4
0.7094534791151429,0.00404191022085852,0.014294209807561152,0.009816689183221575,0.011230813505351829,0.010825482537216975,0.00019049050121910114,0.21984748825000988,0.017061128054388388,0.003238308825029255,7
0.050229715830368636,0.16574891095249483,0.04977265807551386,0.022910598443104804,0.11318887089255351,0.46501741698138005,0.0132545576254966,0.03361257103570416,0.06258028967802036,0.023684410485363024,7
0.005500130852936717,0.025456228188655394,0.04219118288830086,0.002848247562793515,0.7154370954933691,0.005576584424161816,0.00028356238946948233,0.07050645411903757,0.12734357452492678,0.004856939556349224,4
3.432717690151579e-08,3.4276679188784556e-08,0.999954148038957,4.6319420120168956e-08,2.0635247274832813e-07,4.277285170148488e-05,9.814566879071108e-07,1.0202411160184897e-06,6.713940959647439e-07,8.47416924233695e-08,2
0.008529062444876721,0.004706734391459484,0.014106204096986073,0.010968305835582219,0.006265681373246833,0.027138521649505275,0.9239156821210447,0.0008902508978494573,0.0015675863551094294,0.001911970834340424,6
