0,1,2,3,4,5,6,7,8,9,Y
0.0023907931772370813,0.001393427197891064,0.00029025160186672193,0.00032043297040504863,0.0029361875154922546,0.9911931439240127,0.00024362583068131635,0.00016033770984854294,0.0005031706326508545,0.000568629439914691,5
0.0035715803379208267,0.0026716962397798213,0.0012948888705162083,0.1992502629589482,0.0014144044963093738,0.0022540986411447254,0.049222290970199326,0.0653355735482896,0.27537971959630375,0.3996054843405884,9
0.9999997105309949,1.0000007100041871e-07,1.6565893937359108e-08,2.2578461289572848e-08,1.1217594938743434e-08,4.9822089552274196e-08,1.822391216475667e-08,1.2788196096993286e-08,3.66459394335033e-08,2.1626846529433007e-08,0
0.0006382207983709719,0.000574751385499233,0.0005176648862584521,0.4843678419888075,0.0017935673438163012,0.0008983434412325231,0.18237298357812956,0.18535234491545455,0.06364829524734297,0.0798359864150882,6
3.3341192578310662e-06,6.616819634474766e-06,5.29977361281884e-07,0.00045858463929041374,1.0677883503607586e-06,8.349969212613649e-07,0.9778413414514467,0.0003507701184352555,0.0010862802591928658,0.020250639830109607,6
0.2969960084549654,0.010471296828217241,0.1761724209489645,0.024673345548251006,0.06457000751894103,0.32030289470926043,0.04149353999221296,0.033041442890204595,0.0046118295084493785,0.027667213600533543,0
0.0001232079943791302,0.00019565757217438812,6.700597328008185e-05,0.599050429250812,0.0002070065332807194,0.00014375388765396456,0.0157283636004095,0.0009211329911388988,0.37629452759502696,0.007268914601844274,3
0.9999990578427775,7.438194383307738e-08,1.8192421583820447e-08,1.6790180573550246e-08,3.665808392498523e-08,1.0056031687480833e-07,1.6266553169887263e-08,1.1195987025331341e-08,6.51603373305089e-07,1.6508362027309485e-08,0
4.5172584202929854e-08,0.9999237410233729,3.179643991405921e-08,6.253685301281333e-07,4.760132026011687e-05,1.1052075388832445e-06,3.520992834349703e-06,5.553391683687708e-07,4.152135377932666e-06,1.8621643892919354e-05,1
9.038419369505755e-05,9.319165665044257e-05,7.155494325186607e-05,0.013364118377932822,9.552123649671442e-05,0.00011511897498130534,0.012631815516477686,0.15538824130670342,0.008546349829792986,0.8096037039640175,7
0.057174095992700485,0.013347707600482988,6.788024761468643e-05,0.00015274769626480138,0.0002505371473553477,0.9281974907010653,0.00010904144372873423,2.730609162426887e-05,0.00038065961031647573,0.00029253346884718963,5
0.0006130460294185128,0.0006371087196680484,0.0007791028703140251,0.021604601120299393,0.002673376163249975,0.0025208389624360047,0.04829589573257586,0.8993162792329508,0.008983778468350799,0.014575972700736768,7
0.07780737536389917,0.202851801943437,0.0016493733329214064,0.0025120407374823084,0.42563323547399246,0.27705865222949316,0.0024878744667729117,0.0020297480578179176,0.0059840059015496775,0.0019858924926340585,4
0.9998245959923758,7.177245700366313e-06,3.738445947534084e-08,1.2244812543397788e-07,0.00014126823017702504,8.468232226329034e-06,8.017836069004778e-08,4.4508107798032927e-08,1.7301417079604143e-05,9.043633873524456e-07,0
0.015790301358818773,0.003144463565324741,0.09692398147990686,0.16368965884080322,0.21231851645313435,0.06617276737191222,0.2461964641491922,0.1292386444508264,0.009415241154250175,0.05710996117583127,6
0.04751698695548913,0.00535318853280435,0.03430081301393759,0.2696382720057564,0.05767344809843391,0.13574899363528428,0.09881721633974175,0.3007744139351684,0.010420839833297784,0.0397558276500868,7
9.847727904632096e-05,0.000263696930545918,3.9876575067077815e-05,0.1308440800315489,0.00016076643516977645,7.698724068931391e-05,0.01507284315086129,0.008311176840964028,0.8269048367529975,0.018227258763109978,8
0.0027751077280723413,0.0012465434264170173,0.002562442408127268,0.43799437410961717,0.00793052247820271,0.0036232454798728808,0.022457005007008715,0.4310694272579123,0.0085904023314976,0.08175092977327192,3
0.04452116266666999,0.9178065932335149,0.0017580392980063879,0.0019120965081605272,0.00885981993011533,0.019806904044539653,0.0012578521919337118,0.0008886467756172673,0.0012343566696907432,0.001954528681751383,1
0.0007076785978637896,0.0006834175716081414,0.0004910062142194555,0.26476514015519753,0.0008601395421028899,0.0009194983490415834,0.04619915013921751,0.37195024366141405,0.22595538510376564,0.08746834066556981,8
0.004004163712982727,0.0015709289756705848,0.0009791494152651251,0.021331047178008395,0.005881060711165813,0.0022481910536069705,0.8228369846376673,0.07151781947168655,0.015721338531382176,0.053909316312564515,6
0.0004027264245741197,0.001260615609163508,0.0001363145824112672,0.00917125001937433,0.0008116965862427076,0.0006596691435705396,0.010972729934077559,0.6947842767153593,0.025838336651219915,0.25596238433400664,9
0.009084186053514357,0.8681022819146925,0.003976987677693319,0.0005831664964495748,0.09134957968300939,0.020406367358617235,0.0007983285854367615,0.00173561543533778,0.001824445879959594,0.0021390409152894567,1
0.0006242733971260515,0.0006955091647573991,0.0004030731677388204,0.13146917721669402,0.0008411815915794338,0.0010254033240880785,0.03046346719684875,0.6835101798155774,0.12199949768379818,0.028968237441791854,7
0.009924879407492614,0.9568827893681436,0.011321939993949561,0.0010051167010149422,0.008727969744948959,0.005286458389186344,0.0016450441390179048,0.0008063977977581664,0.0023072679600501336,0.0020921364984376736,1
1.1752072785380761e-06,0.9988633244142442,1.3099061562765989e-06,4.580840978561969e-05,0.00025001646951575113,0.0004592002192966047,4.856999003062287e-05,0.00011985352843142802,7.50520604913692e-05,0.00013568979476935136,1
0.010579694908738876,0.0032480586404857806,0.003432680325791574,0.0027034621029837337,0.9492056654488722,0.017683870885177245,0.002044821647211488,0.0019051282215535995,0.0017505231357750838,0.007446094683409757,4
3.830277222875928e-05,4.0266451278605966e-05,5.320441678545862e-07,0.7707692873468275,2.8799448315967564e-05,3.804998573508989e-05,0.0006271831330219526,4.591439878874861e-05,0.22728149172291767,0.0011301726967178553,3
0.0006072485359296849,0.0010068421716003962,0.000299324296465232,0.5397943187532348,0.0011551131598013578,0.0006303883479279258,0.04016776912050528,0.10079493300310774,0.06234745970430177,0.25319660290712526,3
0.0052146405240950785,0.0034395183590768476,0.0023999031006579847,0.24123790882721372,0.010946561139984356,0.014613496572519973,0.04936635577889078,0.18539802741531405,0.06739983943562367,0.41998374884662276,9
0.002854706621540893,0.0021739988984597882,0.0011738186336864248,0.2934145837367308,0.005246973782374016,0.0026284844650504378,0.07766560339470364,0.5558401657614697,0.022183978853489668,0.036817685852494814,7
0.9977079316447466,0.0003120647563885049,2.902359125047963e-05,7.249400319088266e-06,1.590285292540293e-05,4.4019788045907385e-05,9.03117513263448e-06,5.682902746349592e-06,0.0018294905577163156,3.9603330728799314e-05,0
0.034252402933375115,0.005514386400580746,0.001545437967689887,0.002253713073148409,0.010217737429274079,0.929850752697516,0.0045161980529089246,0.0027561680569587925,0.0034727009678423497,0.005620502420705367,5
0.937595431269554,0.0008433770306924891,0.01515067636769898,0.002020637547264555,0.03319154217744743,0.005111531469566887,0.0025939169253879485,0.0008726652520302255,0.0007450532525450997,0.0018751687078122,0
0.9997666226863553,0.00014327593494700745,2.3378672513773384e-05,1.999134219564303e-06,2.6776868254410398e-05,1.572745912369562e-05,1.5783403396402306e-06,3.094579173000231e-06,1.6100849312996913e-05,1.445475760870476e-06,0
0.9999244514411431,6.376693092704034e-05,2.5329643548338552e-08,1.8527632296989697e-08,3.2743638956097616e-07,1.1305312422483867e-05,1.68912244775951e-08,1.1888126247809106e-08,3.398719618203846e-08,4.225529505763813e-08,0
0.05020775396080412,0.013213521433996376,0.04077624134176009,0.01999435502921708,0.11276564083426176,0.7057179132191468,0.006927037910554435,0.03004978144719665,0.012694693701228176,0.007653061121834911,5
0.7510894312660412,0.004414734379017678,0.012843695592103039,0.006352768899387493,0.041683123469806474,0.1502051998024359,0.012755270629782996,0.00944324155815773,0.00508391762302973,0.0061286167802375325,0
0.9917290955012983,0.004158632778007954,2.4640899550157022e-06,9.85587086969285e-05,0.0020358532217251745,0.0009303254608136362,0.00010075137925606515,1.1411635874910533e-05,0.0007785544391101779,0.00015435278526138276,0
0.6293253540098404,0.0006263680459428501,0.0016813811610318949,0.005016438619287903,0.020088554920913573,0.3388692624899939,0.0003611027874032358,0.001059623719345365,0.002061471351242789,0.0009104428949975556,0
1.3618874854235583e-05,0.00019833700675233668,1.974521976971405e-06,0.021997196712943153,3.894823567850818e-06,1.2495586402008064e-05,0.49686479103992964,0.0028986367940578334,0.3452816555803474,0.13272739905916872,8
0.005698606752800755,0.0020912436881002304,1.5774619797440684e-05,0.00020645501673677364,0.9710794409754424,0.01768395145248916,0.00012419693697887,2.19400041411095e-05,0.001053139380633757,0.0020252511728794647,4
0.004244752311525252,0.003577525911945906,0.0029875849646968087,0.40488269549109207,0.003595278599620339,0.004935708343331344,0.11272454875207427,0.006213847936242438,0.40800887974726957,0.04882917794220203,6
0.975035889495798,0.0039422431810362014,0.00013589846973066077,0.000796681132536605,0.0022575073495214697,0.0030711198521274413,0.00019374648258234196,0.0001109440596139022,0.014135933305777268,0.0003200366712763931,0
6.009594936515279e-05,0.00026834431282826194,0.997754017194155,7.21135050661175e-05,9.186546010931617e-05,2.9888071229509378e-05,0.00011193458752250701,1.3882236175701661e-05,0.0010659576266688795,0.0005319010568792631,2
0.9224570264920207,0.003318696041069048,0.0007009844712269974,0.01940508240042204,0.001358753586677451,0.010686206581339204,0.0047411711766872314,0.00802038426380531,0.018376498466881597,0.010935196519870821,0
0.9953840555385337,0.00027293838938506187,4.519450836386078e-05,0.0003993996689300997,0.00017895772485116787,0.0006440986454960133,7.745701056029037e-05,3.195120708988561e-05,0.002883813628312415,8.21336784777682e-05,0
0.9999954863978283,3.2306241584114943e-06,6.892738436900712e-08,1.5337092357391166e-08,9.535069565169301e-08,5.618528945819794e-07,1.755415902544037e-08,1.1875361031040687e-08,4.914871360928996e-07,2.059329028822034e-08,0
0.8197577734799788,0.01436922804688766,0.0013070726638398115,0.004152206517611075,0.04071811227924637,0.11494875523729649,0.001281966681384689,0.0010396108667165727,0.000713451903714847,0.0017118223233238627,0
0.21169910773996883,0.0043704997198737855,0.031375775163393,0.029532630329188812,0.5000752104400854,0.17182135827449754,0.019862366283175354,0.015550238370430994,0.0034503755606749825,0.012262438118711003,0
0.9873683564085304,0.005387997469173281,0.00015738544027197498,0.0010245895699162932,0.0015166592558437549,0.00227830157392448,0.0005024327728499222,0.0003185431172956044,0.0006700954136926291,0.0007756389785014309,0
1.0666956152454148e-06,3.964277007956121e-07,0.9997170697634445,9.53325562516097e-06,1.6187010651806747e-06,1.7768904277635204e-05,9.990517093370764e-06,1.7272759380379565e-05,0.00012381062142151223,0.00010147235437663167,2
0.03720563761638473,0.002978468874649598,0.14346656424039536,0.10493592567660928,0.3028517302566726,0.11843341626025426,0.12785335557077218,0.12491987756048406,0.005536636436123643,0.03181838750765427,4
0.9820133977558408,0.0037322726879679075,4.987777918266731e-05,0.0016936924857231636,0.0013225737838182593,0.0027862499270466723,0.0010607677200916764,0.00014889905802055456,0.006702719351573543,0.0004895494507349375,0
7.085869423533243e-05,0.0002878035695768555,1.294401445302924e-05,0.0009728253889487441,0.00019706241324742157,3.803035912431328e-05,0.9830469439076057,0.0009052307412203596,0.009184979090656721,0.005283321820931723,6
0.006765059502586422,0.986433218516492,4.6283588227479906e-05,5.336790458993508e-05,0.0008690594824981158,0.005440184640415377,4.1715389012660514e-05,2.8543773994156863e-05,0.0002649051308891297,5.766207129458034e-05,1
0.00017054077066315366,0.002094557113850586,2.0932958947843142e-05,0.0013768789703948743,8.90698667316332e-05,0.0001736501076180165,0.9876936143735154,0.0001916792188392946,0.00438651172201217,0.0038025648974269223,6
0.0011787081680511532,0.0012815374618783473,0.00010110444084416875,1.7246207439859348e-05,0.0013167989544320465,0.9940073738911865,1.8028889516694525e-05,1.2570751247719816e-05,0.0019915671742701847,7.50640611329477e-05,5
0.009124976854592239,0.00528157787228566,0.0002617164045486092,0.002550141594151251,0.9723250720918523,0.002840731012665377,0.0018217337749109708,0.0003313006497116822,0.0022614422777041316,0.0032013074675773814,4
0.006339308683576773,0.009541132003229848,0.00020553847638765465,0.007562941960971734,0.00025425524937677926,0.005538308629057915,0.8910401610208094,0.04733329656811809,0.025776779177371416,0.0064082782311003375,6
0.9999997093273634,9.999987908305498e-08,2.0006984487552846e-08,1.7504061316440162e-08,1.4838933077402809e-08,5.013914906036351e-08,1.459263284515218e-08,1.2010110793464943e-08,3.342302673534987e-08,2.815785903520287e-08,0
0.9782777752751536,0.0010314893657188962,3.199329800714316e-05,0.00016036842935912503,0.00010409274210163851,0.00320280774823492,0.00020673472598286,7.870696415510688e-05,0.016824586747336084,8.144470395038906e-05,0
0.002333558535649986,0.9811738439637583,0.0002456873194815396,0.0005014378022147645,0.004966768906281225,0.007461863078201356,0.0008657718170743571,0.0007696627286364157,0.0010276008646556913,0.0006538049840458676,1
0.9999978015649956,1.812083626115744e-06,2.832736187760312e-08,1.666763500712271e-08,4.6581334705471844e-08,2.208638680320272e-07,1.3084795365010474e-08,1.3419368427132701e-08,2.7469505136984962e-08,1.9937509679797712e-08,0
0.9999870545372394,3.919866945244563e-06,8.406623790346275e-07,2.1394692904796225e-08,4.789788942870533e-06,1.1716123279882324e-06,2.13173409555042e-08,1.251800871002552e-08,2.0317644481755276e-06,1.3653767493394412e-07,0
1.2524303609446183e-05,0.00015181332137387566,3.0001496372768437e-06,0.0006401916402137437,3.361460420621933e-06,2.0538662676447613e-05,6.453509827896742e-05,1.3288462848781268e-05,0.9962128408756289,0.0028779060253122145,8
0.00878195777535913,0.18161785212138182,0.0025233343169798394,0.004225744146572999,0.6941277065772454,0.008256441425353398,0.005536828639056905,0.0007837887873417533,0.06578145733967519,0.028364888871032994,4
0.9997591420729923,0.00010995285842652276,2.615177246519894e-05,1.8743587065765223e-06,2.0041333786879362e-05,9.827985352533217e-06,8.567201977056858e-07,2.8313704345901014e-06,6.062624986085018e-05,8.695277776917937e-06,0
5.79422994802364e-06,2.8042437227823156e-06,0.999539635890808,1.4409161721439721e-06,2.1360028773397908e-06,3.3231667381848794e-06,9.458238338420802e-07,1.2480969427060275e-06,0.00040534826190832514,3.732336704861309e-05,2
0.0028568707247293647,0.005446870652237246,0.0010293537218571522,0.03136277535548723,0.007935865363201584,0.0034730629754091296,0.0139625866883735,0.20719843504089747,0.6998743752411967,0.02685980423661064,7
0.016517829991036133,0.0024228663129374386,0.0035935647987727524,0.0023840341267646315,0.04324891418147834,0.9227197436863508,0.002949342435122293,0.00183110267609477,0.001262802887701228,0.003069798903741826,5
7.190342328152815e-05,0.0010083213875343325,1.0234494513756372e-05,0.006790244332440322,1.676882627080321e-05,1.9386879394708996e-05,0.0008438149877917254,0.9866747646289444,0.0033587871463750564,0.0012057738934537047,7
0.23917509950484,0.013544731684898026,0.6392977154020274,0.0017760753909210965,0.03436679389672026,0.06440231254967455,0.0016990972867771818,0.0013592508938389594,0.0018249723243502968,0.0025539510659525555,2
0.0009528786324101252,0.001121640459502836,0.0006122359338223923,0.02959613882927253,0.0007874125497961298,0.001119837570146012,0.011119539424677971,0.03873330205329633,0.07545696159384241,0.8405000529532334,9
0.006992313847478796,0.008435191468693582,0.00037099577357300263,0.0007763056693947163,0.972861912115856,0.006310453491074458,0.00025223214902932346,9.754204044852571e-05,0.0016839136417935421,0.0022191398026579425,4
5.388857818884495e-05,0.0005291726272177657,1.7501121094624502e-05,0.002369929341834439,8.331049700330287e-05,0.0002090006155766669,0.9817612750797411,0.0027443244845306277,0.01032506686517516,0.0019065307896374967,6
0.0011787514119297514,0.9918631690182222,0.00024120741695066902,0.00010185179281400688,0.003780893405614293,0.0005961906175227348,9.218240466500874e-05,0.00012139730867593745,0.0017896009841450163,0.00023475563946027546,1
0.0002684331461295665,0.00020131716764750814,0.0001604780230819098,0.1607150165953992,0.00017259689056253416,0.00022359878851958747,0.005626988621841805,0.0015884987574114346,0.01918062771199562,0.8118624442974108,3
0.00017451120826648153,0.00019389965578295746,0.00011935953455911778,0.15533495062023756,0.0001857700780439412,0.00021063223048676212,0.7508890457319617,0.010726226356870802,0.024961345470838482,0.05720425911295291,6
0.999368450418442,5.440823625368409e-05,1.926371190408299e-07,5.990963806476719e-07,1.6823919789357182e-06,6.941361315029367e-06,2.541304729722084e-06,8.843122807451704e-07,0.0005084372303073409,5.5863011192906184e-05,0
0.9975564136728751,5.984271532300886e-06,2.5183553645789325e-05,7.754178069500948e-06,0.001744044198276066,0.0003711372781125364,2.0815047169041913e-05,6.285082884289874e-06,0.00019156483750037092,7.081787993551799e-05,0
0.9972617367625426,0.00010150487122574191,5.804301404337247e-05,5.63447546442083e-05,0.0017175408393796218,0.00041891677612563313,0.00010613803960539845,7.231491851271006e-05,0.00011552477579404206,9.193524812681123e-05,0
0.0006796092426985531,0.9900158274982698,0.00015261810379351714,0.0008575105340643579,0.0015848332602978403,0.0007212079573870945,0.0021621771607887763,0.0010393799066539065,0.0015637548817487076,0.0012230814542973682,1
4.0928348533164215e-05,0.025278329759279572,9.74805259640794e-08,4.314358513710864e-06,5.1402688904793895e-06,0.97451104037528,1.6734148579264082e-05,4.653189902281274e-06,0.00013622614594181024,2.535924553560845e-06,5
0.22130178877048148,0.003815055259786351,0.022021099102341273,0.031651944397763095,0.4999152315489009,0.15332428015150135,0.0365317769436464,0.00825169465727611,0.006182156402334807,0.017004972765968632,0
2.205959393635887e-05,5.376470494087994e-05,1.395711051250788e-05,0.7479928460210752,1.8796353114745436e-05,2.480458478345735e-05,0.0015157680959769042,0.00032535934634809436,0.1474457946248623,0.10258684956444991,3
0.0035265847573815023,0.00902398027403413,0.0005600954799283083,0.0021135695161750975,0.7107120680331693,0.009126328059074594,0.0008450840468881101,0.004690849105247716,0.22201063897710077,0.03739080175100036,4
2.995797471086171e-07,1.5294586489201303e-07,0.9998950462649431,1.0637472330565672e-07,1.259892846948297e-07,2.0974934019954587e-07,7.647449846345104e-08,6.763336248908906e-08,9.183215592920576e-05,1.2082832306835816e-05,2
0.00023143073768683607,0.0005408521986148034,1.4827149005371825e-05,0.9598412924532607,0.000246034528765389,0.0005864521701229164,0.0019680895898865113,0.0015451202504890762,0.005857044117774794,0.029168856804393333,3
8.996489226293865e-07,3.51154586250978e-07,1.5377886448562413e-07,1.3241484371336336e-07,0.9996923752502914,3.567187294412168e-06,2.330495370887267e-06,1.5116164423834617e-07,0.00011389230982084968,0.00018614659836114857,4
0.9999942173244757,3.1733588189201496e-06,4.769465361803274e-08,1.7580414077453095e-08,3.981955279216605e-07,1.0691062452147821e-07,1.3065397288643833e-08,1.2499642027616384e-08,1.9774161416239447e-06,3.595430435937911e-08,0
0.16749929335048858,0.787918870009749,0.003471346467185072,0.0011179067609539102,0.021457878789261458,0.013600977472045611,0.000962312522242258,0.0009407073905168036,0.0014532232589034389,0.0015774839786535625,1
0.004084080208284388,0.9850078750166671,0.0003923633719278407,0.0002392418338522724,0.006559867945129576,0.0022299145603195025,0.00039065996321464353,9.819301486253672e-05,0.00039275785122207084,0.0006050462345200221,1
0.03169263092351748,0.011461683253571638,0.0012700022643800607,0.0006999852648728418,0.9083925147188204,0.042545384586063925,0.0005943451292948067,0.0005226919955267834,0.0017644729052738437,0.001056288958678199,4
0.0131746674252556,0.02089266608125314,0.000174277787219913,8.412630131173744e-05,0.9485685186412462,0.012946899607288195,0.00021920208139645546,0.00011628768850075074,0.003309717830836471,0.0005136365556918453,4
0.9992839150813081,0.0006752080547838614,2.1803047415773956e-08,2.0356643293940206e-08,2.2198873134669207e-06,2.655757290842278e-05,1.69380396920033e-08,1.3439477496677836e-08,1.1196514044527362e-05,8.303524337958331e-07,0
0.0006725300201101324,0.002884163202960799,0.0004820223746376286,0.522722330744318,0.0007473373312506405,0.0009030242786805947,0.03603144415815124,0.031206613217587383,0.04444607921670352,0.3599044554555998,3
0.0004991369807828778,0.001093775846566569,0.00028918135108157766,0.021157933429328892,0.00028246973088038934,0.0004146604917891461,0.03920153000798971,0.032532092674617256,0.7946806218399628,0.10984859764700093,7
0.9999130212479136,8.05953953121868e-06,2.040831271286071e-06,9.46168698423764e-08,6.653073787366115e-05,7.913851977389444e-06,6.490154819556918e-08,4.0664602795853575e-08,1.8607030624179082e-06,3.729053496482399e-07,0
0.12841730879318405,0.03814866237784184,0.031341458560288485,0.0067527204929576975,0.19020929623057184,0.5810413089303541,0.006395083087424404,0.005654705007177279,0.005709414701950267,0.006330041818249641,4
0.9999440383742629,4.1634966674155715e-05,1.1533609566315468e-07,1.8116964531825258e-08,4.4545151599565585e-06,4.404888274686175e-06,2.1193901804052447e-08,2.0738498177645067e-08,4.956522631162736e-06,3.3534753686689953e-07,0
0.0001741382120149947,0.00138801701428859,6.003349033969113e-05,0.8675916681275233,0.0002767177935679385,0.00034512758604983386,0.015562294144786177,0.0024503166745854566,0.0235375558911264,0.08861413106571747,3
5.370755355247744e-08,0.9998240831221046,6.730633208160255e-07,1.3820331405091744e-05,2.77869817594056e-05,3.841215661300717e-05,1.701637956170568e-05,2.7356497915314316e-05,3.0427958744466665e-05,2.0369801022381052e-05,1
0.0002832575799309158,0.0001844656981158541,0.00012932381905571717,0.01156653312004331,0.00023118491838235947,0.00024093675937537196,0.6884445722935474,0.031758786812370265,0.005471168854977489,0.26168977014420136,6
0.0010965797071627956,0.027338194643853682,0.0007644969886707047,0.033648612477438555,0.0008529981854886915,0.0023782277262568065,0.3818368704142025,0.0014721065909667438,0.4663481426097852,0.08426377065617406,6
0.007428497533180445,0.0023715846904212383,0.01014007865756875,0.034039017550571905,0.00623848490131648,0.006790336540663062,0.8873808778056038,0.0064270102958166484,0.007897318167959966,0.03128679385689769,6
0.0005887328825853333,0.02573393557097656,0.00021650817609551403,0.005476951058069782,0.0005327894891937842,0.002127211059910558,0.878684764867077,0.0023251498468931926,0.07187770679269875,0.012436250256499908,6
0.06687038117416058,0.0031412650823941157,0.5718570665845277,0.05845775306720771,0.09469227886314122,0.069230776844303,0.057644603310713007,0.05632515963412471,0.005879139769499329,0.0159015756699287,2
0.9999960086248921,9.689560565740048e-07,3.373102437464883e-08,1.683096870920577e-08,4.0312010376267865e-08,2.648098856570602e-07,1.3001757832023505e-08,1.1964270584066355e-08,2.5560038268819217e-06,8.576530651133713e-08,0
0.04620395547694594,0.002003994672943373,0.0007433787273183895,0.24660405153835174,0.010102387341263378,0.020613634380139127,0.011324396609861676,0.009467009613471621,0.6167762324020283,0.0361609592376766,8
0.9977908283345552,0.0005055663381270979,2.0191371874524115e-06,3.6253637231947846e-05,7.163054248639648e-05,0.0015028691907288862,8.260540358011038e-06,9.786703429305987e-06,4.080482445895293e-05,3.198075143673303e-05,0
0.0036708020032409677,0.0770563716226289,0.00020078441233708147,0.002833906853978355,0.0003244779506612224,0.8678048697670365,0.0007807598722837712,0.00035533024512064915,0.04408613443545664,0.002886562837255746,5
0.00025875196369118007,0.0005040469544092137,0.00039357333173223845,0.1871407127942436,0.0009149542604959001,0.0020149790352715375,0.01517975076650886,0.7126422332432675,0.03310162233483934,0.047849375315540316,7
0.5988755609968306,0.004397174155226978,0.011348024496490496,0.06621698235750076,0.16349429107888083,0.06719948997702044,0.025574944498694196,0.020000864829439993,0.009706969594261473,0.0331856980156542,0
0.00018193313387329478,0.0002477464901912032,0.0001480515898018613,0.6706520631857832,0.00039206947715590267,0.0003041294637276206,0.20368803190395843,0.03642063701404549,0.022369341509068347,0.06559599623239452,3
0.0012714895745913736,0.0011213066839894923,0.9825660560873328,0.0011502330270338607,0.0008068727915147343,0.006337540200442511,0.0008260493506876391,0.0008429223138021373,0.0016562134710681325,0.0034213164995373735,2
0.995114503645448,8.840640978069185e-05,0.0004405342396157901,2.7561055070772564e-05,0.0032156264408143586,0.0006058631163909278,4.4894934294121954e-05,5.011642376980194e-05,0.00014716136769767974,0.00026533236711773916,0
0.0025543408660392056,0.001718107885088065,0.0015871039482918956,0.12838486227115548,0.005917653046413399,0.0038692034070391744,0.23119062145678937,0.13771474053090202,0.024448438270203484,0.46261492831807804,9
6.821312068933204e-05,0.0004471710277351322,1.8043782599924572e-05,0.004227989680555157,0.0001627100595186644,5.9018655342284376e-05,0.0016259522737172782,0.9372030951804995,0.0015387554961933275,0.054649050723149246,7
6.659978366451559e-07,0.9994801979190102,2.0328679719894082e-07,7.000403640486497e-07,0.0004134522656334355,7.951473564184866e-05,2.963775730743033e-06,7.418550602426374e-07,1.6488463117153434e-05,5.071660808528045e-06,1
0.8113855360178268,0.0020728078645693235,0.0037103035821741937,0.008702947825844272,0.12954284382247877,0.0326603257659109,0.0028839177716389755,0.004472925397899626,0.001885573870156535,0.0026828180814996512,0
0.002199056650646081,0.00406648943656687,0.0004617545449539407,0.029400915117679467,0.0019713046206229724,0.002640515291095264,0.5093313919859638,0.03819766493141466,0.06346116523733522,0.348269742183722,9
0.9999676228881083,3.0486143786451745e-05,3.958792387641945e-08,1.9402027134185285e-08,4.1439964327235986e-08,1.4027872249529864e-06,1.3397723628420961e-08,1.1627498328056078e-08,3.3659703955217023e-07,2.6128703630672122e-08,0
0.00032170608296000784,0.0006865439095396734,0.0001716195883374829,0.08111566976512376,0.0003664184756237118,0.00032536580371305866,0.1245011713200563,0.14851107344504044,0.04642816718247272,0.5975722644271331,9
0.00020132569614720827,0.00020482446808087383,0.00013167437816067115,0.7382979569308601,0.0008949724782464009,0.00017203931952369702,0.014352961821947908,0.0006385846163059995,0.03397717447894282,0.21112848581178426,3
0.9997150308839262,3.5095411851640466e-07,8.484473697367325e-08,1.8342706287489226e-07,8.63959049478802e-08,6.892054099861503e-07,1.0203961729964609e-07,1.1508367401493282e-07,0.00028261098404052667,7.461815086468527e-07,0
0.9173746008327303,0.0023003003070717356,7.315974806703637e-05,0.00010513719484620988,0.0005067151807862182,0.0789591191106681,5.955972537088942e-05,9.31264908857421e-05,0.0002677489045930878,0.00026053250498082143,0
0.0014192002724896051,0.015294388584366228,0.0007316473987637048,0.04219152169974389,0.0019907378378266325,0.002783496834014867,0.10056676711998756,0.7550250109971629,0.03246016097396793,0.04753706828167656,6
0.020632584124399403,0.007291987632318329,0.002320354590033613,0.3574267847462122,0.011766934233391752,0.08986121859126298,0.054980233275679816,0.006520303710235056,0.4287710494592522,0.02042854963721445,8
0.99901008485778,8.01107889431019e-06,0.00042368636956484427,6.500052445756762e-07,7.457710397182633e-05,1.770446727959611e-05,2.9431652567704516e-06,4.4651922468299855e-07,0.0003120161212130611,0.0001498803115702486,0
3.0925619804388408e-12,0.9999992514340029,1.8212351168790427e-08,1.4740635011122251e-08,5.135461566994625e-07,6.198569519831666e-08,1.2048050374901245e-08,1.2757064693315125e-08,6.942704561530724e-08,4.5845905794860064e-08,1
0.9999996777625674,9.20326470084198e-08,3.8030076142879564e-08,1.4465380081985005e-08,1.753283895648189e-08,6.66774417191425e-08,1.839384298845575e-08,1.2832584020959822e-08,3.0244368347058066e-08,3.202825343546275e-08,0
0.0019728976505462167,0.00583408265027393,0.0003096250027308107,0.00217083436209023,0.9508555592144593,0.027082907391857664,0.0014412009310365735,0.0005569602663634373,0.005807934370973904,0.003967998159668295,4
0.9911678950195155,0.004567121160890159,0.000421527201093574,0.00013452971650766512,0.001199845915247036,0.001066898220755222,0.00010783602569846778,3.791297962989751e-05,0.0004928558902471594,0.0008035778704152177,0
5.524400959734943e-05,8.767166370040051e-05,2.9328751615955633e-05,0.005307771281881854,5.6514764171100016e-05,5.773619944841765e-05,0.0014707047996782299,0.9642363193299118,0.011491965497121536,0.017206743702873825,7
0.000666734588074031,0.9601290543453993,3.3290089058849726e-05,0.00011826874255202,0.0029085003686504358,0.03489525793676807,0.00029660357414024174,0.00032810370697064506,0.0004022798678715502,0.000221906780514779,1
0.0018555712490958686,0.000674897141678156,0.0012538964414454225,0.11151103991294632,0.0036144040766702776,0.0020877451336485495,0.36589765857136797,0.45966174345092675,0.019360329625550978,0.03408271439666937,6
8.568152876884455e-08,6.297122010649553e-08,1.3962675423941224e-08,1.3187066468399124e-08,0.9999441859274519,1.1104193179990657e-06,4.72231231486328e-08,2.154012441989078e-08,4.407345361939906e-05,1.0385633872336648e-05,4
7.486725762019822e-10,0.9999912494019527,1.7995480653107458e-08,8.103044601728147e-08,4.124834253440605e-06,1.3452838746367456e-06,5.129721032812646e-07,5.505604473038632e-07,1.708780438014788e-06,4.0839233147603676e-07,1
3.3874601352428174e-08,2.940746367742425e-08,7.840491595772077e-09,7.681360437625113e-09,7.05852220823267e-09,0.9999836535965227,1.7357819132290182e-08,1.84095154043849e-08,1.5020341652399631e-05,1.2044320513584417e-06,5
0.006326338478867424,0.004655179230812731,0.0012488007047033829,0.0050546674152403435,0.013200069192007537,0.9584827718506219,0.001388610312169121,0.005003246386086224,0.003023335787848665,0.0016169806416431018,5
0.0003167534402630381,0.002802352661508362,7.691045401034727e-05,0.006785778049617984,0.00015576494564803668,0.0004595717203060054,0.9695635403983403,0.002049067084282182,0.008443643133507426,0.009346618112516386,6
0.9634943231216053,0.0003211880295514888,0.017056687314402578,0.0003732947367474691,0.008743888474611891,0.00710933718864581,0.00039366823258105854,0.0009464043084921707,0.00028874571635986555,0.0012724628770024102,0
0.0012358415081325249,0.0011562966000686684,0.0003534255640509895,0.2558681421032538,0.0009706110748327071,0.0023069083902600277,0.09135685616964376,0.013133692535610579,0.1168287077356915,0.5167895183184553,9
7.091005053498456e-05,0.00010333605901941097,2.666180043689751e-05,0.5988054110850564,0.00010313881849507635,4.290133307765328e-05,0.009646737032045669,0.015396645232221246,0.022514417936276863,0.35328984065283603,3
0.9990736628193537,0.0007348888316698927,7.807108926338625e-08,3.746102603963192e-07,1.2452369642722112e-06,1.6525180978338613e-05,1.576205717517719e-07,1.2261024356621198e-07,0.00015348968631505235,1.9455332553355997e-05,0
0.002373246511556996,0.0013186581920898064,5.749374453651146e-05,0.00418730636666433,0.0006665720372176778,0.000995465523087555,0.0037703654849572496,0.9448066781476239,0.014155452379098248,0.027668761613167756,7
0.0003449017946480562,0.006525907866731919,4.8181646669461806e-05,0.03108408439486844,0.00036882789102788896,0.0009825718862502017,0.001589183071114477,0.005274626890034695,0.9171556743263711,0.03662604023228393,8
0.004513291292929162,0.005001382775202594,0.003346738296295581,0.1645366426809639,0.0033371351274888413,0.006202246856391552,0.010886169064764742,0.22552176919775305,0.3479625646806121,0.22869206002759834,9
0.0019775915789403227,0.9829380807030107,0.0021301078506251437,0.0006617212060984762,0.009573181960373382,0.0017475512466117221,0.0002820241951049356,0.00022740159784663536,0.00020901954874028489,0.00025332011264842024,1
0.0023252425578069178,0.0009844973410206518,8.85454507415077e-05,0.0010345906657248255,0.0011050201586471826,0.9860194747549345,0.0008662036162503803,0.0002413083125903514,0.0011705119195937637,0.006164605222689395,5
0.9993640155131557,2.3916044774537183e-05,0.00020765418394046666,1.912301505486593e-06,0.0002684199451041154,5.878123456219043e-05,2.510003800979728e-06,1.4941511467292577e-06,6.400003049378114e-05,7.296591516122367e-06,0
0.9999435256166579,5.116955995383111e-05,2.8932431987944325e-08,1.6246853473099075e-08,5.66802758988672e-07,4.451336105004481e-06,1.94328564490936e-08,1.1646077766886154e-08,1.5724077149955826e-07,5.318553291094734e-08,0
9.077462191543013e-12,0.9999984511131907,1.4328118676084631e-08,1.711521768390131e-08,7.902900578892427e-08,1.6134941962156348e-07,2.0314410114321215e-08,1.6441787128405848e-08,1.1934205470805158e-06,4.6879225730635454e-08,1
2.222876944134512e-06,0.00030193983140244465,0.9993701133407321,1.1783779209893136e-05,1.9224559682054483e-05,3.521694522911836e-05,4.585126886701484e-06,2.2071387830358483e-06,0.00023487023687394367,1.783616425646902e-05,2
0.026992602173052067,0.201846757020284,0.007139370412377005,0.04441172829780067,0.0076592230012782255,0.3993925115907495,0.00962369863243186,0.04153233202412783,0.13282740351351383,0.12857437333438532,5
0.9999845388575042,2.186100467193489e-07,6.3036784287927e-08,1.6278198572229273e-08,4.925128383271468e-08,5.510887976993911e-08,1.8568182674682104e-08,1.158930972172281e-08,1.4361194284609609e-05,6.675055257565879e-07,0
0.9904526089569319,0.004878111486503516,6.007650060259542e-06,6.076839777318566e-05,3.481452393082018e-05,0.004336191192898867,1.671030566955661e-05,1.6743195340568576e-05,0.00011393849964027431,8.410579125136003e-05,0
0.9999996802101349,5.158503359329341e-08,2.5439104662751768e-08,1.9270504470675352e-08,2.2489390752230478e-08,1.0146313571086699e-07,1.7356942630148946e-08,1.1470147764070547e-08,4.404039248207819e-08,2.6675213251142183e-08,0
0.9999967991923604,4.335297411642631e-08,3.385933409173132e-08,1.7824779171813375e-08,3.754731300804357e-08,1.0155365224086249e-07,1.7439285517407965e-08,1.199056676819787e-08,2.854504619126712e-06,8.273511571511549e-08,0
0.0022245021029739264,0.9628345789320609,0.002998039875766962,0.0016345942177075194,0.006986337041293591,0.00750326113909839,0.004592345908820325,0.004658612045713597,0.003130995007221675,0.0034367337293430803,1
1.097746904308574e-06,8.155114784412632e-05,1.6094410869593716e-07,0.9987036162438567,3.36628190165295e-06,1.336399445173111e-06,9.29497027762277e-05,2.6538306298625117e-05,0.0007241162134496678,0.0003652670134150085,3
0.001637054004732696,0.0017652124581452162,0.0002059587940867748,0.5179481764523803,0.0020961425150444646,0.0023293397699765558,0.06000573779293889,0.006727748524228162,0.32563343238058545,0.08165119730788127,8
0.03162038835163176,0.005239027018239385,0.006011393481848125,0.30783955482080044,0.015811012861127502,0.052261327566774506,0.06216153693735042,0.14981685996726943,0.030036328009770883,0.3392025709851877,3
0.00028425194540264556,0.0004660292362039742,0.9981559762355074,0.00015570753325265586,9.355776101296566e-05,7.044139434334876e-05,7.769692567463404e-05,9.67828884261806e-05,0.00034982589781478303,0.00024973018236205643,2
5.661540258792674e-08,2.310003900902214e-08,0.9999443751455537,2.379033356559217e-08,3.849445721775544e-08,8.11397391811161e-08,2.1424021214363873e-08,3.6087344133617715e-08,5.434005525291081e-05,1.0041478563517362e-06,2
9.021710743262734e-05,0.001620281253795569,6.779116804473248e-06,0.003584409982286692,7.385079829576903e-06,5.129848143010527e-05,0.0035463270218880722,0.00032816676655862144,0.9774252427430841,0.01333989244689014,8
1.0621334636589188e-05,0.0003276752046040438,0.9991905785063292,1.375692935901145e-05,2.334098180500406e-05,3.8773904883255595e-05,1.7907929839976832e-05,1.3214321409871541e-05,0.0003241944711501701,3.9936415982856354e-05,2
0.023695492714548242,0.00697024083190999,0.0007843170900518198,0.003051851584937376,0.9029559502361338,0.052637466165005156,0.0033881819580450527,0.0013399342300007076,0.002019600364680808,0.003156964824687087,4
1.3995725899545662e-05,6.301921959702432e-05,9.792274323954114e-06,0.00013279476286452428,1.3465289937111587e-05,1.700028076712206e-05,0.008973205093124784,0.0001045709236038659,0.0007125885614934651,0.9899595678683888,9
0.00023335227637955407,0.003918457006987854,1.3012894144519402e-05,0.027907551018075134,0.0002086539182551991,0.0002096667548233604,0.0003409987321011726,0.0010003856520671372,0.9473241676491699,0.018843754097996077,8
0.12870456526083635,0.008014969955528464,0.020093614242242694,0.003785408814100516,0.7911046447390635,0.03672866690590204,0.00369220447036248,0.0016374844408829016,0.003302285121641375,0.0029361560494395524,4
0.9963070418440071,0.000161135647605927,0.00030725888848269495,3.982815088361224e-05,0.0020052463859378767,0.0005741586834500758,0.00010412983945089484,8.621200981962568e-05,0.0003476472139570126,6.734133640518358e-05,0
0.9952496952478725,0.000246090825565308,0.000213170254566914,5.4342809893089665e-06,0.0012546674352755887,0.002989714820333788,6.887259982720111e-06,8.286716924382107e-06,1.4871056585530746e-05,1.1182101904214163e-05,0
0.036817682971071686,0.8723815850110456,0.0019606498281272886,0.0017065005001151322,0.053671379894024936,0.023483283150832066,0.0035312658334639637,0.0018679883321635724,0.0012323867474190366,0.0033472777317364315,1
0.9999806839336418,2.8141822733554727e-08,4.94946310182242e-08,1.9051772798349964e-08,1.393975011255193e-07,1.1703920971226806e-07,1.8867096073149435e-08,1.3690226646973868e-08,1.4056040190158243e-05,4.874343907949532e-06,0
0.9993035842344683,0.0005931865063891692,2.1822871861324047e-07,2.4956358365945876e-07,4.2968836257691516e-07,5.072249242356894e-05,1.8781728451731255e-07,1.3316872495075364e-07,3.896212526249102e-05,1.2326174781914888e-05,0
0.004212079317108473,0.002174473591185336,6.54996318150327e-05,4.3728982174441053e-05,0.004324457866356184,0.9883665370551623,3.5511327856613e-05,2.7400397256293828e-05,0.0006485132424425374,0.00010179858864248335,5
0.0042652961832480305,0.0037647879306450965,0.00021507515566432695,0.032090586656495196,0.004968230118885459,0.01901060735172665,0.005713892101645963,0.008277987557187814,0.9133709624512341,0.008322574493267024,8
1.311781317531817e-08,0.99995944268633,9.126951438669421e-08,4.648860911439779e-07,2.170016635127144e-05,4.904055286118108e-07,3.1001155190052934e-06,1.0372052194122253e-06,9.076405585596782e-06,4.5837420473762e-06,1
0.021599676833115086,0.8353331408924591,0.004352026275794799,0.02519470013900686,0.0077488234692768485,0.03222064022713335,0.009913046793120028,0.02592771393382345,0.009562677408733351,0.028147554027537235,1
0.014121023245472479,0.013235192910707114,0.0012874434947288767,0.0022941204872799457,0.9568635805939552,0.005297635603529551,0.001111261914004312,0.00043300215456274974,0.0029494521660137878,0.002407287429745841,4
0.001665090027309926,0.11184482230849116,0.0003775890082004757,0.0008745520837680951,0.0004660738332945447,0.769436336925855,0.001214120376585897,0.0005370371782402436,0.11132301460547094,0.00226136365278354,5
0.9998888303691997,0.00010645997751560095,2.1814980695095884e-08,1.7355320336298912e-08,1.0000844696584498e-07,4.7229439373089086e-07,2.0902567627113617e-08,1.365764784788761e-08,4.014962857918518e-06,4.8657069451252676e-08,0
