0,1,2,3,4,5,6,7,8,9,Y
0.00013970567946722297,9.732295664106519e-06,1.4449705604846901e-06,0.0015740527280786515,0.00031392845581837425,0.9790883314634371,1.9987280177337037e-06,0.0011842749957553273,0.01638894796254616,0.001297582720654987,5
0.015070242280895912,0.14364800670320152,0.03464386530151978,0.49061674920784965,0.012255934516911152,0.021775587319711253,0.03460367913349229,0.08262734648023702,0.03334884594017421,0.13140974311600684,3
0.032337309950657485,0.011844961094502567,0.0016296560149211257,0.06435482495467114,0.0042194465690321885,0.022452073782855762,0.0010381578350988454,0.5669980962348753,0.1753318824644193,0.119793591098966,7
0.001491702686611941,0.008165194978305581,0.5104718278101842,0.3977051581848062,0.01870082934127675,0.0073069007094259415,0.004244542632280064,0.008940165098381962,0.026663047400105253,0.016310631158622156,2
0.018562456892695544,0.21593554886101463,0.23935510739646673,0.23133007610076686,0.19787899126060243,0.0344736841146526,0.02145846351969515,0.00794830306067353,0.021877328156629353,0.011180040636803446,2
2.5689203297917678e-08,0.9998804556733157,1.586521025530938e-08,7.158478788876586e-06,1.2739572871105246e-06,1.3846529060076294e-05,1.4135285102227188e-08,2.241669668343919e-07,9.668192040500985e-05,3.035844777281515e-07,1
0.03171180113637674,0.008814024055853879,0.007603780955979335,0.044032186293378815,0.26868351992286565,0.032307247621951925,0.07550860003602793,0.011020272082155506,0.06995463545572835,0.4503639324396813,9
0.03460141563943967,0.015175889068519924,0.0065078624408133265,0.039251700812193424,0.07672207311088096,0.020183232567774552,0.0230437801423853,0.01162035907085605,0.06169282011429537,0.7112008670328409,9
0.014858389972597804,0.0031575145593006307,0.00020962823631747658,0.022137056585032584,0.004761204282613762,0.062103478540439745,0.0013015237462792512,0.7230287696393779,0.08592493971902575,0.082517494719015,7
0.07085499770656378,0.22422682863670979,0.048917150758190565,0.01625861227947313,0.0946845981352138,0.006075734148560148,0.4626916650481617,0.01726984304539251,0.01437332762293877,0.044647242618796476,6
0.030964587377311534,0.03482862787169529,0.8032834710450568,0.005713321683349363,0.022515785862025905,0.004928472051178183,0.05863211279263202,0.006980372092919245,0.025073748196268217,0.007079501027563092,2
0.15950652932838386,0.07423570135828995,0.029396019341579184,0.06576765333259343,0.03200083684977549,0.06495507756119054,0.04684690063652381,0.029508331802964055,0.0273684380480205,0.4704145117406789,9
0.3650436940930583,0.11463844327876223,0.24995283365456297,0.018127741881505236,0.12954077551835422,0.02369018790422263,0.046523302125398305,0.012040740432473548,0.01441782435112638,0.026024456760535913,0
0.23550948029044444,0.04862995101943384,0.006990284071226541,0.020186013125260378,0.04908187304193638,0.45867766409222566,0.00898967272006955,0.035923791386511424,0.0463322407838692,0.08967902946902229,5
0.020217045062589898,0.0006314771119191595,0.00079508533943488,0.008823084571684367,0.03059527932099569,0.8092955751977186,0.00042073782240043776,0.002894847585431699,0.09869803232428054,0.027628835663544654,5
0.9931802301132904,0.0012859940384022269,0.000209183966718265,0.000495847372486819,0.0005813334780973112,0.002366586981299797,0.0004835168857522106,0.0004160685944387018,0.00040126795956456525,0.0005799706099493546,0
0.0283782106339201,0.07997049210891403,0.0065820974006954944,0.12741556071618634,0.0714478557377733,0.08992309098280038,0.32257557430622347,0.02003764770914539,0.08420785228921124,0.16946161811513086,6
0.16908941356378518,0.4006661570940497,0.007659512266321938,0.0677260891211916,0.1668080818982822,0.023790182005092596,0.05215534851523813,0.0269663808878681,0.04580917765672207,0.03932965699144875,1
0.13771582971869084,0.08047934592929032,0.03687643337268104,0.01616983515070793,0.5068228559937273,0.010215892595404619,0.1535738121315707,0.024033500991799007,0.021838604216258883,0.01227388989986959,4
0.5383337811151265,0.05677271189909162,0.007433870647647981,0.01308004306584153,0.11613490678229535,0.030576067856996184,0.042597357622937114,0.02743345897725536,0.1328127624303195,0.03482503960248919,0
0.10253712485521353,0.05787702792702163,0.031275789262723994,0.038876151859414405,0.02378519076411988,0.034560110195379724,0.08318309198077553,0.13429891454880566,0.07380530023858069,0.4198012983679651,5
0.0544830961453026,0.28735126757342017,0.13865222567482954,0.017420395434272273,0.08678074787198613,0.007009669044340992,0.3314415657450263,0.019290543058517535,0.013299396537971983,0.0442710929143322,4
0.014236964165920052,0.027796955237332756,0.002790830139835877,0.02117092199303505,0.015188683743597093,0.16411208530773094,0.0021246113669297967,0.29167938201400484,0.44920781616493727,0.011691749866676612,1
0.00017361694322974323,5.213786489601222e-05,0.9836402913488549,2.1863167164377142e-05,9.95486787566711e-06,0.005032295645001442,3.2087971791097388e-06,0.0012054382874650573,0.009663570401405284,0.00019762267692883238,2
1.228729602060851e-07,5.125808019493914e-08,2.8826619784604447e-08,2.025315601746091e-07,0.9997612077781362,0.0002307370837036464,6.9345010832379935e-06,8.667693736027595e-08,4.6905071568677514e-07,1.5942020368708084e-07,4
0.0010111903648194844,9.319143157178042e-05,0.00010814683420534234,0.0015272732302944265,0.9922868253686242,0.0033182917106383786,6.196664577410881e-05,0.00011830687250939621,0.001300823378610724,0.00017398416295195008,4
0.9375862061322845,0.004915474917399696,0.00038473409102888757,0.015024995088146876,0.01715861358518541,0.004542833477957842,0.005589456182108815,0.008739569102262694,0.004518234773493563,0.0015398826501316389,0
0.01844282369365549,0.8506016840780524,0.007799568377435833,0.012531788802649636,0.03928086603795587,0.006229786394211409,0.027321145584898433,0.0046383591367058505,0.015775393384162513,0.01737858451027182,1
0.026585758652706248,0.0028090326036098855,0.0013047494312454604,0.03774292913906564,0.4926032710063754,0.24262662575896635,0.0011567471892861665,0.013772382931822064,0.16340714248185034,0.017991360805072694,4
0.00022670314636819366,0.0006541783267085611,9.122064159269265e-05,0.9907680181355195,0.0005821065325372826,0.0030809545130278965,5.714436221848773e-05,0.0020201174232373047,0.0020236608531795353,0.0004958960656106689,3
0.018976123408896158,0.006001744831583499,0.0097456564054283,0.026730273293470618,0.007928902656723535,0.06643592320977992,0.0007002708864389558,0.05181095569418235,0.7278449143938281,0.08382523521966884,8
0.0160234251012919,0.022856554383443542,0.01672489698779699,0.009584562101000045,0.003063580255490006,0.040022491811255036,0.013684572505409736,0.7860896290357883,0.03780305065152632,0.054147237166998104,7
0.005210215257273275,0.0018193430631391653,0.0002709592098572003,0.10321875709179196,0.8443131179667814,0.015202900105211825,0.0002562258766106604,0.0006220804984426269,0.025940500399145548,0.003145900531745756,4
0.040403189797582215,0.4366328126276481,0.028794937230404303,0.05757164851795964,0.01764458875969645,0.04973766453894982,0.00447328069469035,0.08541808173550369,0.19223892332628506,0.0870848727712803,1
0.1919454805239149,0.2492069306880659,0.11574448584392814,0.023647356406793912,0.058321500833960094,0.0072082596539643625,0.278403099513706,0.035051847569023034,0.015481149625228405,0.02498988934141505,0
0.027849665834755982,0.6331132953974299,0.009296992844214928,0.02731865615724511,0.08994783294092785,0.011668140365306175,0.025066656712056195,0.005759086661471527,0.022768440986274976,0.14721123210031675,1
0.054161454262852335,0.27514284113148507,0.019326844952331616,0.2366785644326809,0.015156848634819612,0.017022013315840818,0.03481595939998869,0.07043705616206031,0.03945065109974531,0.23780776660819594,0
0.03034492313922213,0.02540534801933012,0.0018990951999174979,0.12082741699802571,0.016540067296445315,0.011629591549211588,0.7466619954880369,0.00763841949413308,0.025108589927044594,0.013944552888632864,6
0.9317246737700076,0.0060082089993622025,0.000551083965265546,0.0016221194001434067,0.04556292777464573,0.006632673817505267,0.0016115672425858951,0.000755262267849791,0.005136490182684204,0.00039499257994998066,0
0.9659193999577299,0.003618898128045094,0.0002913830249001482,0.0032630530854491735,0.0023050807997285023,0.00822157476421344,0.00029674854757917753,0.0015189635271056694,0.0139007413992038,0.000664156766044476,0
1.982623570210534e-08,2.0601695561182942e-08,7.752856436390324e-09,1.5052916657434987e-08,2.6237507340154536e-08,0.9997442949525562,1.7396098823603646e-08,3.0434993723652283e-06,0.0002148501557600913,3.7704525000667096e-05,5
0.02944087655281172,0.9082708351555793,0.0007826071941094995,0.005251413198645773,0.0029400276193177546,0.0044837799418687325,0.00031706522563141264,0.010901733866832347,0.03254155432482534,0.0050701069203786895,1
0.010745226063397404,0.026329764027538484,0.0014417728042912692,0.016942738042218127,0.002081260127542305,0.16099818370154342,0.0005186743797935688,0.08316539434278514,0.6948486036446385,0.0029283828662511903,8
0.9999952885826608,4.342335429713205e-08,1.2900498130005255e-08,5.037404574543867e-08,3.263752298521191e-08,4.169131473656502e-06,1.2030992952680297e-08,2.4477265520344578e-08,3.3995344140480156e-07,2.6488744763004345e-08,0
0.018752025511655224,0.05670674664620208,0.01875521226738718,0.2915315110448285,0.07066072364685257,0.05942887504435815,0.010559172791967055,0.09439592077555356,0.21500057994541139,0.16420923232578416,3
0.006599585840998631,0.011302307463697044,0.007109912999444457,0.013186804568779919,0.005593091256826705,0.021391620807041593,0.004171585696211291,0.04865026732857425,0.01799459640926028,0.8640002276291667,9
0.002083882344222153,0.9885867160778378,0.00024186226142925758,0.000585969948524556,0.00035098690109751005,0.003121294149666848,0.0001179147047918542,0.0026420982047125193,0.0009056499995085113,0.0013636254082089445,1
0.2388705312343179,0.01538478592872158,0.003586674427871567,0.03928252733018318,0.06419230172018509,0.225368208333027,0.0031435650226943664,0.18616597389851586,0.15263497288537609,0.07137045921910719,5
0.03272260421790525,0.010265627906637128,0.02851854172611058,0.006668430034097107,0.011996447326266355,0.006582314170263862,0.8205374308055631,0.01504080653704682,0.03958568738750338,0.028082109888606176,6
0.008166502912798992,0.028585024289891015,0.011209486878153763,0.8457515958265577,0.010126806154597824,0.018195725914311355,0.03379110910668567,0.0047913241260723405,0.02538058226036263,0.014001842530568576,3
0.0878057272549765,0.04187737640077979,0.009499976395411685,0.08826064416249396,0.10426808957522712,0.18214748084554896,0.005245051179917972,0.08085891413615559,0.3685421748559496,0.03149456519353892,0
2.5076002491479295e-06,2.8365001796480947e-06,0.9973728346604855,0.00025125367980681333,1.1940658156317282e-05,0.0001688575342162863,1.030234669789771e-05,0.00046739969541247057,0.000509732476194743,0.0012023348486011481,2
0.05294726488521993,0.26912903713732644,0.08662627151014067,0.01272916856062494,0.16490601747930905,0.004832257735454644,0.35388145376428043,0.016484672932181598,0.012758076476192388,0.02570577951926987,4
0.09818565212638508,0.1330662155413572,0.2124996488427788,0.01889220568486945,0.042373042765873406,0.007247266422274514,0.4136906359552749,0.02924946604861003,0.014664422357991166,0.030131444254585756,0
0.7896644418773405,0.007994591270763974,0.0006380761170355703,0.014120517288572566,0.031734383307800665,0.1172539759375125,0.010748739764821344,0.017102652310310766,0.0030302645736737443,0.007712357552168569,0
0.0338184829507796,0.07270243177131733,0.016652179248285465,0.5112072993260227,0.019650652751785957,0.0058117252581755575,0.24560702603930024,0.029023280377899037,0.028088958065658566,0.037437964210775304,3
0.001213308041041568,0.0003249767399265829,7.24625629830783e-05,0.05151770787858841,0.0024319796503694717,0.25331543231551673,6.386790672284925e-05,0.06124834700079975,0.6274523360328105,0.0023595818712411347,7
0.03545043222667585,0.09262345894766777,0.1161404706876978,0.13110552226132038,0.03445056224290122,0.06557688448207409,0.004028945426874984,0.05140226014858106,0.4364639240439507,0.032757539532255686,8
0.04827766879643545,0.30005958470022803,0.17329370341202865,0.02423937120644927,0.0616592808546515,0.0055854224893318325,0.2997252990860423,0.023741777845818924,0.013156739883197578,0.05026115172581637,2
0.007004991427634651,0.4607511158140504,0.00582024905865429,0.08360107743698941,0.007907029014713851,0.04056652486953324,0.013400048196908244,0.1286694800566073,0.087000548367943,0.1652789357569659,1
0.026973189552372663,0.07557741151143686,0.0153283097098664,0.007302145661377256,0.003139696753047512,0.00733031632841586,0.0034471213966554073,0.7602845592119135,0.02618115717403179,0.07443609270088242,7
0.007327657309641339,0.12885644805104177,0.005835010681949495,0.002300905665314584,0.12102951435044176,0.31926936753278534,0.0009281257201060618,0.1952804525308994,0.17603768266860118,0.04313483548921946,4
0.3093887108244785,0.005279649955391045,0.0029535845526911207,0.4343095392531159,0.0068226377297975925,0.02337128689114898,0.001908533226263023,0.09362218776446644,0.11792987197361607,0.004413997829031063,0
0.5443439375076009,0.35887852851860136,0.0030453915430099687,0.018982503251689337,0.007188726592750563,0.02050246953236855,0.021406007748201013,0.008433764062037816,0.010813533378041399,0.006405137865699388,0
0.02163988955454617,0.024035601096943193,0.04502509301625,0.051513920333346654,0.012855484053790847,0.3453061826878777,0.009660251680612356,0.21081194695750277,0.24491120450163864,0.034240426117491146,5
0.7232621819770042,0.059580289261535406,0.005377557428286085,0.0037011744310502443,0.05623148342736885,0.009191892316968098,0.026400166753163447,0.10345390233103675,0.008192602133480543,0.004608749940106325,0
4.021392618713044e-09,1.6809751076650067e-09,7.033581978733018e-10,0.9999300468459078,3.907299277696186e-08,6.978866700855557e-05,1.4241720500227572e-08,1.924679445428247e-08,5.0304619896549845e-08,3.5215229990573955e-08,3
0.07354068076604164,0.3764935682030627,0.01218571269801527,0.2471929499270972,0.12625314691617312,0.015272757108623589,0.02981710814698134,0.01611609363797719,0.08102763736426843,0.02210034523176015,8
0.8642630179817767,0.02917028906246226,0.0034922507440140293,0.0030281452218623947,0.00897082486563289,0.025687296004723185,0.011512041028059356,0.02297383581387811,0.017782438933280194,0.013119860344311262,0
0.0014860270031312158,0.982562185590254,0.000927028669268715,0.00703093482845909,0.0015449234367370826,0.0004886190733709325,0.001719279583844435,0.0008033258955413229,0.0009870685412777486,0.0024506073781158516,1
0.03289477581332353,0.8500203489643194,0.0010739275042644715,0.009778967679808114,0.0082348378201342,0.018452069590299908,0.0010250742473449672,0.018711697532332358,0.03018885400191574,0.029619446846257107,1
0.004644668064588997,0.07469732626091394,0.012513996642278905,0.8439612287343256,0.002609656564518483,0.005793104581369466,0.007534690472843673,0.009540875783562315,0.017334013378126723,0.02137043951747255,3
0.08024022208362398,0.023425563996431906,0.008058196517043875,0.006642051492716804,0.01121103733561358,0.14504263189868857,0.0021901315932830023,0.26466638960081995,0.2578270955823806,0.20069667989939802,9
0.0272770604574794,0.023643215233505065,0.0013629953560329545,0.002913516941174552,0.005224930358715986,0.2377966541062982,0.000768849946164573,0.4839478117145774,0.2102694798259005,0.00679548606015146,7
0.18048811633918468,0.06567267335153328,0.012416098805159469,0.12186213107803642,0.07910470049952321,0.006296674514125013,0.49942548116338137,0.01167647857620693,0.01249012031342483,0.01056752535942426,6
0.0019400169204936148,0.005105686498097185,0.0010789853569681156,0.15111548707711395,0.008745607268361709,0.02876028438468936,0.00034568140796306207,0.7720406221810598,0.029911174062720373,0.0009564548425317344,7
0.06269791361629053,0.01283764809455958,0.003830857319214111,0.19884919202863793,0.2874511515393118,0.28355130489396563,0.004067498421606864,0.010837329021356763,0.1284060430360818,0.007471062028975197,4
8.720927390352952e-14,2.3845069901500762e-14,1.1682299648559592e-14,1.6964790954069514e-14,4.370362066502041e-14,0.9999999190959727,1.1132845290106586e-08,2.0893616484923327e-08,3.415109818780926e-08,1.472628401389897e-08,5
0.11862020013219905,0.018215858929989098,0.039074575677081766,0.028619622094255594,0.5104181647146734,0.01742139357575106,0.035270219252919253,0.011399808314731112,0.13023001137145218,0.09073014593694757,8
0.16654710376752732,0.08799057991932278,0.023831214996600746,0.030067197179775455,0.1941054855079288,0.060613870485420336,0.21874480261277882,0.07869204988681967,0.056820861643365,0.08258683400046132,5
0.03359845951964886,0.8408085040730718,0.006304192278871986,0.0239113825067577,0.0271673872380231,0.03215247566462735,0.0059354128911855136,0.012800308128531307,0.006054572102055591,0.011267305597227049,1
0.976022665959434,0.0013354403054543172,0.0001077225873182717,0.0003544678950148751,0.015987284297176427,0.0007427146278493698,0.004104067892418535,0.00039762502846195873,0.0006515090902547042,0.0002965023166178274,0
0.9488567661969879,0.00856359151542952,0.00016924487167050843,0.0020665111540757405,0.005954014728057466,0.0040768957123647545,0.023472638883296374,0.00210677762806183,0.0020478125710386924,0.002685746739017778,0
0.05378527969400472,0.31306887292812374,0.10367554949141902,0.027010535321279117,0.15250862652464417,0.012912753065531524,0.1954795329939854,0.022600329973231807,0.02268496809006289,0.09627355191771714,9
0.010520984215162914,0.0038254671128955618,0.0010627992344912302,0.9518215660441096,0.012057051812188939,0.003265076310360307,0.012228245798601439,0.0008013292702333635,0.0022061662932001285,0.0022113139087568665,3
0.018961316934289773,0.012892118086540973,0.0003768084788376951,0.06673715968348169,0.60573566556547,0.09365489230005464,0.0006012405509130634,0.006036727568610013,0.1833336976039292,0.011670373227873393,8
0.032836296610911635,0.09762109576635822,0.11288665019294893,0.012602417567155825,0.025612217361148167,0.030114530593740328,0.012869837577577857,0.29107841173906046,0.06900639009576487,0.3153721524953337,2
2.399912641853324e-08,1.0628674841524496e-08,8.367785498401224e-09,0.9999050034213688,5.396194428245982e-06,5.3748478608458523e-05,1.998226462271466e-08,5.443645368008207e-07,3.3351082694595725e-05,1.8934805113465604e-06,3
0.033949299702065894,0.726591153783934,0.01456504250367064,0.012430357964102114,0.03242484870870976,0.005252504688336866,0.1524974193052719,0.005902091226751983,0.009149593771627218,0.007237688345529225,1
0.012346380279855053,0.007685469149256409,0.0012096714401121336,0.09175063841482724,0.05926344940192039,0.20305577512953984,0.0009187094952318526,0.010079884039511402,0.6030394835569176,0.010650539092828277,8
0.18994116540214878,0.00581715213466956,0.002987379213966403,0.009912182113976143,0.6710114833515055,0.10292111752291166,0.0029126241300016986,0.003977139338140631,0.0071205067677010065,0.0033992500249787733,4
0.41904766060988446,0.03621941296710639,0.2582379648448497,0.02954530850982732,0.01280126095485812,0.016663346337562727,0.047278799845268546,0.04002288327229495,0.07330457725682198,0.06687878540152552,0
0.012154164338249212,0.014837972643527828,0.026156910690482215,0.053365108235169614,0.039173567594593096,0.1674241010914502,0.10425664297553926,0.21857356941081332,0.14824168951030944,0.21581627350986535,9
0.0008785998519563388,0.0010721295057951595,0.9693534938025343,0.00789473372858968,0.0017044734022371164,0.003634761316522409,0.00028639166845328317,0.0007866288733502618,0.013374551458871838,0.0010142363916896535,2
0.009222149400049092,0.05053390275939126,0.5944735797739796,0.044901812053932115,0.02600247791880359,0.01589231436646016,0.00706629890944233,0.019290915086020422,0.04930817214711589,0.18330837758480564,2
0.006242295523577571,0.017550570412584753,0.9126662852390072,0.019287789821595427,0.003050987024334128,0.0022486435396829618,0.002052801179267902,0.011223288534745204,0.00439678251356543,0.02128055621163989,2
0.03894551839705047,0.047083387278062286,0.32129135277129645,0.07450055106089362,0.10985043969576004,0.026989180920290276,0.16426251899099475,0.10826309924469137,0.057001557304628074,0.05181239433633307,6
0.08270186666544518,0.36077844161548234,0.011135469553188629,0.0588009506122927,0.08165066197946678,0.018551602251189837,0.0414067325530785,0.01725219800987785,0.09421888448842673,0.2335031922715513,9
0.054875422417516855,0.8242806901620491,0.014774971534781463,0.02561391819482441,0.021832919788329252,0.01218256258092795,0.008421231882830477,0.010227367029068754,0.015603951869288335,0.01218696454038341,1
0.048621111347473524,0.06981321401820428,0.10355467477142226,0.09046935100699721,0.03666312124917173,0.4790703417666867,0.0022841709703194718,0.008211473380817994,0.12385124807536575,0.037461293413541125,2
1.0536253528253787e-07,4.6592061822457816e-08,1.3933923643846177e-08,0.9998491430260155,3.703025647726222e-06,8.231676435081284e-05,4.530527399148075e-07,3.849431794088051e-06,5.920685877358624e-05,1.161952157528938e-06,3
0.004330033276834406,0.002197010656020476,0.9502795420570599,0.00961075572052218,0.0022404695655002024,0.004650009801115112,0.0010515163728249193,0.010293708629437952,0.008836828195959339,0.00651012572472537,2
0.0002837465118403519,0.00033192726627722253,0.9890272448760914,0.0018197097866754252,0.000250394456067151,0.0020892236574661617,4.400393785285962e-05,0.0017858345888597713,0.0028414200333124013,0.0015264948855568743,2
0.017409411935735905,0.027884606776870092,0.0035543024494003586,0.005979543771081288,0.9258662588099847,0.002761806200779412,0.009756404500150577,0.0008231898675363565,0.003573333365690737,0.0023911423227705466,4
0.5620685877702327,0.01901481089352135,0.005759370775966647,0.004105419047788929,0.0028675202937644157,0.08102722139593484,0.003535449074724327,0.21012092042447733,0.10854096930114518,0.0029597310224442766,0
0.0025138085360665464,0.0034209936703871744,0.973213762566251,0.001191649733209464,0.00019466406396099293,0.0077067991027508715,7.667604819484168e-05,0.002053816782148005,0.008718688713734253,0.0009091407832971921,2
0.054779149042967254,0.004638156768498657,0.0030101694262673058,0.038433778023604925,0.004604515983242802,0.7488697056706589,0.0010453566059012414,0.0025401316381015995,0.13845640100101872,0.0036226358397379588,5
0.08613669968195403,0.664112683591914,0.01453537004898559,0.023938473449705733,0.013621534932009058,0.017613493519598407,0.05459802188572149,0.05490429383945944,0.042625772884337394,0.02791365616631446,1
0.07563163970509469,0.005164390430035025,0.0012181659762649948,0.008926273952527328,0.4997484080496555,0.19334716002252977,0.0006866681564280094,0.009337042650977604,0.19770741608769474,0.008232834968792317,4
0.0005180539792630094,0.00014436943989702,1.5904970180978025e-06,0.9910620048832596,0.00044298510244665805,0.006186700503485742,8.531208348430668e-06,1.5939043051646518e-05,0.0016083943758163832,1.1430967413554134e-05,3
0.7675237467356619,0.0024692552121454935,0.003636267956772619,0.02592171806689326,0.01721180633859962,0.11468982747941299,0.0005505354048624449,0.037368503669504165,0.020907174536011222,0.009721164600136382,0
0.049146833727984285,0.6339622448957636,0.024130541472224164,0.017956647066351264,0.06403326990466889,0.05867683801506837,0.02621671377773914,0.04357017346425882,0.06586995572888914,0.016436781947051702,1
0.008137832752100086,0.011716721590972801,0.0028797438845755193,0.016814528460272374,0.09815405511381495,0.07297152389778923,0.0018118961686809597,0.05378698617018493,0.09062307046627927,0.64310364149533,9
0.30366033590142566,0.19036171208311667,0.003944015615092578,0.10538408703296548,0.044831555458555696,0.010401011371925999,0.31073855506834913,0.00769303452087248,0.011159202928448277,0.011826490019247607,6
0.4690773392187137,0.003989876445151883,0.29135529712430924,0.005897833518837133,0.0033587456582174708,0.022140956976586284,0.002055365071959991,0.0046795366346765,0.09171088689609747,0.10573416245545059,2
0.017258065103443736,0.01470059922249962,0.6073646891416941,0.23954965200923709,0.004217091200752686,0.022748149678277298,0.01667468662432858,0.025167659929513895,0.021836599283488575,0.030482807806764697,2
0.9604429404646574,0.003147571264656459,4.510798384732711e-05,0.0010569433969794778,0.0056498005235195775,0.02256982430513696,0.0006704448054244073,0.0022503463287170526,0.0013947835066494638,0.00277223742041144,0
0.06106816780160209,0.028358346616125015,0.010940139379834344,0.09206650801940587,0.07982419793323976,0.06954987987303957,0.4172233412985515,0.13451650263520612,0.07286349659625994,0.033589419846735684,6
0.00602306216789602,0.033226445626396754,0.0033719735578366565,0.9099638043678995,0.009724928543570818,0.006618640480395157,0.018714067173436273,0.004075538799319925,0.00476060589392518,0.0035209333893231032,3
0.0916001681112554,0.0922031515757321,0.028174915671245353,0.10889730209265719,0.09665826728126659,0.26370675209940053,0.009264314365955508,0.04598311102866585,0.20315582632244156,0.06035619145137982,5
0.028602991849272508,0.04668643039120701,0.0756453589329942,0.149907025711913,0.13625218190834948,0.0501854766820332,0.05806622727682944,0.14169233505342144,0.08114843248141154,0.23181353971256777,5
0.053080452203997715,0.11488837355232011,0.6183233184760021,0.05185586226114125,0.011147483539942228,0.005185448120664019,0.0591695453135543,0.02408557483788731,0.019500982519348727,0.04276295917514206,2
0.00031801481137849107,0.0003935537510031463,2.4988929671918216e-05,0.9962972521901808,0.0001285158469581895,0.0013849498834515562,4.518244106722625e-05,0.00015305788208280386,0.0010800135824243844,0.00017447068178130248,3
0.031966970802779125,0.6390417767397663,0.0009451063800091675,0.01561520060519821,0.21040645902041955,0.05437696696656648,0.0008214396787170369,0.0049023110309527485,0.021502881478212502,0.02042088729737969,1
0.0668333776473571,0.027606729682874816,0.009008678767076903,0.06551742830372054,0.10316933541076424,0.0329807540575719,0.006931333991941665,0.5718172483484785,0.09573037391144638,0.020404739878768147,4
0.02956483541566906,0.9371756732548637,0.0035991084560183647,0.003826391164256017,0.0037902657343637756,0.0023647371193763447,0.005992173847674577,0.003933006646897819,0.006240355926028849,0.003513452434851383,1
0.004409797494268654,0.01587177381975177,0.002220376956072212,0.04529240741448403,0.015212094351262825,0.10791614950301644,0.000543607170067731,0.008476110828378965,0.025862565324181408,0.7741951171385157,9
0.7566587831589152,0.010487033084319189,0.0007723902994159713,0.02373032313771853,0.014966520652339348,0.14668190316517124,0.0063217763942879325,0.007955849040211911,0.029832398461161553,0.0025930226064590934,0
0.05773121701745488,0.0803045745440059,0.04933382736403277,0.019912043989697686,0.03487997896533122,0.007550926325001755,0.6897199363233202,0.012841822912126438,0.013216804615028726,0.03450886794400053,6
0.14014133053446498,0.019172531611604288,0.023283110284132186,0.04127708576836338,0.04698406125483101,0.17854202729888582,0.015975280461396492,0.021702939216600884,0.5014865206339814,0.011435112935739985,2
0.12278152497142364,0.0033597592042590688,0.00025652887696441765,0.00034326324580528407,0.00319747772085903,0.7912316909488991,0.00018049340079741465,0.005449430944927399,0.056590099815198504,0.01660973087086611,0
0.028187050767546157,0.3857509747884205,0.006431781415738999,0.15050190962799234,0.018510861658588843,0.03695859251958601,0.00914562261726453,0.1357047403469256,0.033597130306761216,0.19521133595117582,3
0.9207775617779946,0.004712152617175919,0.0034241016309582532,0.005857679293502504,0.007411539445760181,0.02173852323629223,0.011832650182978688,0.012865535836676928,0.0065025502968130665,0.004877705681846891,0
0.12976362073567038,0.14449299728023296,0.047417713218057975,0.07502316833270835,0.1791301318033313,0.04106841272082584,0.16902231633735,0.07814507574402874,0.07648838822029246,0.05944817560750246,4
0.0936310677732778,0.05741622509748562,0.005380897271973895,0.578935286284809,0.03990567489173717,0.022757491947109475,0.12176047198711624,0.03866343864745009,0.019693429294742795,0.02185601680429756,3
0.10062329265962655,0.0014816211258381884,0.0010310032107503175,0.003754738228643195,0.03213051235698466,0.5379218241663454,0.0008756578665001091,0.06329968683285374,0.2573647177856828,0.001516945766775566,8
0.0994189187456102,0.11105739209612529,0.22616992940623412,0.031813405471081004,0.12245561650655731,0.021268229466466233,0.19115869475670835,0.07470826589930042,0.04357502325110212,0.07837452440081497,5
0.03209048909296921,0.0993736243617901,0.09186236697588583,0.06335607511593411,0.39639926136293796,0.024153008267664276,0.023121362995478446,0.033422814454770015,0.13855974915436237,0.09766124821820783,4
0.000142624188996658,2.5039066111753494e-05,1.0808876439961657e-05,0.0001471567413335631,0.0053927956604036655,0.973704643061521,3.246212133856388e-06,6.682567431500284e-05,0.019572145529176188,0.0009347149895683679,5
0.013134554418725903,0.05784551948365439,0.001435712530539134,0.1390899230976173,0.02169619492143524,0.03654215634275444,0.0017629872024381402,0.4809232451861407,0.23534972818848005,0.0122199786282147,7
0.140465247729659,0.1542740907802296,0.22443605664514638,0.022830427780685766,0.035390876143512995,0.0108532508136144,0.31255914480669644,0.04185282075773659,0.014574678369153344,0.04276340617356524,0
0.0023083586219481995,0.0008548299326157895,0.0003141643930279634,0.9831769907968957,0.0023665803765347934,0.006637230094413635,0.0022755017271528736,0.0003087168171805889,0.0011253108457428497,0.000632316394487801,3
0.04411116951061666,0.03893956306296487,0.004880051905867602,0.024174960033886004,0.8382715814003665,0.01262396555902895,0.021398865506174036,0.003014354875054771,0.005248239482470208,0.007337248663570786,4
0.011156675406767347,0.011323189136509301,0.0013350523752629398,0.02028155166175088,0.028273330175331533,0.5761672953911691,0.0017929058846648202,0.0803174259816341,0.052878560303572006,0.21647401368333813,5
0.04491386563274344,0.049770557257291625,0.05298649060676016,0.052705551520592205,0.0848536113697706,0.014997980836994718,0.10164318898016615,0.06861889234149693,0.032135999090015646,0.49737386236416764,9
0.8479651975355892,0.01340703405295886,0.002795574435325392,0.07716930048819126,0.004028074340618002,0.02599262945228998,0.0019890985879349064,0.006857852069615791,0.018785079700722344,0.0010101593367541604,0
0.043182934446606244,0.07048082271986204,0.37411938725708,0.02615301758725697,0.026429656365506465,0.02654039149983171,0.36187639241364844,0.03456450959260377,0.01504968144496352,0.021603206672640332,2
0.7430025276822558,0.030530459738608105,0.0030022624016268315,0.005161522400850513,0.005021497353777866,0.11338298437412722,0.0013300849564103403,0.056976473600823974,0.033197275616595065,0.008394911874923763,0
0.061742020802064194,0.4334813620190218,0.024047905395639838,0.08746073195915138,0.024991228093490043,0.0408900741003391,0.0351818749853187,0.06323981568085402,0.13314572152880066,0.09581926543532057,1
0.009796853308576752,0.014588990733061193,0.004664645092156785,0.24514464853624007,0.06201619170775926,0.3079859838552094,0.0017468678893677574,0.03876428042553484,0.30099031664790404,0.014301221804189242,8
0.09756411560832011,0.08221076306457237,0.009469179760580695,0.005632758514619725,0.024542912976958507,0.24851187737368394,0.0027728740159802686,0.39254857133821963,0.04504769561971163,0.09169925172735308,0
0.03348653589689228,0.006139365531666898,0.0036866467734937847,0.5414601902844071,0.03402997724733288,0.10170755435330106,0.003200113840854273,0.004870039645372618,0.26633017261461267,0.005089403812066597,3
0.9990439720400134,4.083844248153293e-06,4.278298006035224e-07,0.0002443747043106418,0.00044977749542141353,0.00018091874144722967,4.305449495166703e-05,1.4016252086318355e-05,1.614287950450879e-05,3.231718215897329e-06,0
0.89661114241141,0.007739061989284401,0.002565021802997108,0.0014220992723685817,0.003725095813234402,0.01651453214363113,0.0006091575500037776,0.009245250965098324,0.059211616633765216,0.002357021418207087,0
0.054469761151846895,0.082609335107251,0.025332138474167817,0.04212771545155067,0.09910832339903139,0.011559709219609787,0.6385455293591474,0.0113632491349765,0.014866965307039907,0.020017273395378555,6
0.02007542819626398,0.008833513367766404,0.0008930364165131231,0.11774789655320919,0.01741072625386491,0.38946947033175267,0.00964061650802452,0.10548206592638007,0.06307732054412568,0.2673699259020992,5
0.043343359781625866,0.5511720605775822,0.02519835246329535,0.03170432457369665,0.08190015369960672,0.01720682325048319,0.01452668451739723,0.07103210235122263,0.06334804175763582,0.10056809702745444,1
0.0611930853517868,0.5379509876293955,0.0020730683362576935,0.010952076082773642,0.007084846336963787,0.024730795911849845,0.0001102970641663407,0.31926072562041896,0.03444471206090693,0.0021994056054802868,1
0.19864871352098143,0.1807315629300456,0.10787388032603765,0.017840952100026,0.01005549472487876,0.007706561451361793,0.39542208566397374,0.05377450294783654,0.011205751675058785,0.016740494659799862,0
0.0855546117263991,0.02696172954658585,0.018059981539116563,0.025048861104555276,0.14140757754779015,0.24399391898379771,0.016216783307878978,0.2045250848048836,0.05373009585847238,0.1845013555805201,5
0.003102118031357805,0.000841966048605455,0.9785643982822646,0.006573084702447467,0.000927082640349085,0.0009290372597818269,0.0005392308494538993,0.00028283368696631935,0.0038748053623942217,0.004365443136379053,2
0.004773749812314787,0.0019736577409760463,0.0018383401172514953,0.01903881847165645,0.005683848191986487,0.759165715166829,0.0014827996897087991,0.007384817239549884,0.14786993295070838,0.0507883206190186,8
0.02779242244956372,0.04600906045886818,0.15240620597229,0.0797688827847057,0.17970422710299083,0.05154454217934257,0.09382233840859577,0.06574186429371408,0.0941758212962126,0.20903463505371678,8
0.008190641855763228,0.8471368052579441,0.006042004266704949,0.09253154960805474,0.026182803827356434,0.0046843122699076365,0.0012523439174283984,0.0017353024849521613,0.0055505409604515435,0.006693695551436347,1
0.4218796519377799,0.030898859177988083,0.0094470855889841,0.006210445786305954,0.01598710429066359,0.13179417154308753,0.0022791545734737635,0.039474075361809725,0.2766582830354994,0.06537116870440826,0
0.10221810360984183,0.08510528130848086,0.012758647080323234,0.5704048293040571,0.03690482146073304,0.016606623684958306,0.12269883849941694,0.04015032518589212,0.0069725969818666125,0.0061799328844301124,3
0.4364337133427539,0.0229440039927406,0.001167046962369511,0.004240336161672448,0.357799982415647,0.056196346242137096,0.0009056418077310377,0.007509595937175595,0.07611897209484168,0.03668436104293133,0
0.006251473150513639,0.012602096328697533,0.006932190482018474,0.051299513532084964,0.3092691068165434,0.00788795119998272,0.005664644980943272,0.05513411462629909,0.4808491768552596,0.06410973202765784,8
0.051546053725204426,0.32597588613025014,0.037058593852543766,0.34326097522779464,0.08423724807978612,0.007765901556851442,0.07806451052811009,0.007933077898304568,0.02207254476167248,0.0420852082394821,3
0.19650592310301035,0.001262946853721293,7.304655883101616e-05,0.003392755869605305,0.7837066832201278,0.011639291493602204,0.0003897536932889277,0.0010605839926372128,0.0015200810688684632,0.00044893414630702076,4
0.017991797380802158,0.04265670511136456,0.007806448303451562,0.703775782135233,0.03567971553734684,0.018647692343597016,0.06251356390749423,0.07188433068186541,0.013593937733371428,0.025450026865474103,3
0.22506987461564934,0.3122998077161737,0.08419438488385934,0.06236179169268703,0.09364409529488557,0.009288612070648688,0.1263051692660415,0.03577769035054746,0.025439573639207746,0.0256190004702995,0
0.05137555312264874,0.27206275155214155,0.06647702463993638,0.013450860813154044,0.13644260134790667,0.005725695707833815,0.39839038919703956,0.010464339107579606,0.012359174817961885,0.03325160969379782,4
0.036740405173578676,0.11567657905260388,0.00580872242714398,0.2237184249355856,0.09498731341039238,0.18282618538485776,0.004372832518529212,0.00891596243838446,0.27624113018957996,0.05071244446934448,8
0.013221250637636035,0.015845511674849787,0.005418814607981338,0.013196449951103516,0.0009305537165977508,0.03388816608767288,0.0005385301700426644,0.87778512567179,0.021696894463912774,0.017478703018413595,7
0.0013788547500217096,0.0004877693185357993,0.00025684748850409247,0.004848484089877897,0.0010945680135199312,0.016294655451563902,8.889109629855064e-05,0.004475196928844976,0.01134625159023217,0.9597284812726007,9
0.10322926264945324,0.0024918628859163217,0.014331612436585945,0.3143994618284436,0.0049399864147955126,0.350458781090817,0.004526703000488719,0.03276076155070314,0.07884117648550223,0.09402039165729405,9
0.08756580123221311,0.6260465183300941,0.09535679424392259,0.03328698457284803,0.04805694680815112,0.02452639341888144,0.011206043431194503,0.024980275733960923,0.031019906912364042,0.017954335316369967,1
0.004565467363582558,0.9762505559365248,0.0005917475696877333,0.0064783357230222514,0.0018114811100697595,0.0023588276730110106,0.0005679036412239298,0.0009543913351706746,0.005037675570875145,0.001383614076832056,1
0.08464399783300108,0.17929344756575466,0.0482452932897481,0.022301259476505814,0.047117077861874794,0.02996780564090866,0.0827489529704463,0.19141607320508724,0.07165067261950153,0.24261541953717194,6
0.004126824797492307,0.010981411716799951,0.8463993624123247,0.007379698487901142,0.0015815847711663487,0.01717019644699605,0.0009544682153269134,0.04189249413352688,0.00784199763886245,0.06167196137960367,2
0.0056331730682818975,0.07652981367784771,0.009416378112039289,0.04264399408610463,0.04880506104668547,0.02431672262269679,0.0056572030263982494,0.09981870676137314,0.6048793624693024,0.08229958512927063,1
0.014234349915341983,0.030515662258706888,0.012027767016392528,0.02835383199224787,0.004973764561743569,0.0755916485768223,0.003248904143055329,0.402502166461832,0.12124306333489644,0.30730884173896095,7
0.006848819981221528,0.0004004518696303416,5.234717120186763e-05,0.011942738680043771,0.9763507634690808,0.0021487765191693584,0.0005142547412983257,0.0002200074525251038,0.0013917299008564745,0.00013011021497231454,4
0.05854123181195034,0.13235459785479303,0.010223862281130501,0.05077594953732937,0.05259841454433276,0.06385538418285452,0.479629480683003,0.01680403067423879,0.04674396095224555,0.08847308747812208,6
0.002506661437462428,0.009595881638586688,0.0003273532188099197,0.9364948876979191,0.002482682859821381,0.024187011545537977,0.00021232998793792264,0.0033174777263586344,0.01629264601508839,0.004583067872477307,3
0.13634094115267328,0.005401832032970337,0.0028207280926373555,0.03131904220277527,0.05915056461790456,0.20391935694726937,0.0029634389724779854,0.008836761717301713,0.5442162453349567,0.005031088929033389,0
0.030007787742590074,0.10099197872593735,0.11009226052763268,0.025925185771914244,0.1345844204474426,0.02649129609271204,0.037130382582943454,0.28744805379032606,0.09017597385397232,0.15715266046452933,4
0.0005441988659047926,0.001045907304377105,6.323504881667104e-05,0.9881317635615234,0.000391582177412181,0.0031275183975822945,0.00014863097085792353,0.00020331100821773283,0.006226878663369749,0.00011697400193826053,3
0.03284197559578153,0.01852251857862227,0.012503583918488792,0.01230861351889974,0.015351644114696061,0.0744994100525479,0.004198078109311179,0.006940212971006823,0.09515956670733734,0.7276743964333079,9
0.04943891153391905,0.20092124768061842,0.3742128672616153,0.03550245733571673,0.03948395456481974,0.008287753397915465,0.17570101598952337,0.03935784808361017,0.027144865381634013,0.04994907877062777,2
