0,1,2,3,4,5,6,7,8,9,Y
6.804042909751417e-05,3.6281624040094874e-05,1.993474072564478e-06,0.0008575433536400674,0.9670637433680994,3.711459941835021e-06,5.850358934730752e-07,5.029012419195848e-05,0.03175701131438605,0.0001607998166372404,4
0.0076996678608100945,0.0118808284501165,0.12220905492401396,0.0008888861201817314,0.007408530346578799,0.007502047043837735,0.8097525337000389,0.027610633500963325,0.0022915227802502323,0.002756295273208481,6
0.04198922228839257,0.012643298393466037,0.036472112672291536,0.004187364092529038,0.0028162976617884484,0.7428613594133298,0.019484842961841796,0.002276131519184099,0.13501473014509083,0.0022546408520859136,5
0.0010459390855351242,0.00019449009249761082,0.9982372574160578,6.104979747791609e-05,7.240991784137646e-05,1.9723249912689753e-05,0.00016828183968799345,9.358885636431395e-05,9.109857999794121e-05,1.616116462738293e-05,2
0.05924430148502258,0.0804709871679293,0.6569477117604242,0.009195139416410373,0.045690880897802565,0.05552553609798119,0.04787932129614634,0.010862008244587409,0.0100356455031028,0.024148468130593497,2
0.9963258774710132,0.00035688406642458775,6.144134825553225e-05,0.002109844275884193,4.3035097342073106e-05,0.0004199848834295339,0.00011186233259009947,9.426291926169178e-05,0.0003763722877303647,0.00010043531806841865,0
9.132076870185377e-09,0.9998742660460527,1.744281022978598e-06,2.240532023566035e-05,6.225834716504106e-05,1.595585813993737e-06,5.869399482891827e-06,3.155915961459308e-06,1.3018121938036177e-06,2.739415999466345e-05,1
4.778889777749028e-05,8.78120312244498e-05,2.0087645845274703e-06,0.0006915849003018505,0.9786875808609888,3.3195199659215075e-06,1.7735884084291015e-06,0.0005533993833385711,0.019441980487439052,0.00048275156597099063,4
0.005638314768751762,0.1879447726203203,0.0048546249372815225,0.03524026486979559,0.617594449405141,0.009373926329623885,0.023810096608088617,0.035856362171571864,0.01975687491173793,0.05993031337768677,4
0.006728071814736378,0.008959462235025726,0.2667929058503774,0.0030104331893148714,0.01657120820608284,0.013553740696621868,0.595525491249698,0.02794976566987011,0.0016296502322892261,0.05927927085598347,2
0.9936791215855868,0.00029510044548025204,0.0004986043942055527,0.0019826284696534513,0.0001513162036789965,0.002594709392309508,0.0004577505352842426,8.771148380494604e-05,7.558073137954013e-05,0.00017747675861690972,0
0.9795524398579314,0.009684407122520415,6.389805395205302e-05,0.0012181252754548304,0.0005325780527176477,0.0009966228077912505,0.0068326036587986905,0.00043667120689606676,0.0006001997507649812,8.245421317252082e-05,0
0.00047662470928103477,0.9978078198637355,2.4772405765932324e-07,1.178233789101267e-05,1.2852067973857793e-05,3.552079315526279e-07,4.694408137928815e-07,1.5847374646727597e-07,0.001689600364481954,8.981008754402297e-08,1
0.00331359436028619,0.006363605770099483,0.9248148120150359,0.001592320889751364,0.006346835189663465,0.007847258268133745,0.027025909322530767,0.009992602166462198,0.0011551650371183864,0.011547896980917918,2
0.003531690486530101,0.0002908208854631301,0.9942891822945208,0.0006554546857288124,0.00023504753298143733,9.116578266553617e-05,0.0004760359723602766,2.6171079426695775e-05,0.0002678470162288161,0.0001365842640942386,2
0.0019416713490130674,0.0044294893400955845,0.0013677435104902135,0.024150257013087505,0.7356610724841316,0.001959536437473628,0.0006513476953176091,0.03439078416179964,0.17931356237117071,0.016134535637420927,4
0.000327351697754504,0.0007877359885961983,7.140005979256661e-06,0.0017805649634804557,0.0007051878863620843,1.3382067544437354e-05,7.210357683449138e-06,0.9827606633852316,0.01360207902511541,8.684622252588583e-06,7
7.504965665444265e-07,0.9990104047324566,2.3530156836630754e-07,2.2270795456550216e-05,2.764613964869878e-07,1.1134155330153108e-05,8.022812859588445e-05,3.439266494743188e-06,0.0008705187088309068,7.419533039374243e-07,1
0.9999825076605976,6.110531140458146e-08,1.2221882249275793e-08,5.646123712226687e-06,2.982170775409322e-08,3.1369549177510585e-08,1.3555090826084499e-08,2.347105057414505e-08,1.1616252575388293e-05,5.841852260382944e-08,0
0.018082335115680654,0.03531560919201719,0.004174428568995747,0.002885678075973435,0.018243670529821204,0.001087882934916942,0.010127101836739861,0.8979570092744125,0.0023636296064722772,0.009762654864970743,7
0.0016891940870680283,0.0036606159054962143,0.9708192069759953,0.004586963269103222,0.004455007521757174,0.004045007794608764,0.003386245229740353,0.0008511943184080316,0.0008533544713146229,0.005653210426508407,2
0.0005625287725357792,2.3696119377171056e-05,5.108857187855582e-07,0.00019725881611390474,0.9874492164019298,7.495492318598489e-07,1.3245598590522043e-07,4.4512292817954125e-05,0.01163484636072288,8.654834556552984e-05,4
0.01838752329822318,0.04252416629580779,0.9020014142994849,0.0037275077466872525,0.002896341773101782,0.007338763085596508,0.01272015960910441,0.0013842503471472487,0.004945868622115827,0.004074004922731561,2
0.002711962284721754,0.011897106791260825,0.0005620680549655564,0.7529340381782025,0.010510606422298242,0.04566328831954975,0.0010213673792173104,0.0023921022581501563,0.17107988167333962,0.001227578638294379,3
0.05454646017584836,0.03361105368007375,0.003522209952551152,0.14750834606309007,0.3278460949927722,0.007220842778546241,0.0050543793002712405,0.026280282231834904,0.3762652066960409,0.018145124128971263,3
0.0034140858897763944,0.003276236724295976,0.0005345273181236065,0.002093746042025966,0.017422554075848067,0.0013082677655027264,0.0010074810346179356,0.013179240299512219,0.000943666726903958,0.9568201941233934,9
0.002033175103159639,0.008921526675976843,0.00042138304110268717,0.7757796349637128,0.051400039450832574,0.0007527481701355222,0.0007766750149158268,0.02082488565589232,0.13529248114679063,0.0037974507774812425,3
0.9998493612884115,3.120308289860599e-05,2.3704257919947526e-08,5.232337307487481e-05,1.634630701314076e-05,1.7649577414819558e-06,1.650833092510141e-07,5.661096001357208e-07,4.676353063933038e-05,1.482563053803398e-06,0
0.012909635302608224,0.009538350390911741,0.9663507526873629,0.000843076898182227,0.0005662634205351521,0.0032466173022167684,0.0038982178176315374,0.0003026927209105039,0.0018784460474813287,0.00046594741215968434,2
0.99980026902526,7.641917067031937e-08,1.731012060973664e-08,9.826527734780211e-05,6.827044348281866e-07,5.202316560682806e-07,1.4138504574782254e-07,4.702729104533476e-07,9.832600002779297e-05,1.2313740259543131e-06,0
9.754574280223198e-11,0.9999983297737618,1.1127527396242327e-08,2.1428437733235633e-07,2.4843878079158327e-08,3.171947131041512e-08,1.251575060312612e-08,1.6688975073046758e-08,1.3446236607487725e-06,1.4325051875451151e-08,1
0.015379801619724116,0.04764215648854391,0.004514882877521376,0.009863316995354268,0.7167852451881783,0.006866234718636867,0.008940563332279156,0.15863650562080123,0.012422472974909289,0.018948820184051515,4
2.977628798016567e-06,0.9982875733392967,0.00011631956974183576,1.732553486762808e-05,1.1973255000387453e-05,0.00015791863230606962,0.000797117118086576,7.14779541385834e-05,0.00010287486076631568,0.00043444210699774795,1
0.0003806223456284808,0.0040115498410793725,0.0009232066874975081,0.9143511576625495,0.002760158029614414,0.0013515328061282602,0.002206739307237782,0.061173028785951614,0.005332074635751858,0.007509929898561163,3
0.0024091120930805777,0.006564201444560866,0.015034395140702528,0.03380491892239063,0.05451194521326124,0.007381152982207304,0.8430975989727223,0.020827363772516237,0.0038526627992586885,0.012516648659299426,6
1.131554478002866e-05,2.7903667519017715e-05,4.218293476548445e-07,0.0005871678689346966,2.0199980647968627e-06,0.9993558893603072,7.307841405265376e-06,1.25503379230059e-06,4.455686084646935e-06,2.263169764120648e-06,5
0.9999996820827883,9.888215099364375e-08,1.5644847158754892e-08,6.050059490698168e-08,3.157764279099082e-08,3.4701290907964256e-08,1.2025181309151303e-08,1.7673168973594532e-08,3.353737740295979e-08,1.3374956844102092e-08,0
3.134329582636349e-06,0.9977073156517744,6.057697522008379e-07,0.0022177072711767522,1.6712952861940638e-06,1.0376097984605335e-06,7.010253626911086e-07,2.7114732571991104e-06,6.200849737805714e-05,3.1070766313870474e-06,1
1.4017528426617037e-06,1.4736756809441244e-06,4.728591628884661e-07,8.423346010230228e-07,2.1978124588687263e-06,5.437337661790472e-07,4.738035108710307e-07,0.9982757307899787,0.0017143117935262049,2.5514444716602015e-06,7
0.001741479647770747,0.007368702900123109,2.0068898783644666e-05,0.9814888363296501,0.0007470220375018296,4.7878834227601716e-05,8.266050539649692e-05,0.0018170403995998526,0.006653745756192449,3.2564690754323256e-05,3
0.7337475172687478,0.03123973096176419,0.05674653377354547,0.016004276416349616,0.015513144251105452,0.022641507429923578,0.09906764481412948,0.00902644559937422,0.003296973252454212,0.012716226232606183,0
3.876147437040489e-07,0.9987913365077927,1.3370840205411357e-07,0.00026374798276618705,1.4922508725184426e-06,3.713782302005314e-07,2.48832723045349e-07,2.4410125593583987e-07,0.0009258909063542158,1.6146716859281785e-05,1
0.001653512270709996,0.000817704177241714,3.4884681724807336e-05,0.017225827809270424,6.671064478525509e-05,0.9792982679235029,0.0004909285750895239,1.4161582254691914e-05,0.00037058534393410086,2.7416991486731587e-05,5
0.00016138516507844725,0.0010509090821774708,1.2829395710046925e-06,0.9950663689768828,0.00043808494265205807,2.465205583658749e-05,2.03318369329033e-06,5.144671777493408e-05,0.0031773122818643446,2.6524654468971326e-05,3
0.0006248963369653394,0.0007402377533048155,0.9975818874837965,0.00012414507163041683,4.1552934102078285e-05,0.0002776551460334723,0.00011112898430738833,5.3136183764479064e-05,0.0004219443578093241,2.341574828609298e-05,2
2.30239021293692e-05,1.9735782042011698e-05,3.1573581307298166e-05,0.0006076138076667767,1.9384530243954297e-05,0.9989284108881045,0.0002434524942371862,5.1633860144204016e-05,4.7903860354047464e-05,2.726729377027193e-05,5
0.010024792170147595,0.00048145498055107553,0.9889578277023181,0.00023087472335552665,1.1694031947070273e-05,3.6730399365278934e-05,9.509643389060567e-05,5.530782435754944e-06,0.00013116641138132272,2.4832364607485868e-05,2
0.023195138540772032,0.0034387702731409945,0.9649921818203394,0.000982685554344932,0.00032205703642120963,0.0002283014426028574,0.0004279226989600921,4.7708424987987074e-05,0.00634079590545623,2.4438302973953453e-05,2
0.002035618741484269,0.02185319280085825,0.00026068515733330803,0.01107180483900531,0.11533821870871191,0.0008479648600301585,0.00028293228650840625,0.0033358701962641793,0.8435171953980066,0.0014565170117978156,8
0.0003247817176796343,0.0014749014255961378,0.00017147523991351848,0.0005070421531509135,0.0024178964117298166,0.00020642686137428487,0.00023099064508975376,0.9916483292674546,0.0025000578914799137,0.0005180983865313899,7
0.013869151761252457,0.02303550444394378,0.007472782495111454,0.009606821855743188,0.11593313345777295,0.020102562911691754,0.055092554679230354,0.029644859029079873,0.021495748926995822,0.703746880439178,9
0.024347573724146702,0.028137132277355755,0.01359813829934191,0.019194975764132892,0.0025861559853204283,0.8930016335600544,0.007185269613001762,0.0049963018301859155,0.00530712289049637,0.0016456960559639866,5
0.005919736677521536,0.20679480148404253,0.0020223969744647113,0.013079880424123471,0.033725742141226964,0.013407496797116416,0.005895469188287938,0.5203369503813463,0.1897323002961711,0.009085225635699157,7
0.9989801701193336,4.3101589237928225e-05,2.078896582163174e-06,0.0006690829185885029,1.1116711650077102e-05,7.744777289589935e-05,4.830527416380287e-05,1.5092419497567513e-05,6.614136132160659e-05,8.746293672865055e-05,0
1.090844410442836e-06,1.1653345576242698e-06,3.213761395962826e-07,1.5843175610253105e-06,3.521399533947702e-07,0.9996633886129982,3.4708397227364487e-06,4.506038844857005e-06,0.0003214762083486946,2.6442874634095046e-06,5
0.0008828752981876208,0.0009632482165500087,1.4540281040863193e-06,0.0004773993735833229,0.0004385635952185806,6.124997710586644e-05,4.6221956951328146e-05,0.9956155552171068,0.001499352967651543,1.4079369541235188e-05,7
0.00801666907659071,0.002147676545777741,0.000170252298427499,0.0023843335510243657,0.9798164615633378,0.00048222945156725547,0.00020833229774135721,0.0015329690661353924,0.0026826521886459376,0.0025584239607514187,4
0.9864658044792388,0.0017469514712062338,0.00015477861339393016,0.003350775891422979,0.00032332404677997204,0.002068845268295756,0.0008498798687992575,0.002276667690055797,0.0026596488987856667,0.00010332377202132138,0
0.0003343015935406482,0.9972803231553513,0.00018779517744830186,0.00019392377266408935,0.00040495477895923854,3.8643236957611447e-05,5.3285559460720835e-05,9.331658070033244e-05,0.0003083738191621967,0.0011050823257556224,1
2.8007679849239765e-08,0.9997991393350939,1.916919981931933e-08,6.481989328565093e-06,7.738882613064328e-07,8.710151663384812e-08,1.0357953800478523e-07,1.4176497414890681e-07,0.00018870738172202403,4.517782685426043e-06,1
0.13087537506189253,0.07748527400789555,0.0011208425413320323,0.13848344978468025,0.0038404321102320327,0.6258249758766856,0.0014804629660164126,0.002274785510998407,0.017020516589638445,0.0015938855506289823,5
0.004447728197038961,0.023052419742676945,0.9024527020363932,0.005186642857849246,0.0024095419564592823,0.0038072242521979475,0.034093246360974216,0.0093320861402258,0.001864104272614973,0.01335430418357014,2
0.004026600530964261,0.08709078914684243,3.246271483237081e-05,0.8044724803822731,0.0032462827416774483,0.0006744786699769541,2.9461804594151976e-05,0.0008856876824339066,0.0985240617131246,0.0010176946132804754,3
1.346974268802758e-10,0.9999902876391812,1.2524184540915345e-08,3.5779860667990997e-06,2.7970035898074034e-08,4.679242995776504e-06,1.1139502570148476e-08,1.6985632006091023e-08,1.364366168670553e-06,2.2011535230160818e-08,1
0.0008677366666123811,0.0039597099551979455,0.00015942430214754724,0.9743082158225953,0.004301692270597272,0.0007634544368807009,0.0008139664701685319,0.0005933057438238597,0.013434191680985431,0.0007983026509914814,3
0.06213281941995317,0.07682242469150118,0.003381243983995034,0.021788718329364187,0.1160430281570314,0.002037572014000638,0.002431219679429568,0.6295728527168676,0.06612887069941785,0.019661250308439192,7
0.9997329090015471,5.120473128035723e-06,1.0932413036451318e-07,1.3207851309828982e-05,1.5463721125188958e-06,3.5314667516725325e-06,3.1039844943932667e-07,3.2981680935944878e-06,0.0002329468326510749,7.020111826037691e-06,0
0.0008461243906066507,0.004171703372337468,0.0025495026865816955,0.006524391641450202,0.004820514264766359,0.0008264696144811197,0.9746913133571552,0.0029777485143703845,0.0006575421471733159,0.0019346900110780386,6
0.010609784498033155,0.017349541616100077,0.016392614094025943,0.036799832905461745,0.018887662056154927,0.008039879543547736,0.8292124136245314,0.03600337526697315,0.001229256450222813,0.02547563994495,6
0.9950339129649725,0.0002169412237711827,1.0458408093054796e-06,0.00012711201906859571,7.065775481514173e-06,0.0002099029589413666,5.396543652111863e-06,0.00015339014905750532,0.004230860264112044,1.4372260133944302e-05,0
0.9999994814688825,9.978181433676523e-08,1.2398341439760692e-08,3.597694310263675e-08,1.8261510113575092e-08,2.531852527675231e-08,1.2022188916662945e-08,2.3176647386350438e-08,2.7729082653369137e-07,1.4304320687293333e-08,0
0.0007128656243969646,0.0006104792452779096,0.997337111794848,0.0006761374006651281,1.500171444170105e-05,0.00012931153694412546,0.0002566641535180804,6.058181664231239e-06,0.0002429961606874495,1.3374187556002233e-05,2
0.00012834953565513346,7.213430950681085e-06,1.639186863896266e-06,7.515510236825509e-05,0.0005980030765649492,2.0803316781037418e-06,2.0820644236493534e-06,0.9965773218917572,0.002558685503060254,4.946987667806193e-05,7
0.23335410706829537,0.05846972755257097,0.15028847961385153,0.009855659528648216,0.03923530553137455,0.029719476898357907,0.3749962100843872,0.030267786464310796,0.005459956592650122,0.06835329066555372,1
0.0018293108340028657,0.0014070811454680273,0.00015569026343325673,0.005986604129948201,0.00016391382996891894,0.9889291993873093,0.00018640660933410272,8.910627644223557e-05,0.0012061743289156458,4.6513195177856556e-05,5
0.006102568815125894,0.013892327775384228,0.006745275164028845,0.0037899310537555966,0.0025911232857762246,0.9463030780696885,0.014854487695093758,0.001120805102917151,0.0009690391671053232,0.0036313638711244684,5
0.9586275966672335,0.028263181375032184,0.0005649856217243639,0.002321717889134728,0.0015532882261556963,0.0015453879064547163,0.0029809506983738687,0.0016764113046882708,0.0017463574238974092,0.0007201228873049499,0
2.2014738120254397e-06,3.67874610188659e-06,1.0940427950889947e-06,4.776630116998545e-06,0.9969338751453941,1.3635544020011858e-06,1.1799145927809221e-06,2.6200170231582875e-06,0.0030470345603817147,2.1759153800654258e-06,4
0.07090818449744495,0.25919227731913497,0.421302904224701,0.038658386880997146,0.007001228196827148,0.0755890801342864,0.06130887638668498,0.03351362676332896,0.012685613472450242,0.01983982212414435,2
0.018466735159177888,0.048625763327823666,0.0009964525510487087,0.8652123719837294,0.020657823451729975,0.0016097411791950417,0.000519448679784745,0.02761570546734677,0.013514688887987545,0.0027812693121760947,3
1.06525577268439e-06,2.0689024636281037e-06,4.3561661366337066e-07,0.9984502751361994,0.0005082869784160404,3.0742616888117504e-05,5.549939695542344e-05,0.0004291815820447197,0.00035199233995023493,0.00017045217469558338,3
0.9757622530149658,0.002897644637298061,0.0016878193199426112,0.002428799466574638,0.0028588358565666827,0.002795553038247968,0.0025474487800629243,0.001757429290846371,0.0006202471126571775,0.006643969482837434,0
0.05189716412174783,0.028327964378627727,0.8082166550127441,0.0039500624786732545,0.012098819940928467,0.008354466090698532,0.011641263394267347,0.02256934364266998,0.0020269822819457104,0.050917278657697206,2
2.576830616111682e-13,0.9999996885252062,1.1230974469322882e-08,4.3427980217644134e-08,5.248481759254608e-08,2.4113901562881883e-08,1.4127268235436695e-08,1.993357178693336e-08,1.2004797605009915e-07,2.6108045782692674e-08,1
0.9967028962860452,0.0006940479262587405,5.0778140457291936e-05,0.0001814720131825858,0.00016436791281704245,0.00013236583645160222,0.0014461929976441628,0.00013249672537777172,5.968959623301173e-05,0.00043569256553256956,0
0.007051754195300973,0.9839018330120225,0.0001885040173344586,0.0013947655480337133,0.004370863988055246,0.0013632955495813373,0.0003757015255765544,0.0009443797340478101,0.00023887025194931145,0.0001700321780980614,1
0.9999996874670767,5.0824787895904063e-08,1.3145075275616068e-08,1.1304761804408523e-07,2.0050508317145475e-08,3.4530280168212943e-08,1.114662544929102e-08,1.6834699504588014e-08,3.841744336097965e-08,1.453588501655074e-08,0
0.001427175844321122,0.026763916689595612,0.9470124197984772,0.002943620128986356,0.00021669314570309575,0.015938624923613524,0.001960369792263847,0.0006261935999889868,0.0024183174587062775,0.0006926686183439055,2
0.0002516308043125194,6.69635296071708e-05,5.430010876382645e-06,0.0019374547845025934,8.044963867227653e-06,0.9975623444893416,1.7113011870554802e-05,2.884274015574351e-05,8.431286761165757e-05,3.786279785473788e-05,5
0.003073823909325814,0.048916850072396975,0.003586118258674183,0.018165240461137645,0.013890651981374322,0.002747361708976775,0.8940302564242475,0.0052012708800314045,0.0032335403613639817,0.007154885942471858,6
0.011542279248586439,0.03346096959259283,0.0006103357758599231,0.0020078300769321906,0.7868350758620798,0.0014889334786765828,0.00514933946505443,0.13476806426083646,0.009409417848207839,0.014727754391173917,4
0.00010423525512392231,0.9828238428557512,8.203557490325946e-05,0.011577351310372085,0.0013571289278409336,0.0002375064194095563,0.0013299740404296976,0.0005029772386549718,0.0010878923248617142,0.0008970560526523778,1
0.0188201536700732,0.021131066520899328,0.0487633844411133,0.025382966718086486,0.09381062599117665,0.047381791487692865,0.29286160298934455,0.3922392867092243,0.027159452395205876,0.03244966907718346,7
6.943817288102736e-10,1.9643824919876314e-09,4.677171295171174e-10,0.9999745172597384,8.64266531682701e-07,7.881566322338125e-08,3.0890660101463156e-06,7.228219305546326e-07,1.788427837242291e-05,2.840365272306826e-06,3
0.9999928839402248,4.4979523845547205e-08,1.2512679031752136e-08,4.9066139928813984e-06,2.686528675932222e-08,2.001882872669715e-08,1.1114099414903667e-08,1.8464284631487004e-08,2.059536025942945e-06,1.5955053665425335e-08,0
0.0003404132756529926,0.005242583273643408,7.136772173189899e-05,0.03552657065107845,0.002351117082721869,0.004418856714002399,0.00035653720677353897,0.00040159562856009875,0.9510940664985252,0.00019689194731012846,8
0.9999992910621334,8.719133790362623e-08,1.878800125139883e-08,4.6534428673503725e-08,3.55993596286805e-08,1.1471826792284895e-07,1.4154271512749839e-08,2.2558456315751922e-08,3.5078265820533463e-07,1.8611084864057847e-08,0
8.321436928530698e-07,0.9977844486503455,1.129634775571262e-06,0.0009931532789251827,1.9179640208312417e-05,2.996688285374201e-05,6.402600942351844e-05,1.1454110269905592e-05,0.00039992870312286616,0.0006958809463825474,1
0.0002802416227431352,0.000856642269913154,9.97578476670211e-06,0.0030715986077367555,0.0013465645012043974,0.00011458473164325245,2.0069363395891355e-05,0.001282528467777845,0.002863979561839416,0.9901538150889792,9
6.682974276316562e-09,0.9999585935159194,1.5777066931235563e-05,4.3411939904164084e-07,1.069432311278127e-06,2.930227360350366e-06,1.8510197494371027e-05,5.509335123675091e-07,1.311902756729611e-06,8.159213411944318e-07,1
0.0023018624874076472,0.003420505717574828,0.9895012340683772,0.0011261964065948755,0.00011681947273760935,0.0001225322527130912,0.00031088046542851667,9.16522844216714e-05,0.0029368281994115275,7.148864533389098e-05,2
0.00458509963825664,0.005466719041570402,0.0012158540745693398,0.0020661216138139994,0.0016409182208699821,0.003869776032882284,0.9728942876510914,0.005931826385919056,0.0002094949044517374,0.0021199024365741647,6
0.00259454955770155,0.0014661037906059096,0.0007662891828525226,0.010083087821223233,0.00883339163831968,0.00058109142362695,0.0009152618120764563,0.0031543851202666877,0.0323053411660754,0.9393004984872514,9
0.054464835530320964,0.8568023282843742,0.001125142723451518,0.004103631146071413,0.021152067423336886,0.00508189456121035,0.027157457020640267,0.00590401345251368,0.020203145852253912,0.004005484005826291,1
0.0002902796311839387,0.9971553269104174,0.00014245643025598235,0.0002903646851963016,0.0004713876959737639,3.675858706747464e-05,0.00030846819835863025,4.3863611867356705e-05,0.000276441061056993,0.000984653188622237,1
1.9656791453104923e-07,3.5124394835089466e-07,0.999338546236912,1.7714883330003706e-05,3.224137160706651e-07,0.0005411458570636395,3.244485224788968e-05,2.005338428500224e-06,6.35809015369233e-05,3.6917049021044624e-06,2
0.9997980503047057,2.936916401455612e-06,3.5064931264686696e-07,8.562342344757127e-06,3.086584393863624e-07,0.00011430220454539362,6.611397384326251e-05,5.240113277990382e-07,7.414014977729802e-06,1.4369241019397969e-06,0
0.004337582669468565,0.001536950424658934,0.0006138237090854013,0.029744684049163552,0.10012860936037661,0.000805556975851665,0.0005302482712801202,0.03854339483849559,0.8165564518280695,0.007202697873550002,8
3.035423889082424e-06,4.877755883274019e-06,1.4731175682663492e-06,0.997398597438026,0.0003116623533196258,3.7270377170423334e-06,3.1013246231795596e-05,0.0004644700265976757,0.001398854636929811,0.0003822889638374525,3
0.9977971619526635,3.1715089398025637e-06,2.966079130115465e-06,0.0008150545103592226,1.8236824099977806e-05,0.0010685243541253629,7.49979523466443e-05,6.227480350964968e-05,0.00010615201163856175,5.146000318717575e-05,0
0.06485350861788158,0.11039144636155174,0.0023833413225643526,0.060056461541934565,0.08474095052952847,0.005359007872717088,0.003600296575397653,0.4697823792597368,0.19383861358257884,0.004993994336108638,7
2.575991746444992e-09,8.541508903238513e-09,1.1528951949896323e-09,8.078618984071845e-09,4.928236679672607e-09,1.596742412896571e-09,1.145645889909031e-09,2.3764769211260517e-09,0.9999999306615738,3.894230943984204e-08,8
0.9015815783947363,0.013106923906614847,0.012078122754409787,0.02941286188636321,0.008721643646125926,0.0027594633528680405,0.02186864339940287,0.00598267688562368,0.0023121618501880307,0.0021759239236674604,0
0.0036229042436697295,0.004961547825553238,0.005469016339726146,0.0038065817179268294,0.01452778315547444,0.004094846213861066,0.01088039118011376,0.9175130964320596,0.010701161736562425,0.024422671155052828,7
0.999896501834967,2.8440522826364737e-05,1.4994522196570486e-08,2.7441320993318664e-05,7.637391222682207e-08,2.508177195740074e-08,1.373061201632095e-08,6.63740532167198e-08,4.7390187383920336e-05,2.9578957846903688e-08,0
0.9999997067981375,9.999914360663847e-08,1.462870156278911e-08,2.7025644475049315e-08,2.0055344928379894e-08,3.773220506502869e-08,1.274980018856845e-08,1.6949949882711523e-08,5.276796749401382e-08,1.129310468496406e-08,0
0.9999965839435725,5.954258691677489e-08,1.11904233392295e-08,1.0352750210082446e-06,2.760212992550822e-08,1.7089197585343387e-08,1.2543710457745053e-08,2.024724960954468e-08,2.2162339045069346e-06,1.6332203822198744e-08,0
0.014100919418866115,0.12613543895020476,0.00029323245743722947,0.00348364191397087,0.0013381620326248218,0.00017116488754467845,0.8501279636469791,0.0002187312426820796,0.0036604922601432737,0.00047025318954678236,6
0.9879059554927114,0.0009009132980836106,1.0108313088794347e-05,0.0012074749319853832,0.0014690499115456493,0.00016203195383236827,9.154403834709693e-06,0.0006270653992770361,0.007548022211752501,0.0001602240838893959,0
0.00639260241715739,0.0008813630781377054,0.9894482782920528,0.0008533203649484019,0.0002553668184053365,0.00011464391945334992,0.001200405028070807,8.189672607470977e-05,0.0006436991150065651,0.00012842424069272405,2
0.015021493350179172,0.01539285251528015,0.02042450430208889,0.038647115068264244,0.10126841541607669,0.010198812111513432,0.703745666878214,0.04135001658701141,0.0035143585347735965,0.05043676523659761,6
0.011595509984350456,0.13486938765043274,0.004990176044264406,0.32477534039616474,0.08831989171645972,0.01564670244784791,0.03960834220894133,0.07757999985414284,0.0770512145192801,0.22556343517811614,9
0.016990070206598186,0.15631195294139694,0.0029575720893906727,0.03749231057907651,0.43219699280447516,0.008652767580097514,0.002966266773842423,0.21033349702456466,0.06596251979764962,0.06613605020290814,4
0.010342791453022311,0.06555811232365624,0.7685911286812959,0.0058249166792846765,0.010379966030085851,0.05010218661315063,0.04846906771317133,0.017375869777529484,0.002603261689699722,0.02075269903910358,2
0.007142182334447741,0.008428344419748698,0.006438410701420892,0.004245292976922794,0.05850288613797502,0.013059434291488934,0.8755050961616933,0.00939392273071775,0.004343833194288099,0.01294059705129771,6
0.0036166506713419823,0.007865052701678447,0.15329005124905326,0.0036395684406522314,0.01107244016355244,0.011304992160101817,0.7716745247101191,0.01030630868884951,0.0009548700518500949,0.02627554116280117,6
0.05120933922114618,0.16704035099548148,0.01737096889463723,0.08710956477337914,0.20069423182706328,0.021143435869102178,0.015789048164050582,0.11839238132300824,0.29550675850778824,0.02574392042434357,4
0.0006791212173426144,0.0009030472531426567,0.9946658250315661,0.0004051965551453454,0.0013435135598783032,0.00048826258555901224,0.00031585196127357785,0.0006801699927292065,0.00020146582179420304,0.0003175460215686168,2
5.677475390134766e-07,0.9988545352889499,1.7830771375231661e-07,1.4846009674266096e-06,4.444018095962158e-07,4.2616015710400547e-07,2.192750591480705e-07,2.4331008188560434e-07,0.0011392008297835925,2.7000779387510595e-06,1
5.179369050088518e-07,0.9992957560506555,9.992365356831497e-08,2.605077885112932e-07,2.6015939348474726e-07,1.6387165948520004e-07,1.068471759972561e-07,1.548003352442028e-07,0.0007026463448187885,3.355761425376066e-08,1
0.026019625289413123,0.24074043062397876,0.04037044930100149,0.015117945071080722,0.30323752953726296,0.035067968698725194,0.1718691662672568,0.08052886127263592,0.01682061379172365,0.07022741014692177,4
0.010192788732854938,0.01063207351030994,0.0003919418206803382,0.9613467800933972,0.0011651944425842067,0.006296062991406968,0.000642784381559994,0.0020533301674086906,0.006158338456392686,0.0011207054034044976,3
0.00599123872974713,0.008283045287931676,0.17819500860080315,0.0016593634518615307,0.005123356607923268,0.01035570249705969,0.7673771895659888,0.010848074544494884,0.0010382871682300921,0.011128733545959476,6
0.0118735317823498,0.0037851985821514183,0.000707460497212464,0.004783597253819593,0.0002614772647336205,0.9733995784718122,0.0007595494088969807,0.0006983934210027096,0.003639833193660714,9.13801243611008e-05,5
0.006672088995769388,0.015663276659798716,0.00426815740784141,0.04554210943672918,0.8145387194851338,0.04424950911593598,0.013553772528937608,0.005548716558378466,0.02454303700392073,0.025420612807555126,4
0.9915147857231695,0.0011405055602123912,0.00036106811334529174,0.0006449283925285198,8.533771391184518e-05,0.0018986209218835263,0.002271729072378459,0.0014890240290510936,0.00017582559967010847,0.0004181748738490245,0
6.911397607153669e-05,8.38418525928076e-05,1.0882487366613077e-05,0.9897656649737949,0.00059852194091189,9.316547024782541e-05,0.00012181987473762734,0.00011224723015852753,0.009014245684210692,0.00013049650990783042,3
0.005199905308647249,0.9013232722530541,0.00024529211631086327,0.05617791311439301,0.004336353789306672,0.0008695173640879777,0.0005157431851676447,0.002575696592872665,0.02661959177460545,0.0021367145015544035,1
0.003026731839088863,0.8532399288971483,0.0008032466410382368,0.10053784577380978,0.006064746335240457,0.007847435980872532,0.0029056904180498958,0.013080761397926908,0.0011594347744914774,0.011334177942333566,1
0.9980133458327347,0.0005754662893892866,1.737824415838563e-06,0.0003084458064466826,1.1850930684160498e-05,0.0001069794295509227,0.0001844152382503302,0.00017655371318966033,0.0005989629970668204,2.224193827131338e-05,0
0.028533834639959496,0.11433858945679211,0.011986263676653971,0.007745569243562737,0.011680536692569701,0.02402864937750969,0.7838478774633402,0.00797115511282224,0.004495948014185452,0.005371576322604111,6
0.013482130945078321,0.0027342056783209033,0.0005747933411167368,0.030795174150477066,0.812029136897916,0.0009060367230786021,0.00530305513415282,0.11005999313911083,0.01925732142623424,0.004858152564514444,7
0.0005013794247938525,0.015364129200283825,0.0002467294154632794,0.964039520558973,0.01041277763464889,0.0008103440812800281,0.00045615097972163835,0.002164707120126148,0.005356468692544003,0.0006477928921655222,3
0.00013971738444222106,0.000609557705916643,1.639171294424268e-05,0.9940358967744228,0.0026466347463324122,0.00020625829680597237,0.00013617416850033229,0.0010014247246025651,0.0009516710763769546,0.00025627340965610006,3
0.9311982685235256,0.0061877047690364435,0.004958971459692211,0.006034887069167496,0.0015527028659133861,0.005718204841170855,0.01854754697989533,0.009726667166549003,0.0006992065262480428,0.015375839798802148,0
0.9997738887427161,5.334981730394097e-06,1.4944366749341555e-06,0.00011044763479451302,1.317833121421386e-06,1.899445527181739e-05,1.392969602871185e-05,1.5604916875256472e-06,6.99218903792635e-05,3.109837595327657e-06,0
0.011025346946541401,0.0007896054881409623,9.3747412316349e-06,0.000606052437059823,0.00010410081863966967,0.9854311570700851,6.991922491187468e-05,3.994521582052691e-05,0.0018951507768123002,2.9347280756574638e-05,5
0.10401079148898892,0.04398229279282848,0.003147898028411479,0.5909014721248048,0.01960039933868312,0.02748052604448711,0.0076560545187615145,0.0024622868912667684,0.19555687783530484,0.005201400936462947,8
9.121921622988756e-11,0.9999957332373985,1.6880880291378579e-06,7.930176522245264e-08,1.5331464985778266e-07,1.5153113819447395e-07,2.367024382205836e-07,4.4366577965545383e-07,1.100647210677122e-06,4.134203711471355e-07,1
0.0052309581591647525,0.0016192473907468204,0.9898434729307866,0.0005977998062345883,0.00028926685394747875,0.0003824544290752141,0.001027311484563927,0.0004767239773018407,0.00014640236308682714,0.0003863626050918173,2
8.563274354725255e-10,0.9999859082518509,1.3361882284261657e-06,6.217269188851753e-07,1.0716279390195574e-07,4.6353206021162507e-07,4.732818541306555e-06,1.5258016415911841e-07,1.0988400351843464e-06,5.578043079721339e-06,1
0.04536715133109765,0.0010789174466073776,7.985142098207159e-06,0.0011151931205572885,0.9416486636902868,1.689435618605679e-05,4.667865411118079e-06,6.647747014331762e-05,0.01060977620852068,8.427336909178864e-05,4
0.008789742654776556,0.14831166140481403,0.002541773521626746,0.008963949227459094,0.07204929725122391,0.005508269407036162,0.015804936103021885,0.7148855839569116,0.003435909435019643,0.019708877038110036,7
0.000491760110701923,0.00017850928364341413,3.358420851684328e-05,0.9929909340115822,0.002966481344116434,8.24304152348703e-05,0.00018977237875134994,0.0010652626187576495,0.0016316597055711412,0.00036960592312463116,3
0.007910073574191186,0.013216391268596693,0.3467477661254229,0.004475476698660741,0.018771118060899334,0.024488554456745932,0.46371955974398416,0.024332327147501095,0.001745501307753033,0.09459323161624489,5
0.00017576386539797431,0.00029620435523472466,4.469991090310788e-06,0.0027012605607511187,0.9841096038696585,2.2739148938578644e-05,4.2370688697741094e-06,0.0008310566404048937,0.01180920393907168,4.546056058206054e-05,4
2.2102800904193368e-07,0.9991990030349212,1.6846750527792503e-06,0.00021681471015454058,9.566987483668165e-05,3.883006502611337e-06,1.8506030222308148e-05,6.459446230870983e-05,0.0003920126263758947,7.61055161614124e-06,1
0.01557868678595802,0.0462943109628985,0.006550853534514861,0.5901705993843891,0.04774015347698406,0.04189333722250667,0.01640827366315182,0.033221994970486446,0.011917208996915344,0.19022458100219508,3
0.00013277857197634653,2.6221772426603177e-05,2.429054751662804e-07,4.626219504100171e-05,5.345551470017494e-05,3.929221723711015e-07,7.703662540993019e-08,0.9739821591363755,0.025758074346766777,3.355984407127438e-07,7
0.01361232079199729,0.04047772964794217,0.05277163884861877,0.010724658763954573,0.28886251222859827,0.011581068735858369,0.1956798428994381,0.13691725549167058,0.01964231629613817,0.22973065629578363,4
0.059591094134374016,0.008681830215508026,0.9002235681785399,0.008432809964056381,0.0021182650698297377,0.0023305233081708926,0.01246269554944219,0.0014895080172477536,0.003639901782467298,0.0010298037803634066,6
0.0007727611847404572,0.004012492213565445,2.94458886243188e-05,0.01546748945347223,8.810713559900882e-05,0.9784677284698494,4.9766231569875774e-05,5.695865787884863e-05,0.0009837638943498302,7.148687035031645e-05,5
0.009770812601266846,0.013008171864669302,0.00018250418026175835,0.01495251754861825,0.0001946553426549522,0.960971178091663,0.00016725146102766376,0.000178385467540353,0.0003182597851704058,0.0002562636571273888,5
0.00020225160901330368,0.00046138497095390735,2.195972080798359e-06,0.9971847911613807,0.00016102226951118686,1.901086104130357e-05,5.762801867687195e-06,0.0003045073483945211,0.0015799517655414894,7.912124021503569e-05,3
0.024200048034129933,0.030350436898494638,0.8718032317169536,0.004484152143258373,0.006877340000459323,0.009588712417792158,0.016139046390423784,0.013479390638726805,0.0019112983477520401,0.021166343412009146,2
5.426515186517634e-05,0.00012021206750270505,2.585433066942613e-05,0.9848973456491495,9.191913282693585e-05,4.777442167029229e-05,3.938776642326449e-05,4.158794188892461e-05,0.014621559157637925,6.009438036578811e-05,3
0.8655914129764044,0.022786931694853883,0.003825162441137798,0.021019686879772577,0.011134839956516747,0.01732281937930849,0.027941496205004596,0.01511733429838658,0.009112608432979416,0.0061477077356359815,0
0.9999905688491267,2.2896533165580316e-06,1.989983082076924e-08,6.722927859574916e-08,4.976666013751423e-08,5.016183894087752e-08,2.2438328806955316e-08,2.6602229562655303e-08,6.731660633322954e-06,1.7373875635240994e-07,0
0.9999484832267224,3.4887820645028996e-05,9.334279121571658e-08,4.613867255179514e-06,4.883468952776176e-07,4.4427583081260936e-06,2.1493530465392582e-07,1.3485355671455307e-06,4.84509569034233e-06,5.820708206678027e-07,0
0.0018148352154112172,0.0035524879829102363,0.00034261552688247374,0.006086072691958484,0.9289279610379599,0.0018815700429042886,0.000868930747091641,0.007635864259801466,0.03549310346935183,0.01339655902572851,4
1.0983430039704131e-08,0.9998718031944631,1.716108863712613e-08,3.296001425151746e-08,8.93833214965883e-08,2.1494640177756775e-08,1.6392171310576443e-08,5.1357113022663314e-08,0.0001278891388638938,6.793489413744489e-08,1
0.05470519566923957,0.4932629473553824,0.0031545383086368423,0.3862658002574039,0.01940971162002224,0.017585534530559787,0.007495574504260827,0.002041503186363466,0.004827760050252292,0.011251434517878646,3
0.010364887589509967,0.00029212064654818125,1.556000845815475e-05,0.0009615007127569831,0.00018701453617300792,0.9855356464913224,9.772767096130561e-05,0.00039493493644093223,0.00214137636396008,9.231043868979106e-06,5
2.1430890668586142e-06,0.998057455352942,6.56607044895321e-07,1.7745085118735728e-06,5.5756381346787555e-06,1.4831238545349364e-06,7.735777997673634e-07,1.5472294115485576e-06,0.0019280410709464149,5.498022873597161e-07,1
3.4830846312959034e-05,9.012178623891214e-05,8.963904712142996e-06,0.003384060177605597,2.7488906544424037e-05,0.9960086408351573,4.646397065355074e-05,6.53764146938449e-05,0.00033091764682579737,3.135511255437215e-06,5
0.9994093964446118,5.98579536678807e-06,2.4971361754020398e-05,7.924570194275992e-05,3.662326750225804e-06,6.768299269543618e-05,0.00031430086030389816,2.8147282716565806e-05,5.051048170816322e-05,1.609675215008963e-05,0
0.002821109311912777,0.006920391424184874,0.001062760492940327,0.6200392727490124,0.24946239459445982,0.0016370706798761823,0.0012058563050788987,0.002185055581206197,0.11304087303352654,0.0016252158278023275,4
0.008185656897314944,0.9139820992333199,0.000153582931271778,0.02002522096674937,0.04870272874185837,0.0015140245859383338,0.0003007765347057137,0.002470037433639631,0.0032315527066470603,0.001434319968554966,1
0.999999182845145,9.869853296593888e-08,1.2467182416650359e-08,1.3918346673293886e-07,3.535156426071031e-08,1.823214563302222e-08,1.16417943006209e-08,2.0690467977280673e-08,4.663651318970805e-07,1.452456903080464e-08,0
0.007754455039483187,0.002883678663035466,4.52040510055366e-05,0.0023968952218726435,0.0003288229624467976,0.9822143362093483,6.153605976768328e-05,0.0008013678801313045,0.003382519895329478,0.00013118401757976272,5
0.0010558171863962705,0.001885700695800898,3.260041222064811e-05,0.000490174578645602,0.9925127318303446,8.903779327031771e-05,9.261327497019707e-05,0.0005969325268175414,0.0028832205316350738,0.0003611711698986781,4
0.0005006104964816778,9.228263823628686e-07,0.9994461995808134,1.2217492374979073e-05,1.1666682947971897e-06,3.8489341710665405e-06,3.209355207241365e-06,1.0340291179285082e-06,2.957370733997868e-05,1.2169098165459275e-06,2
0.01375985815704826,0.06575442743544944,0.1153605590466397,0.014962246298086896,0.10210493595821506,0.03524654345817797,0.3319885602847126,0.14098189296196392,0.01893817985249061,0.16090279654721595,8
0.005769766733865489,0.0027591123635070523,0.0038453563562601987,0.006528902553625574,0.0035228554511746264,0.012961418922961146,0.9575215204459123,0.002518461654764069,0.0038917052448839353,0.0006809002730458067,6
