0,1,2,3,4,5,6,7,8,9,Y
0.061000477846687,0.04222660415078683,0.0820521301215975,0.01078394928386251,0.5478735545886854,0.13665052566763783,0.031153430384032624,0.01430514157662502,0.04087049877515525,0.03308368760493004,6
0.9898066075421971,0.0007942730419227237,0.0009236254178981018,0.00017825411524576137,0.0006406834557676491,0.0005690857081745551,0.0048045589162050845,0.002054748402034237,5.293010462341611e-05,0.00017523329593179316,0
0.9178281854371175,0.0015632005942937683,0.0028881648849290323,0.024820068966947953,0.002484877731171936,0.0012310698806651521,0.03157676091826167,0.011977029543945094,0.0007645232444208267,0.004866118798246733,0
0.021337580613773114,0.1450540059221497,0.034907890210668445,0.10641815639826005,0.05677968157138845,0.23190518246298367,0.020331022869457784,0.10559791152050473,0.008579727754986185,0.269088840675828,1
0.00029915647317748273,0.0004648119895187919,0.4699601502189735,0.0016118780099855796,0.00034910881961169133,0.00022969757458946851,0.001675259133483192,0.5170790472321884,0.004966870761000913,0.0033640197874709454,2
2.0060317793292252e-05,5.495271820340788e-05,0.0005485141695421677,0.995407218162112,9.020209484139135e-06,7.3071904888988285e-06,0.0028749254338879897,0.0009927934967267188,4.831505896718247e-05,3.6893242794242584e-05,3
0.0790513033991488,0.09366270986869761,0.03241214630830887,0.013291810884664886,0.371693809228521,0.021926760051497126,0.05613983736000539,0.02215884340586051,0.010485615550707279,0.29917716394258775,4
0.00644951504705333,0.006752051434559387,0.013936778407042967,0.008065716042629456,0.019828437522048634,0.005381832448561604,0.0065325585016463,0.1742138762467387,0.0065288321505053955,0.7523104021992139,9
0.26713195101797843,0.08458221532700658,0.05859483486672714,0.037937850251560414,0.21368528214524585,0.04817931630740121,0.08408668662787741,0.03702626527753104,0.10589814119605283,0.06287745698261919,2
0.0013433857583824123,0.00038540526312971204,0.005161102791870634,0.018153537766312924,0.00024083022620693278,0.001641127288003642,0.1497113574950496,0.0709224075930054,0.7514227707191327,0.001018075098905738,8
0.004376071704289364,0.95295046831436,0.02136136461592095,0.001351564106517849,0.0004319496655403579,0.0026391137374945427,0.004541007558452185,0.005730417978089282,0.0010143894011886887,0.005603652918147009,1
4.566800640796597e-08,3.2075616624550677e-08,4.056080677214581e-08,0.9999035562798474,1.0088179856489046e-06,5.697890437557288e-06,2.115862793821751e-06,7.337828469264224e-05,2.2221730569283288e-07,1.3902342507307516e-05,3
0.004979577763220414,0.005745573233924416,0.0478192394446894,0.2212486305447559,0.005840284555668706,0.017901135355698247,0.06761568068918787,0.4313810545394449,0.023756943070797263,0.17371188080261274,9
0.10713521932929572,0.1897191690461928,0.10309750476634333,0.3839531124033636,0.00431138882528758,0.017916876774506752,0.10826199962218438,0.042948220304523846,0.011681444146655997,0.030975064781645672,3
0.9988058703105095,6.067340710554705e-07,3.52103510199824e-07,4.925854760565928e-05,7.893122708308074e-05,2.229938048884419e-05,0.0007314854755190132,0.00019229233005313423,1.0451571486561091e-05,0.00010845231967298152,0
7.13952819296758e-05,8.3801757980372e-06,0.01496228329664813,0.0016843267169773413,0.0001136392186105615,0.00044161587187814067,0.0033520929263798145,0.978473130093296,0.0006938602390434006,0.00019927617943856898,7
0.5270212766565783,0.019137997948973372,0.10405382089590882,0.04529433434881329,0.115227266075362,0.038435474791523816,0.05983465155593109,0.03147794993398143,0.03675592131628946,0.022761306476638578,0
0.6798579750895167,0.046967088517225315,0.04609076571580515,0.015623137153900419,0.11813684965463672,0.03403115395842815,0.013327412718464205,0.015355410477418804,0.0077193892485799605,0.022890817466023554,0
5.333955525657397e-05,4.8961334051509976e-06,0.0008868898597479749,0.00021533985298032357,4.688663861459682e-05,0.0002995827426180216,0.0026971543424212617,0.9947056380421202,0.00013245756567750887,0.0009578152671578012,7
0.9640016570087665,0.003389851243503908,0.005065735145773795,0.004120941033971955,0.0020104142072723957,0.0031963789512792127,0.007642761589131976,0.00492007940666054,0.0009378969733923148,0.004714284440247992,0
0.04789630081489625,0.04250854239303458,0.08626427748434518,0.011054396591641777,0.6033159445657612,0.12753348525740507,0.016542844775013832,0.009887240897700418,0.03285269911966017,0.022144268100541518,9
0.08022867710513719,0.25036646968271015,0.16143532355896367,0.012746733002329183,0.2871780868908915,0.14436253295332446,0.017360461795001936,0.011107903865463125,0.01996824571153683,0.01524556543464191,1
0.042568830542917185,0.5158990430380769,0.10559117146614931,0.07244186726005578,0.015426741687437271,0.03858384675594149,0.13059705823359985,0.019137862731797982,0.0464016580303491,0.013351920253674886,6
0.004586751446270164,0.8897532708439412,0.055675731256513004,0.006883347850999766,0.005584026910118334,0.016054959897509425,0.009345335743500745,0.007970159175467558,0.0009179643514641613,0.003228452524214824,1
0.02923402575351183,0.03671484384772478,0.07023870736796711,0.0027025772616802004,0.19989540414443097,0.03404575635919505,0.009095778353834728,0.01247815937134117,0.008142637387317896,0.5974521101529962,9
0.8964306725571913,0.01629109546362325,0.006414951470844752,0.0016482480753301188,0.016577366119140974,0.011286342503537553,0.006920802905073059,0.035287629307748425,0.001713438898518708,0.007429452698992042,0
4.085710160220545e-08,0.999562530554224,4.1680009563137296e-07,0.00018514266637262305,2.5726990402867547e-08,3.407535567339408e-08,5.510271746888372e-07,0.00025120213718044556,2.236106776003088e-08,3.3794437483728024e-08,1
0.05848771997496971,0.030426795108045374,0.08473826384027053,0.024043993234929503,0.11380505442897307,0.11296430028821387,0.021446910502869333,0.0291655451833683,0.43025238942404714,0.09466902801431308,8
0.01075194467030298,0.9307960543352258,0.008702999927334636,0.0009236527240696649,0.004692324674759696,0.0008995606012594628,0.000671184833006445,0.004123465194670184,3.173547605154554e-05,0.03840707756332016,1
0.8448664799351533,0.021949793851616387,0.038867376989486654,0.014241810159238305,0.055409105350164814,0.003166272296173281,0.00647184075082255,0.004890445034952496,0.0006277084382571313,0.009509167194135559,0
0.05315691453787781,0.02384435865411371,0.04285466125412616,0.008266508075091666,0.13906728653353695,0.01638625447245806,0.021601613325356542,0.034844219457733715,0.022692752677625178,0.6372854310120802,9
0.0028824264632805203,0.9530064151208284,0.004556607356372804,0.0007145466769454318,0.000437399183846911,0.014102603844905743,0.0035413432147602735,0.0034001766077789955,7.615689130326425e-05,0.017282324639977385,1
5.760425215805218e-07,4.352350355837303e-07,4.064555562789021e-07,3.824728024139599e-07,3.3234796154734506e-07,0.9986447249632062,0.0007175162734923239,0.000567775586947352,1.3722486621307839e-06,6.64783738145853e-05,5
0.9991646973755907,1.7315605664601438e-07,8.823550103035002e-08,3.3424540966804674e-05,1.7957017641350794e-06,4.45700935601451e-07,0.00046004092617511863,0.00031403700637933296,3.5506353817654186e-06,2.174672124866582e-05,0
0.0033877726580664076,0.0008868274400830542,0.03340489245634361,0.021040731356277986,0.0001580583556486579,0.00034117051823494694,0.9028423531532129,0.03325770489678341,0.0045520584274503706,0.00012843073789857635,6
0.9820872071752911,0.00140358389527862,0.0036904531015461814,0.005292509602869429,0.00026009878603220217,0.0004555747551544475,0.003761608083717977,0.002551513920840061,3.0926850742281704e-05,0.0004665238285280155,0
0.025429414890616255,0.22582512845754077,0.02496817192795389,0.02070454312479411,0.4754773550595958,0.04200001908095055,0.0631977507637138,0.042487264330979956,0.005574781243700811,0.07433557112015438,4
0.0752689035467182,0.33169626169428085,0.09678641862352501,0.015728251790400733,0.14905910101138337,0.24362946941583788,0.039713259788262005,0.01200768940764447,0.01377284849466821,0.02233779622727864,1
0.0028692017445453304,0.0002423476167358483,0.8379145201474193,0.055820314310559484,0.00017225496361102856,0.0002500450037825473,0.030862727427817822,0.06561692669809821,0.004390673441341766,0.0018609886460883996,2
0.002075892408886971,0.004704289110869965,0.3864079995341802,0.34555170474619495,0.005239854076394403,0.0013405265025772186,0.13060729378562497,0.11160658080035098,0.0024709429724751784,0.00999491606244556,2
2.463798827948652e-14,1.894338371757318e-14,1.3935770971063171e-14,0.9999997646067151,1.1111120508879337e-08,1.2500786615696695e-08,3.931335790316239e-08,1.0003903493186736e-07,2.020657486362683e-08,5.222235274092083e-08,3
0.4476366641906598,0.05363638281216519,0.028528657585075088,0.001523358337784508,0.04950842813388155,0.002511829011874975,0.014103974812323977,0.027570771970414645,0.0026089904188139313,0.3723709427270065,9
0.16767110201344726,0.04131014345538346,0.016148287928245623,0.005192255341337871,0.5511987317071116,0.14576335787286146,0.016250583829507788,0.009300818589954636,0.007705789917918255,0.039458929344232126,4
0.05914680076590697,0.0031858052676235877,0.13068116057387016,0.02025628542259307,0.008211836699526156,0.0025162430165016304,0.0696921753413826,0.5989816094035895,0.051952070045428685,0.05537601346357755,0
0.02765287108688894,0.13039280647447615,0.14371178895498532,0.030962403600456764,0.00416296401732485,0.019956720140718177,0.19741898007746184,0.3965977710241842,0.02197742526876685,0.027166269354736698,7
0.04457260878567043,0.031630927348666946,0.04073140155148566,0.012288032262676088,0.7746974961303874,0.03699944955338381,0.0068433830576041695,0.014307516067807616,0.013799517851781514,0.02412966739053617,4
0.007237659421313139,0.0030645227813062424,0.018223205510496505,0.0062392223437749686,0.007725372696149304,0.03653267571334642,0.040833995524386456,0.5541695538732094,0.30003973080622703,0.02593406132979047,8
0.0007243951101358901,0.0010413398671937817,0.004272413456430156,0.9834701725400466,0.0009720156963333523,0.0021301820791390044,0.003261981813980405,0.002260250970568258,0.0005466090863858472,0.0013206393797875725,3
0.02767855888423871,0.1976937897832157,0.1615859155838763,0.019099307517657704,0.2610494244770485,0.25654034735654013,0.019446603517472204,0.011276152356628795,0.018222855873439657,0.0274070446498826,1
0.06153791162849379,0.16735016769445246,0.016945139467072157,0.006994435466707017,0.5332313418395195,0.09041882761673549,0.005518194892240396,0.006848722305874986,0.009491555797757548,0.10166370329114673,4
0.8272870502480759,0.003090086615037646,0.012460543515309128,0.002744320669312762,0.0005570906885746306,0.005540123156719848,0.02803126764173162,0.11859328412952211,0.0003189578915171781,0.0013772754441992,0
0.02486394188874106,0.3210635360994843,0.18176584763817455,0.025756809364781058,0.09970364152620508,0.22338618584406963,0.06661727279522789,0.025487370783875862,0.011333013883540221,0.020022380175900193,2
0.9871757011305005,0.0013806056150554706,0.0005641554349776272,0.009020826456632849,2.9729052137653847e-05,0.000488411451394389,0.0006772547577503252,0.0003392951825803406,5.7050503204300864e-05,0.00026697041576683627,0
0.998782198787082,2.8632894143697647e-06,0.0009584646798606515,2.653887107552641e-05,3.6069699068428345e-05,2.041393101013817e-05,8.973320197516334e-05,5.33421894633163e-05,3.574894567582103e-07,3.0017861593948687e-05,0
0.08461486570819625,0.0016058065631960534,0.3436641600913776,0.0010017752556267122,0.008136409199840197,0.0040306357837105854,0.02568781221031422,0.5249485862366708,0.0016320939245067743,0.004677855026560818,0
0.9989463266968762,6.970551142814628e-07,2.2743178861036076e-07,0.00032441795094096683,3.0187933964399435e-05,6.462483827239304e-05,2.1518134792974105e-05,0.0005559618271188598,8.327307336276404e-07,5.520540039758196e-05,0
1.9976317485632216e-05,1.6649169735612338e-05,0.0002161898628748792,0.999094588796636,9.373170151463999e-05,2.3423571004618777e-05,0.0002563880978481915,0.00019492699366601524,2.7588183601168727e-05,5.653730563325825e-05,3
0.08564060628069876,0.10671332932910486,0.21671222281758418,0.008959852833583727,0.10854528244422795,0.07848551783115154,0.05592213415839316,0.04711989520386108,0.04166389228096652,0.25023726682042813,9
0.007569828849313922,0.0040205807948529015,0.1284983821607515,0.056314778411489366,0.0013974709604954866,0.001891722473713294,0.08932695617980843,0.6737492516556157,0.02664507905335507,0.010585949460604403,7
0.9999412264767203,5.6958411411024645e-08,1.3868227408654264e-07,4.111706516611602e-05,5.2278839654453756e-06,8.489655341524028e-08,1.8961866696613654e-06,2.9598918900021056e-06,6.781342592875873e-08,7.224144924028614e-06,0
1.8195224857081755e-06,0.9981025065133071,1.1302942660545089e-06,0.0014073356511321345,2.3076242474636397e-06,7.029872274177773e-06,1.5854104764888355e-05,0.0004268552735774747,3.019785186261126e-07,3.4859165426300594e-05,1
0.02154650033838407,0.007442029783182185,0.021041709576063872,0.007339276467564121,0.051391351077405785,0.03033754051687218,0.0979862732259187,0.03109875610083042,0.7197906496347123,0.012025913279065936,8
0.7854894822135209,0.003655266560386512,0.0077494287624896635,0.033717162289724864,0.012006784607667945,0.006385916334879609,0.010109342568740087,0.11388255790799817,0.01134806136463208,0.01565599738995944,0
3.398749957072101e-08,1.4177056673211817e-08,4.2547371275200574e-08,5.964586167499945e-08,9.448500965128236e-09,1.108987006638493e-08,0.9999492634187043,6.939135609851573e-06,4.357078395351087e-05,5.5765572149997465e-08,6
0.001585929284987565,0.9680299125277655,0.0037158900390038925,0.009358323626477918,0.0011918319668060941,0.003268169587387398,0.009058916991640518,0.002454795182314312,9.215085048151292e-05,0.0012440799431355264,1
0.010738985401230484,0.7069174801173508,0.010002692873457604,0.01451702688843561,0.03362187830423158,0.08370955161708743,0.016363066653864534,0.10380420774953243,0.007697686513618595,0.01262742388119118,1
0.00012441630283821595,6.383391027878126e-06,0.0002156698879137197,0.001199419721044353,9.652087869953393e-05,0.00029678706314246713,0.010651743423758946,0.005388864819914925,0.9819201744459884,0.00010002006567113541,8
0.03440724007094152,0.03356862903577502,0.1760857859304101,0.014221829639540804,0.04968885567536315,0.026375587055373517,0.013835561200598383,0.0996336651895739,0.026909720770766237,0.5252731254316575,9
0.10382193381539112,0.011542190279371875,0.05742253758708322,0.008764842192354327,0.2919760738230793,0.019246958305612898,0.03916358652487071,0.08155429849727601,0.1852312462829795,0.20127633269198128,4
0.3483631826555321,0.03466724923483179,0.16115734423591183,0.034783012241577496,0.02235321932300054,0.08281667244819078,0.04036565062547972,0.14732968150902634,0.09835336527401424,0.029810622452435338,0
0.03421847196303731,0.040814211867019695,0.055043875570752736,0.003556240752075104,0.13177463002057724,0.6275519528781782,0.017266254888944295,0.02790795558678739,0.03312993724733668,0.028736469225291737,5
0.020508136124471738,0.1025433709218687,0.2613156722543489,0.026800838914120148,0.1303137172097279,0.030158087231764705,0.08982627521267855,0.05407202589539161,0.23044790497939122,0.05401397125623673,6
0.9346429974598869,0.006160850192590579,0.009436457395868495,0.005856402455511606,0.0030210645087251665,0.0014037161792528135,0.012917293591375563,0.01230850649964939,0.004685137011282344,0.00956757470585725,0
0.0001351282932597582,0.00012566215632844692,0.0007107973900366745,7.315177207084267e-05,3.0354301694104816e-05,1.593505398519589e-05,0.00011682499737256486,0.5987185406993831,1.9750726435908967e-05,0.4000538546094332,7
0.027381464357295306,0.04663253531175793,0.019090161509867726,0.011617805612793661,0.7801746819727501,0.021174858175793676,0.015724807386310307,0.02700979416359226,0.012846737694556225,0.03834715381528311,4
0.0034780748193596884,0.013791906377882619,0.012123727732934133,0.03660475981646287,0.008996790629840242,0.8975491293196654,0.014565107819171919,0.009078264783958455,0.0009744009108421662,0.0028378377898828403,5
1.0165179424258719e-06,7.488986248190019e-07,5.247729633792918e-05,0.0007109583261117308,2.064257233585529e-07,2.207337559583426e-06,0.9985465604030147,0.0006829742078053415,7.998720759092459e-07,2.0507148039505693e-06,6
0.14143811906633524,0.11759254098415242,0.04578777661123411,0.01033767558549679,0.3570396871039402,0.24396888473503434,0.013850256377547552,0.009433026510900383,0.03620705866554156,0.0243449743598175,0
0.07971468724734092,0.06138640220201262,0.03555877998353125,0.01878716739940899,0.6971306216683388,0.04110719638080366,0.010241081222160194,0.015377811562075579,0.0017896933810563327,0.03890655895327118,4
0.5460005362100413,0.07870773315914652,0.07415156786657734,0.011119324282207218,0.11979812848588901,0.028525035297601004,0.02248845093460828,0.0735713982699082,0.027671679124585652,0.017966146369435294,0
0.00637930398142781,0.26530722319590516,0.22252981519606196,0.011180182329888622,0.017190802077885717,0.01425065778051064,0.058733612332144955,0.13225250378584086,0.006379694060731016,0.2657962052596034,9
0.11094452147800736,0.08470069295735795,0.03356448826561882,0.10432943266002316,0.40570882046227236,0.19699234852412068,0.017557082114361,0.02288345125444415,0.0023299747732031684,0.020989187510591586,4
6.816269408411383e-06,5.5082223541891946e-05,0.0001419115605554239,0.9985916307980257,3.0233261230099814e-06,3.048063033510359e-06,0.0008444630722338436,0.0003354936161522413,1.935449002751444e-06,1.659562192297327e-05,3
0.05813213966471233,0.004729305185245482,0.018049813044598097,0.018123309125161108,0.0017363769211966294,0.0027625299090589302,0.07028763745043826,0.7640349617780345,0.042508538590420045,0.019635388331134207,7
0.017557265553394236,0.8537478716090359,0.018825664459449543,0.006183881473053968,0.0042609350791447355,0.005897999719796044,0.018354644901672816,0.03198152700821881,0.0005679548595493789,0.042622255336684595,1
0.020757930087388923,0.09952197830965268,0.6864331567814508,0.019427969326707643,0.013516772622527826,0.00849085928213992,0.011828306882286829,0.09141849407455414,0.0016936677916596081,0.04691086484163146,2
0.0037609210860724504,0.3779925921976281,0.0156343087898726,0.015660681300766453,0.00040263476825290917,0.008236885843416048,0.5690541198910066,0.005835868011945911,0.0013112406516834242,0.0021107474593551664,1
0.000511731571312589,0.9870996395793572,0.0015546069213016418,0.0010756750799998604,0.0002801927214357387,0.0022292323966663606,0.005604464172005989,0.0013343964937937564,3.2913303610139676e-05,0.0002771477605176661,1
0.0023940823724937443,0.0005770882388026159,0.0007663890134857224,0.0018464885369961722,0.0008352946609828539,0.9226938273568643,0.02715215849723783,0.03807373371727735,0.0036850110824407124,0.001975926523418058,5
0.14165889069373802,0.0498045745587353,0.04705647917362209,0.01180021013871869,0.05663786144113474,0.09939882675965493,0.03750630594119471,0.03474919780117039,0.38880881518019306,0.13257883831183806,8
0.012284329332151742,0.8995039833564824,0.013092589264353487,0.010313583536411713,0.009626134983034844,0.017524355598266098,0.021230221583645046,0.005949194005448426,0.00353608926415363,0.006939519076052652,1
0.11131412507932552,0.026448989454344207,0.05197056940592205,0.01844135299363503,0.011725050696149378,0.005583228169671694,0.028403995465938022,0.41153056663357784,0.004604260341571205,0.32997786175986527,7
0.006108894651538136,0.0017805433586983435,0.005037471548667231,0.004790667376523195,0.0017658379800018999,0.01264782792183112,0.022481870434643024,0.02184362228542387,0.9206156151583703,0.002927649284302922,8
0.9998794124946304,5.101154192732874e-08,1.590469470253859e-07,2.542190606110117e-05,1.0801917498848686e-05,2.4495172092384322e-06,4.816599762438088e-05,2.6650112975882837e-05,4.848313422230134e-07,6.403164169259694e-06,0
9.281353930977072e-05,6.0149019968760894e-05,0.0018997330378178199,0.015308130314118092,3.0278692184662835e-05,0.0006777380267895307,0.02602350803666454,0.0028100466477233104,0.9522812487250503,0.0008163539603735049,8
0.004944829982254417,0.8718614850953614,0.006126111235547375,0.015857153898004264,0.030563973196918934,0.03510680996269407,0.006711988299889421,0.008731574669126201,0.004561604237387145,0.01553446942281706,1
0.08543255637763256,0.0487929692049888,0.049566989991150175,0.012750336760101877,0.574788674805493,0.1364195514089039,0.02434636771543578,0.009167015091048628,0.020637649357889865,0.03809788928735558,4
0.9976164713218159,3.894032135095425e-06,5.478226274673471e-06,0.00012741022043230845,4.890042264248855e-05,4.608675719412997e-05,2.1985510057110707e-05,0.001531658547849564,1.0687834470082346e-05,0.000587427127128683,0
4.099211619372304e-12,3.929412008023017e-12,4.763201284745985e-12,0.9999961107682906,1.1112695938686333e-08,1.4451508405212267e-08,3.7828378160910353e-06,5.097895604279522e-08,1.3046272533916548e-08,1.679166853514734e-08,3
0.03248870571708209,0.05722117122515136,0.25789149808815526,0.013738446820971096,0.36748149790467277,0.14918910710128644,0.026644314968937034,0.013712126875808004,0.04184430427626374,0.039788827021672336,9
7.309418362592762e-05,7.58811500271237e-05,0.0020200854776668727,0.0033481695664273805,0.00039065934955464024,6.455958012659505e-05,0.0009605857425625153,0.9754085222858566,0.0004720902324709547,0.017186352431681852,3
0.0013973612833873526,0.9527375765910872,0.03210275967031014,0.00521002386409605,0.0010902715574338502,0.0018633905840456703,0.001010702023460102,0.003175102634557692,4.615190953109212e-05,0.0013666598820904956,1
0.005943907498194479,0.039051887533725085,0.46694113212037586,0.30840924586115154,0.021267478795741788,0.04725006957952742,0.05891449683762498,0.03830002928294872,0.0011111347407723867,0.012810617749937695,5
0.9706455524492732,0.00025103846825806907,0.00029795833754221127,0.025251284200308127,4.69998339863919e-05,0.00032452910602098767,0.0013113960828318291,0.0006071817153540117,5.537149884196995e-06,0.0012585226565412254,0
0.03313692861066577,0.019545057772402678,0.1062805103357478,0.016735237665467268,0.015677838510069632,0.18755543563783253,0.13568850162233353,0.2653345186439283,0.053262109890296686,0.16678386131125542,5
0.00240150960258501,0.00027686272850396506,0.010480749285438096,0.008818421110735672,0.00048631927459885497,0.007458487014653106,0.35629605497334826,0.08254898758101534,0.5239500471928601,0.0072825612362619144,8
0.004020739156724549,0.033669516591217086,0.620873294228799,0.007497335540350288,0.002452905899685075,0.0008744672601697292,0.24394860201300747,0.057882943779704765,0.00042621064932616396,0.02835398488101586,2
0.009691049150409192,0.13409852367711994,0.5982992586187843,0.06233685314686305,0.010412463044210863,0.012071959667533614,0.024312872248760598,0.11459804801513325,0.0059783778840527034,0.028200594547131516,2
1.3436846153459324e-06,7.804312611771262e-07,1.6510839478469595e-06,8.057267673573501e-05,5.738497224633957e-07,6.456249713201201e-07,0.0013896431487701395,0.998521738118803,4.949467928243655e-07,2.55643438007662e-06,7
0.0631775294497655,0.112944284630892,0.11352110044271822,0.01548998845447023,0.22466068465574104,0.07354436163543202,0.05932986211095388,0.05179335784193929,0.2176142896061049,0.06792454117198292,8
3.786508102685102e-05,0.0006604241324286913,0.0008073999386281884,0.002077626547583249,1.2073200791183804e-05,4.9510666354874096e-05,0.0021132513531810985,0.9811261068373488,0.011538452973047682,0.001577289269609572,7
0.6037504988704632,0.04713117866183059,0.07388530046000505,0.017541694679258032,0.03917080827525426,0.0982239787375285,0.03622493520991583,0.03205234226729333,0.011361712897925633,0.04065754994052607,0
0.014239915939133325,0.00022653480979248518,0.0002480238423171015,0.045584412193556315,9.662222022055215e-05,0.9240676452692318,0.003829347083284749,0.010054307814198348,9.706026738344386e-05,0.0015561305608814263,5
0.07722201882355938,0.033960544560579856,0.05914068245721109,0.00887586459722186,0.3982359863575045,0.12498628147387734,0.03640108912660166,0.032672812483470606,0.05380703195479713,0.1746976881651769,9
0.9322736656335386,0.03683729467534235,0.0030797180806978706,0.015748645442118903,0.002075226917851341,0.0023750791967430424,0.005135223616588315,0.0006633218974212432,0.0008638711425090703,0.0009479533971889393,0
0.0156799476388822,0.005001284683229247,0.029603395827652368,0.007507444323515065,0.005923771798959863,0.009750690069446746,0.2318028173155619,0.6715306682698615,0.01067887627638952,0.012521103796501749,7
0.6127002703765413,0.07176652432916814,0.02002343072963448,0.07574822370724676,0.003977920258545603,0.007524344427500731,0.03779372080298852,0.14980555458848216,0.0039735183796378425,0.016686492400254556,0
0.09101884571460135,0.03464064170449289,0.10178197795879543,0.00846028139022318,0.3870162481275548,0.06866173919548213,0.008859290575224768,0.05441424713530968,0.0036127160490512697,0.24153401214926432,9
0.08954843786136539,0.10639640329883272,0.01628083475285483,0.010891607413088825,0.07104081220485843,0.3897174368847332,0.037741933835673404,0.057731530699031995,0.023215282676834207,0.19743572037272683,5
0.0015674036098806093,0.9826282804334088,0.006022989622383016,0.000261532021477652,0.00016719389307074853,6.996492631174142e-05,0.0007873587238918551,0.007595086076889794,1.1404747077641486e-05,0.0008887859456081065,1
0.008948512119233499,0.0029243504344800145,0.008441825065246647,0.9511508098461783,0.0004289992467843665,0.011783931411140657,0.005980289057061385,0.0009740231201765084,0.008842933066235514,0.0005243266334636073,3
0.018868180344403226,0.002978328587217719,0.008930876168158448,0.04842083628091389,0.000753235667041413,0.010535714145039633,0.7792463245832275,0.11468475341902232,0.012736967749605043,0.0028447830553707263,6
0.011343958579642262,0.0809340408121394,0.26766772164033437,0.09593090873568362,0.006675670984497192,0.02591657123810328,0.04579506836388997,0.1185864966839774,0.013701050740858933,0.3334485122208735,2
0.014360871469832422,0.15715155344638534,0.191527719902082,0.07170643736411601,0.12376026172581178,0.03693790280763182,0.0490630556690329,0.11806820576813071,0.013231422453954075,0.22419256939302315,4
7.76662504861562e-08,6.637628544723404e-08,0.00023145189561302616,2.6857835305508776e-05,2.8362753850108932e-08,3.528056907544098e-08,4.565388516435944e-05,0.9996669763211142,3.169622784613379e-07,2.8535414665826345e-05,7
0.011591029530798493,0.7142682823823939,0.01516058915691496,0.005888779969816749,0.021019703322480772,0.009246333823532642,0.011575196740022857,0.03835768679596472,0.011482957732757766,0.16140944054531714,1
0.8588424588038965,0.012186080349948466,0.01442957037098811,0.09619840785863494,0.0028978675132874366,0.0015564780373857874,0.0077220229435392175,0.004224239224800514,0.00021487629005632056,0.0017279986074628518,0
0.987059368095327,0.0014869200109513011,0.00459780253418005,0.0004953799932938346,0.0013700857306443402,0.0036471787723744787,0.00044023216096226916,0.00046083751088600133,0.00017748501503594047,0.0002647101763440243,0
2.7100342781869776e-10,4.2400485964000414e-10,2.0067005398369716e-10,0.9999778143041769,1.0148803153205997e-06,2.0498863546241056e-06,2.4642180875298197e-06,9.784926421029344e-06,6.70023322634342e-06,1.7065574004206265e-07,3
0.009011181008604712,0.7948238381031869,0.03252183567030311,0.016734812057750292,0.008813182442154462,0.008366098847387855,0.003409181324989854,0.006059863351102956,0.0033793090752066044,0.11688069811931392,1
0.9796779437771508,0.002021721625398653,0.0015933780776243255,0.004979318533949064,0.00019915769799288665,0.0002923935635731385,0.0034041615540764485,0.005720467238449491,0.0001974031470597447,0.0019140547847245224,0
0.016273229515607196,0.01610681211109201,0.003910694963869968,0.006991749874895647,0.004736375500869926,0.005634128577081765,0.04610248655297662,0.3738089128093439,0.029885568021833373,0.4965500420724298,7
0.0639729806762785,0.05057305354703772,0.08986549096407223,0.013418697127935307,0.6209374499087108,0.10369881674447493,0.018717659339566754,0.011285152151620445,0.009688014693071465,0.017842684847232258,4
0.02183048561452623,0.04787893176564889,0.5665773502898275,0.034091056834188,0.078284723154187,0.026346871144573132,0.03366483396298353,0.1217055901838301,0.025197551970539675,0.044422605079695886,2
0.004944255492609145,0.013552313034076943,0.03249772351243783,0.054535512148182926,0.004567409651148137,0.009308896538377968,0.514084142892221,0.09096829357706224,0.2704085354429098,0.005132917710974157,8
0.0007074513033671141,0.00017503859568451425,0.0006521588269162965,0.00628769472767342,6.8145828390033314e-06,0.986791473289207,0.0031182194833708965,0.002197643681993952,9.8503887643271e-06,5.365512018325826e-05,5
0.07120695246032786,0.04478770569533563,0.09922886598513961,0.011094595832672596,0.5498164042707938,0.1426264131536928,0.01859945424495036,0.01146113983065962,0.030065405000792158,0.021113063525635294,0
0.028122225006973423,0.023271610099761787,0.02470161218259625,0.00663931265094511,0.7534310272088182,0.04653700214307195,0.012845809450206826,0.01042045655874516,0.022266697896605497,0.07176424680227529,4
0.03467195187870862,0.2276469657959523,0.12487793637938382,0.12275100183882913,0.019953883808950332,0.01956537763787039,0.16051786131474782,0.18749224728720185,0.0755225717161363,0.027000202342219257,7
0.0012139166992347682,0.001940129887244346,0.011381386013090565,0.0025678915908261854,0.00027126177731197175,0.0008395609109160953,0.9740014700733061,0.006234536181280101,0.00037878265645195956,0.0011710642103381027,6
0.0009626651291496206,0.001589938792082364,0.17208476683968132,0.008574832626787425,0.011592835052154953,0.0004866845243842688,0.021781400635855278,0.659947647228902,0.000559575794156044,0.12241965337684636,4
0.009527913663916105,0.032952166435597965,0.05428396128310426,0.7758752695214163,0.0031913765388831856,0.010674045479972739,0.07464256586386706,0.009778487483864643,0.007090993796482473,0.021983219932895044,3
0.04268063893898964,0.5747411336222789,0.11849943639669859,0.0038950168773957423,0.04487232664479786,0.1404156550427625,0.004811801674491905,0.02355035988908711,0.005250224005982274,0.04128340690751564,1
0.2215276008064097,0.3230100594681777,0.06934540551742076,0.01562201205817134,0.24413995592369048,0.035620889975489435,0.024814359055341503,0.013570830182484046,0.004252552627333988,0.048096334385480895,0
0.29825742409595596,0.00894990443691433,0.019085850610963892,0.002813561446172954,0.06251301593453759,0.008501175924755227,0.004283230864447058,0.046214161399683394,0.0018185050654400364,0.5475631702211294,4
0.0025089649908982773,0.004467915309455132,0.16580512279118115,0.05184924804771474,0.0015468882453205555,0.00388579799869813,0.036824359131341904,0.7233375636319445,0.0022065259810426685,0.007567613872402808,2
0.5556806705921368,0.032406218139820614,0.10245291037455322,0.01029427297010579,0.20276855304855843,0.036704612176213076,0.006748817652422294,0.011217275504794792,0.006053640254960119,0.03567302928643452,0
5.966141878429756e-10,3.076055933440433e-10,2.1048782211882327e-10,8.871154729559355e-10,1.307768928600284e-10,1.6448213378401137e-10,0.9999976378415182,8.935557825639989e-07,1.3942355653596939e-06,7.20700519893808e-08,6
0.03168502620497079,0.1946444162458182,0.06140066082999084,0.007978661273255517,0.06336209217825095,0.13512537322602766,0.05876723118295801,0.21839983245706127,0.09093472310680085,0.13770198329486602,8
0.1778271615022261,0.3740737706407049,0.23521396060991936,0.01287572598813759,0.021438130362349383,0.032655115604416314,0.060836062700655565,0.06403510402758392,0.002811894707681245,0.01823307385632526,2
0.010440601271297246,0.252111395878174,0.06909971437881783,0.005428995662463157,0.02937365044489935,0.007261315281623128,0.005801957664633686,0.263015060284134,0.004199696807042002,0.35326761232691545,1
0.9856064618939976,0.001209611682179492,0.0008248481955020335,0.002878424214549137,0.0011133072782682336,0.0010710077966743434,0.005603759643404849,0.0009181338007111508,9.826193117767986e-05,0.0006761835635353279,0
0.012784413829711882,0.037706275253516656,0.008705252672136652,0.0066787771195136215,0.034249818124091114,0.018844505319836356,0.011545840165826163,0.03690004546023752,0.6477122343960292,0.1848728376591006,8
0.0014903585533721825,0.0038840825910467646,0.0151099423152876,0.9623781983899784,0.0007728465930662692,0.0021681634988751203,0.004553882949590819,0.008364813284779933,0.00032019840506101197,0.0009575134189417344,3
0.009152472553696877,0.6989414930899366,0.012337411729840984,0.005021540010101596,0.014017737902386463,0.006773691565894553,0.025831006097276354,0.02621669780768522,0.007541288576972678,0.19416666066620838,1
0.002656699459826948,0.00039334720019819185,0.003656295555205257,0.9820090777554951,6.698371082836842e-05,0.0004653615439250498,0.00562934699683978,0.004579121658302718,0.0003629870483040693,0.00018077907107516184,3
0.018131684609027452,0.941221651649718,0.0016638128889223123,0.0013007324218157492,0.0012986354767040708,0.001995187806818634,0.0187213434444437,0.001932047644413276,0.00020142329671661398,0.013533480761419792,1
0.22668330899080014,0.10343187937523612,0.11782574566201288,0.09167192379417992,0.029580289241321667,0.22780030960760103,0.16710651981535746,0.014055383413010365,0.007976672243132199,0.013867967857348125,6
0.032713194367358846,0.1078031468934264,0.29267999839907455,0.021036302943423915,0.3693676893029252,0.08823496214157676,0.01953666857838433,0.026038825648664617,0.00906384919426736,0.03352536253089756,2
0.04808972918810106,0.000131089559882391,0.00039184890404187503,0.0002210591473441569,7.054881777129936e-06,0.9463359510329932,0.0007334593429984773,0.004028595320880276,2.9716826374421242e-05,3.149579560672967e-05,5
0.010330726507041869,0.02378982418752092,0.8333140255697742,0.007680936830556199,0.014333765665018674,0.009325560252477924,0.01815531754546504,0.060455950661513526,0.0031787462009519704,0.019435146579679864,2
0.08728068337042115,0.03890805131418384,0.11556463913955234,0.011874179312095943,0.5427912733421782,0.11644715377710295,0.016601548972205296,0.014819681706527284,0.030717635142929384,0.024995153922803225,0
0.02439326693889717,0.056262804259935024,0.036770662836742594,0.020770615363342723,0.05511306273646575,0.06462741855701858,0.02007932882985769,0.04341576450542628,0.007579105350069128,0.6709879706222455,9
0.02432563387476677,0.010892169428371389,0.015858535459041305,0.0044133749465073355,0.01033603969740345,0.013597566018656377,0.08475097306006019,0.4215390112669992,0.04286548119998756,0.3714212150482065,7
0.18539046263884876,0.1844644824652455,0.12653782002474914,0.023298092113168984,0.24467919742245064,0.04450439032591643,0.04505824313090305,0.08045046940970092,0.021956484484825192,0.0436603579841913,4
0.04208464377901779,0.059373200500550026,0.040564505392543346,0.03312815511945009,0.027150677208446786,0.743063853968422,0.012389548686192181,0.010892068385190117,0.008765787051979093,0.022587559908209237,5
0.0009485785688687071,0.002542868566974734,0.02839168928818509,0.936297038845057,0.007111990184089972,0.0031557818344385893,0.005357433633787165,0.007019481351522583,0.006773368113136263,0.0024017696139394485,3
0.04279256051441724,0.037666248507486316,0.05937923464894873,0.011320881586372606,0.6949652244161731,0.07989385682831736,0.009866376618855517,0.009815283405692456,0.02142302378275865,0.03287730969097743,4
2.6685979562364915e-06,5.308999591661706e-07,0.00048115767282557614,0.00015854705241653686,4.556504099307587e-07,6.546862983849325e-05,0.9990277427054226,0.00025643602442681834,2.5343659214625384e-07,6.739330152789869e-06,6
0.968994440770807,0.0006409760507594548,0.0025701137195741873,0.0002376729479216354,0.0018876979414855334,0.004506813082535703,0.004043239606417997,0.014253998191396201,7.751233225931159e-05,0.0027875353568425896,0
0.03796782332419428,0.4084670066444511,0.08521764634701842,0.00701209674491082,0.048279089400533486,0.02332540456836544,0.008321032559725057,0.05459779288047887,0.00455246947338271,0.32225963805694013,9
0.02000339052509636,0.02839167360629134,0.8736399434905232,0.013694464016737596,0.008134840665030627,0.006393489759203174,0.007562942795419368,0.02577171254198765,0.002219642699532778,0.014187899900177884,2
0.08571809477496287,0.06902726912923415,0.06999094993284401,0.011462336242842977,0.5498631454501626,0.14329330805175308,0.015010238871699241,0.016281764560291664,0.024650552872344807,0.014702340113864185,4
0.0065928398561907135,0.07413157844116085,0.2296400513468155,0.0032079964772579383,0.002187898338395969,0.0036779300486500304,0.01362589500496367,0.4618146893927898,0.002318629940131167,0.20280249115364474,2
0.017667230067055676,0.04558346914835697,0.07104220952640758,0.01861137337080334,0.5010922361762454,0.04708745498308771,0.028511327197741368,0.07075209736511247,0.024443985481846644,0.17520861668334262,4
0.9981312770142042,1.4757084048318689e-05,2.7711951176303417e-05,0.0009715899079342244,1.7509992315100087e-05,5.6631331402351525e-05,0.00014171148896876542,0.00037852613032189603,2.5696559325277408e-05,0.00023458854030353185,0
0.8037716679030505,0.004838896748548556,0.014957390604124281,0.00970778663687436,0.015185167778275194,0.018617971736464786,0.014729919884089289,0.08938834499640777,0.010972013493680228,0.017830840218484537,0
0.1404123496629614,0.5006379581575919,0.2057246041029259,0.0028018285880445555,0.041275853830033085,0.06441753029531908,0.024219212840214974,0.008915543871605185,0.0013557644977714221,0.010239354153533052,1
0.019423500022804126,0.5169882145493797,0.14665727559375377,0.009557789150330747,0.07704803028083733,0.1505668455906788,0.02998797901001743,0.0118307132204016,0.017619664641840824,0.02031998793995515,1
7.208361076769982e-05,5.540343987216249e-06,0.0005755188832269197,0.9975926008221742,2.147828434280375e-05,8.625898424190606e-05,0.0006924876218823016,0.0006962231173474399,0.00021514720542615016,4.26611266032502e-05,3
0.02518364869824475,0.006144278329927475,0.03043813846513303,0.10914192662659278,0.018069693764851198,0.008806574012781,0.3267369930716717,0.28711541290748965,0.1735578503652379,0.014805483758070632,7
0.07136436136987893,0.2783587628352812,0.034155826724254386,0.08417955725927716,0.26686740995924735,0.01538822375499773,0.014936064399162162,0.021942803881207413,0.0033289765915536264,0.2094780132251406,4
0.007177815160111585,0.8648504761677467,0.009758013221409229,0.0021247848678678893,0.02885231751062929,0.027919300151377516,0.009748323272924844,0.015863482286401782,0.0019632249861232477,0.03174226237540794,1
0.049312942505349566,0.693604725808565,0.07455226540615578,0.012309846176255142,0.022182240872958857,0.028524456989706466,0.017997464753538684,0.06366081337319413,0.011347892640984425,0.02650735147329227,1
0.004035651884204587,0.002342088363817104,0.01246371412958014,0.010770419963812897,0.001018729278793834,0.0032795563196277478,0.8816211685139678,0.06298087087912004,0.019673289868715336,0.0018145107983603215,6
0.028047033777638036,0.03390577300115044,0.14342587011628533,0.01376705984451109,0.014245338143682373,0.012988202384012498,0.12961101750983228,0.1722888515526607,0.37952175851402487,0.07219909515620214,7
0.038353138472707965,0.013682596572521962,0.11649199432108785,0.010214752782894018,0.09764369709703634,0.040072125754151325,0.03237008487543363,0.033217613042256934,0.005999046773082402,0.6119549503088277,9
0.024165957692378694,0.12259593303054354,0.13977081535298805,0.010912029316518124,0.018681266920522233,0.010765304905676846,0.06803381764872334,0.42271735965967083,0.07943364995035557,0.10292386552262305,7
0.059359192671668455,0.01136636638485366,0.009960964426566413,0.02083929245675905,0.2735698026665077,0.006134415072114926,0.012957514357728767,0.1922350318189639,0.005070026483314863,0.4085073936615217,4
