0,1,2,3,4,5,6,7,8,9,Y
0.0045703766275735115,0.0004488314649624673,0.022256541195332914,0.0023629782976087223,0.0007630258291821406,0.00018726903016965605,0.0007603893377962179,0.9628174507359586,0.00531601394187088,0.0005171235395449835,7
0.0003596217837967929,0.00022718880104141895,0.00017329959483172153,6.338145683774922e-05,0.00018943224581174058,2.80609642253312e-05,0.9980594741825239,0.0007735234282804078,4.839435765342407e-05,7.762318499739768e-05,6
0.0018979924370934765,0.00020416908413673784,0.9752770391044089,0.00017330529240498562,0.00019974333932189266,0.0005155390540921423,0.0011262616966304505,0.00899222894368924,0.01140048171601747,0.0002132393322042174,2
0.0046441155085198,0.0021167826980316388,0.04889603426657106,0.0013673306056464101,0.4211862742532993,0.0018919323369512785,0.006007859035218137,0.508923300633986,0.0021470115640127006,0.0028193590977633755,4
0.0011298052971835861,0.00455666066414455,0.0023744624406189974,0.006371858853947287,0.0008595077586187292,0.9802347230204548,0.0011261297287524733,0.0002048219799189828,0.0006168749408374303,0.002525155315523562,5
0.37686648544204293,0.02774234986371662,0.4299028007741703,0.010839395497554435,0.013373047571362307,0.04109439113294298,0.03536616568032179,0.038469924902302305,0.012440303558670361,0.01390513557691603,8
0.004534933050558338,0.0003844410820743483,0.014998114351044256,0.00022171004628886452,0.00033581308921894903,0.0002442888516810412,0.0003121591155705737,0.07855035434592579,0.9001937121123976,0.0002244739552400391,8
0.9995222899988943,3.609081815446326e-07,5.158191806585368e-06,4.456924673857138e-06,1.3652332766450936e-06,2.6204539289412208e-05,2.927791959829537e-06,0.00028344974574794556,0.00014747458705723166,6.312079112821394e-06,0
0.014802255853139965,0.0024437991999266395,0.004297054375526167,0.9596129034222909,0.0032400392029704804,0.0005860877479117315,0.008225320474103948,0.002181631342000505,0.000557938137736132,0.004052970244393364,3
0.9999879890493844,8.707535134530502e-08,2.195362724431168e-08,1.2945185783255834e-08,2.8486426963208348e-08,1.601999921260664e-08,4.6764425223935375e-08,3.812431369630266e-08,1.1546360481609551e-05,2.1322080485461413e-07,0
0.003239093746045534,0.0009014681706310119,0.0033385625536172547,0.0076431915007530125,0.0037439256294572306,0.0010420313763521403,0.973804002805141,0.00016390144815992195,0.00016364831079064841,0.0059601744590521465,6
2.2938983148340464e-06,0.9970066975622337,0.00021827896791720645,6.199954009889525e-05,0.0023851039478725495,7.045263795190504e-07,7.291856304315565e-05,6.2014781722777555e-06,0.00022945482762152386,1.6346688346310665e-05,1
0.9962394107656735,0.00032565365286666803,2.240572926895464e-05,0.0017905456798862499,0.00036831585789942747,0.00011456376989736637,1.9266491383239323e-05,0.0004409079699673648,0.0005493048051372163,0.0001296252780199891,0
4.779743655749254e-06,0.9972734947393849,2.1571784424114075e-06,9.276419463918248e-07,3.132782020252551e-06,1.3695697660809099e-06,1.6748545759490887e-06,3.776657188567317e-06,0.0001311812388577628,0.002577505594162119,1
0.9749719856755837,0.0002442105447503154,0.012576670722123208,0.000565703104981163,0.005249497298489324,0.000133210119649572,0.001419735681076489,0.0016776253362177247,0.002911677477534962,0.00024968403959308854,0
4.083526993476926e-07,3.3870793795346256e-07,4.850825686239636e-07,0.9991644696241521,3.016011001151032e-07,0.00042151861131260515,1.8405349299777993e-05,7.549302891775657e-06,2.2854200954204152e-05,0.0003636691670836267,3
0.016441737726065723,0.3002473643097639,0.0014215948068982318,7.741825067549297e-05,0.00021557272415915335,0.00034591832799369055,0.0003009321918996832,0.004970853530186383,0.6758388036945117,0.0001398044378460185,1
0.8800382438984524,0.005871120857213287,0.06580694546167401,0.006350429649131937,0.018817965368979485,0.014888850702095781,0.005755695222947483,0.0008976968669634237,0.0010095811053810215,0.0005634708671614068,0
1.6149888264549602e-06,0.998387458452749,8.099147560169762e-07,2.637528467603264e-06,6.645739959314357e-07,4.7617924249528613e-07,1.1319463221657351e-06,1.0874656305700686e-06,1.4228384803978248e-05,0.0015898905652058238,1
0.03417478116893512,0.07087160011598377,0.15384452714408958,0.01687504208851797,0.4494615135372921,0.2238527348046366,0.021033443686220503,0.024589501354297355,0.00156623749471693,0.003730618605310299,7
0.9998969960824775,3.1092322231354393e-07,4.182418215527724e-06,4.6659630935205523e-07,3.069747977145751e-07,9.601380227209108e-07,3.391203797337825e-07,1.2564098656358012e-06,9.319323759005854e-05,1.988099119630387e-06,0
0.00349443509969302,0.024306332621898595,0.004934682531747376,0.08261721129409239,0.8358737483875844,0.023704918117226775,0.012737623967673925,0.0012694965342460876,0.0009056505717635599,0.010155900874073823,4
0.0016655927477364219,0.0026669866628596514,0.0009373865804449537,0.00011667255247999082,0.9684511216242091,0.00042560381545481954,0.0005150562939880216,0.0007491216823438504,0.0023919063907865052,0.022080551649696696,4
6.375025475197364e-07,1.813958970885639e-06,1.1628740950124792e-06,1.0708038318992616e-06,1.1465273757900383e-06,4.320317085811426e-07,0.9997179225363566,6.887983240229443e-05,0.00019373917203745338,1.319476067386332e-05,6
1.2064170444721574e-08,1.59037748266614e-08,1.4781028083685258e-08,0.999800358777106,2.3138433523600233e-08,2.3537297137252285e-08,1.198393369662177e-07,1.1106523912742765e-06,4.189225061920464e-06,0.0001941320813997128,3
0.024762328096942364,2.9457030482080523e-05,0.0030045256033279697,6.124502099833816e-05,0.00013772938894247413,8.491808703733734e-05,7.472145922189e-05,0.9698632673670214,0.0019745420220359296,7.265923990325097e-06,7
0.99950712285532,2.3266903449343834e-06,8.296104321155305e-07,1.212882092668676e-06,4.573053696947963e-07,4.1515918800470573e-07,3.6296712712816884e-05,5.794140506980093e-05,0.00036841063992801553,2.498673954202776e-05,0
4.0924218439437755e-07,9.082097999715221e-07,1.2830662728766947e-06,9.018589859962978e-07,4.942300854794464e-07,2.0299464039743457e-07,0.9997145084333514,0.00018765652752156288,8.625716841571025e-05,7.378268742169525e-06,6
0.0006993831930891441,0.9968396223559861,0.00019978867017360002,6.036371657495735e-05,0.0003948809116255998,0.00020903669163677903,0.00026786614195860987,5.616604369712018e-05,7.713779700330308e-05,0.0011957544782550506,1
0.012792317889762612,0.004221184409872504,0.04266347471861072,0.0017436095164179057,0.022061605630873584,0.9088215060047475,0.00347883916468313,0.0017013821116213077,0.0010625885462870754,0.0014534920071237556,5
0.013683143328456342,0.00033762813617510963,0.8762462293567957,0.0004464511012909041,0.0033859914305026354,0.0011950649545023225,0.0016593552627344678,0.07857222425800836,0.02344691740021647,0.0010269947713178484,2
0.001189435416840335,0.0011293519018609765,0.0007942982624021212,0.0076841333345481775,0.0016375070341258827,0.9676670728138682,0.00025194928507911863,0.004875214818640467,0.00036045761166707323,0.014410579520967824,5
5.182266249532862e-05,1.8787866068824002e-05,8.972029859552737e-06,3.112650930379273e-05,0.0006452686159061353,5.560307958178763e-05,0.99885560624564,4.932769092706973e-06,0.00031305648066912216,1.4823741382592457e-05,6
0.003465053900917114,0.014911505875228135,0.002058056328179828,0.0038529715892384564,0.0013766254725278196,0.005741154881308438,0.9616585880630766,0.002143122776879777,0.00047765493203572127,0.004315266180608566,6
0.06166110123556832,0.6815951985626347,0.008890367829153244,0.004307556980691945,0.009758743343604857,0.20444294793090445,0.015973563381977817,0.007837256110092118,0.0034373883152484077,0.0020958763101241373,1
0.0036306060666290232,0.007583068313927379,0.007595825860911871,0.009333267153046958,0.03502554832591913,0.9282960719477338,0.0024532221235461474,0.0032415537633162595,0.0006453895479156557,0.0021954468970539613,5
0.014624929205134656,0.9150126822090097,0.01719886511720657,0.0016193090086871738,0.008249452188202383,0.029057334903198805,0.0071040193942739594,0.004822110140969289,0.000875784372486389,0.0014355134608309023,1
2.6528885366664888e-05,1.9149838145140883e-05,0.0001728224771997459,0.002450396069818553,1.7026150521127443e-06,0.9875415974784836,3.07007769434774e-05,8.74038329413949e-05,0.0012622012395848228,0.00840749678646453,5
7.974029678305299e-05,3.3589420320644627e-06,5.312701835409888e-05,0.0005013931475444572,0.0002735251411666071,6.601926166651158e-06,0.9965291156673916,5.783056638083976e-05,0.0005856000323621122,0.0019097072618184906,6
0.0004413775209178534,0.00021200068841990073,0.00016134501651497517,0.0032106533418589153,0.0019590844473593954,0.00011664930703171852,0.9927056401620499,0.00030748962799277967,0.0008305793926974208,5.5180495157284455e-05,6
0.9989924827135032,1.7042617064263137e-06,3.965978086277319e-06,8.183268801637379e-07,8.032737291062803e-07,9.919810078890928e-07,7.980841848776865e-07,0.00021116698895433183,0.0007840917742319967,3.1766177159189547e-06,0
0.001096383545207751,0.0001407224026467604,0.001530888604483849,0.0015224260369693732,0.0003171800357569875,4.9509708168321154e-05,0.9923005865689615,0.0018149549413414461,0.0010879713783234519,0.000139376778140803,6
0.004770170438847107,0.02985373611695801,0.006186183191371652,0.0027177924298187168,0.030709220508132934,0.002292728041258514,0.9193458152756661,0.002400969071339416,0.0007408607282423359,0.0009825241983652895,6
0.000692391827891067,8.923743971706907e-05,0.00017371981495343372,0.9958007988670995,0.00011645618331709832,0.0009018139871839316,0.000526571040327823,0.00014375327474754767,0.0007461720246383847,0.0008090855401242936,3
0.00042158047751523104,0.000342028316189558,0.9981427124753371,6.2959455019003e-05,2.765913161578389e-05,1.7729195767866537e-05,0.0001141082374379538,0.0005590900678617041,0.00029646439076233815,1.566825249338259e-05,2
0.00020403770688115958,3.42833834679882e-05,5.646871198228286e-05,0.00021521204328971483,0.0005245219461011505,9.331837394789206e-05,0.9985162418510456,5.9042231508126635e-05,0.00018135956372217614,0.00011551418805399027,6
9.833891360358351e-05,0.00037242266029772315,7.89202418375906e-05,3.092005530145465e-05,0.9983261676638446,0.00022550778362823813,0.00028684933323021766,0.00028025052193543314,0.00020104415684410953,9.957866947694408e-05,4
0.29374507803733396,0.00251603117793102,0.6285483495199231,0.0021868220491600104,0.004587091591802427,0.0014626591461039365,0.002268451355043321,0.017775302941127735,0.028950645873493806,0.017959568308080598,2
2.265098975958297e-07,1.2163173851450503e-07,2.833143671394773e-07,0.9998381610822238,2.0060293989017906e-07,1.5332106596052819e-07,6.48113122371891e-07,6.154615750077475e-05,8.632422034994915e-05,1.2335046793999544e-05,3
0.00253429889581293,0.00025311059997036773,0.974534415236791,0.0004241213094517816,0.0006421956489161845,0.0002772569780575502,0.002043545409601238,0.014048720388240503,0.004945279238277175,0.00029705629488132023,2
0.10283023636138458,0.07585423158272085,0.047573492914591946,0.02695339382412588,0.0447490240107827,0.005844439643101818,0.5510713180782815,0.006781695565812949,0.00370449135079635,0.13463767666840182,6
9.897577536816097e-06,1.4465242667043604e-05,3.5425076677349293e-06,0.9981535072886761,9.242993779284596e-06,0.00012306162262503792,3.251018666760084e-05,0.00015780703387723125,0.0003792081357664848,0.0011167574107367887,3
2.4943355724518724e-06,0.9986492390642911,2.3844207289428144e-06,5.829748439325554e-06,0.000248498800686727,8.466126237921522e-06,2.9912116550607206e-05,0.0009598478180302116,2.2167776634715942e-05,7.115979282812935e-05,1
0.023130420149786713,0.9742974837362263,3.326872393426002e-05,1.2471218360263966e-05,9.625047243626561e-06,2.458964418468159e-05,3.115631615674615e-05,0.002226556794057847,0.00023020410616311703,4.224263886758438e-06,1
0.9968498060173999,3.855370822953452e-06,0.0009417627920977929,6.765487560411108e-05,0.0001930371763775651,4.853795977122363e-06,0.0008232664723013348,0.0009516540045268803,0.0001572162997028186,6.8931951895394056e-06,0
0.05559873992489139,0.1752699985053123,0.028257585898281923,0.012757383142732653,0.3238377285175989,0.3806360152986302,0.012838349658440046,0.006004815131781989,0.0014121639296693319,0.0033872199926611984,4
0.024468003652028857,0.025112234008076884,0.017553181469779404,0.011119795103894187,0.04375598045906971,0.031158551498817192,0.8403727882547012,0.004414336324693772,0.000631619282424649,0.0014135099465140734,6
0.02294369682170882,0.9638795752155502,0.0009566077548118912,5.204182067805683e-06,8.691645240060387e-05,4.886320680688142e-05,0.00013832809105323384,0.0006796721352501815,0.0112509647608134,1.0171379537928514e-05,1
2.6959612191967147e-06,4.924574499987519e-06,4.670720553045593e-06,1.782601618664417e-06,1.02877229835996e-06,0.9995044561616402,1.4651514458864686e-06,7.393232581809084e-06,0.0004353747818550998,3.6208042287885964e-05,5
0.0009112550239112237,0.013602577359365896,0.0035150813799220146,0.0003865032802640048,0.9780546081174288,0.00042430439835654433,0.0016104753183064648,0.0002948665886113106,0.00039383364311981815,0.0008064948907138806,4
8.171536742732838e-08,8.645128715660879e-08,2.660012895844759e-07,0.9998043585760933,2.4713296145208823e-07,3.0340732144832517e-06,1.0981432489986109e-06,3.953564087809389e-06,4.589349490514007e-05,0.00014098084754486865,3
0.9997899893378924,5.726529260310265e-08,5.270598301862578e-07,2.4188259354900586e-08,3.6431820910466074e-08,3.0133919546708814e-08,3.686330372388413e-08,0.00013290785266199234,7.624808848121127e-05,1.4277853802892385e-07,0
0.024104870799861032,0.002334674634756436,0.0012794265397152998,0.0011493156787712802,0.9629502605594128,0.0005630480067482716,0.00682925246733489,0.00014098216362803346,4.484930634278053e-05,0.0006033198434288668,4
2.8009039349457228e-05,1.2256904863945819e-05,2.230378290697403e-05,0.9984509117217863,2.276808032057814e-05,9.086599891766874e-06,5.882141698450354e-05,4.6219884565422916e-05,0.001284889157442847,6.473341188803103e-05,3
0.0005168661031290906,0.9960242843945001,0.00044474114152990055,0.000785722362947766,0.0002477951607069025,0.0002363705288559022,0.0002495415826444863,0.0012699712243328118,0.00018717769131947558,3.752981003337696e-05,1
0.005770438391637753,0.006876809832428114,0.5195362281089468,0.002161581330227251,0.03323993404569695,0.006088196284187174,0.002266664714694398,0.4100942614774973,0.002335025362819036,0.011630860451865432,7
0.03922413129668202,0.6452173844009708,0.02434870510554706,0.029643452295458353,0.11561165812899923,0.05199610065864714,0.08196208820961073,0.0034861323925167833,0.0008505406716541792,0.007659806839914129,2
0.008872259977535763,0.010471676708058111,0.00984353669256196,0.004528738764932357,0.05194122759544217,0.9036707829186108,0.0036990960265627076,0.0029467393324555703,0.0005554859554875149,0.0034704560283530463,5
0.015744374063308458,0.011020184031485532,0.007260990511568052,0.005437988739522085,0.005814047328058307,0.43930437545570833,0.007360380479890259,0.01207856564541457,0.3762599395077019,0.11971915423734263,5
0.004933809222788707,0.003819526194909064,0.005285480469468759,0.00255728064064054,0.9626190643369277,0.0033264601391373196,0.013086623119978621,0.0008309229295219108,0.0004462010916768407,0.003094631854950503,4
0.13767977191357877,0.4782387378058669,0.3074401758060012,0.008407557911712073,0.014924137125205026,0.007014532014607355,0.010451312229914241,0.022755633149687874,0.007935123495438477,0.005153018547988097,1
0.0008860150528816783,0.00018993042096468075,0.00033785998266362677,0.0005629436173727507,0.0002456813540943497,3.86949310633587e-05,0.9958514661877931,0.000935164127455402,0.0007075463547414279,0.0002446979709698377,6
0.978878451227479,0.0023775576040685046,0.0007913869328872473,0.004574214993841353,0.0001742158010326219,0.000500705562695695,0.002625247164882979,0.0007159987615289249,0.00026690372427975854,0.009095318227304144,0
0.9994646915191363,1.0260343352732999e-07,2.4601782027272244e-07,7.456992799504694e-08,8.554776611134867e-08,6.205170691751607e-08,7.680425146800992e-08,2.0670134712501093e-07,0.0005344399997547495,1.4184855841115042e-08,0
0.0006137337672110856,0.9963896926192025,0.0002190233260507573,0.0008204317168001777,0.0009286828838466175,8.13714796555134e-05,0.00012299201953038026,0.00014173339106786725,0.00042606030647090163,0.00025627849016462794,1
0.00037207130816610637,0.002989848616147436,0.0005695077047086269,0.005723548718187655,0.0012846133283533612,0.0077481876130940045,0.16557247206976952,0.00034581878483564945,0.006752430581995007,0.808641501274743,6
0.010358744214211258,0.015454677371787861,0.0168692212976443,0.013686426550290188,0.04737667795187744,0.8832386900043387,0.0021382182997202186,0.0025273302768086593,0.0006466502682413695,0.007703363765080431,5
0.999426272034775,1.7933843633184153e-06,2.1231845935338863e-06,6.2972518814709724e-06,5.95601448669321e-07,3.2647335693264435e-07,1.2520024655627388e-06,3.39642525466099e-05,0.0005042726345132902,2.3103180055353137e-05,0
0.0064955836881133554,0.0029905106330061727,0.7652916924934515,0.0027851406855829725,0.0007963508835775072,0.002713954534388161,0.0009038903832501519,0.1687299385766317,0.04815963806105697,0.0011333000609411135,7
0.004760916844186712,0.005455350057940942,0.9844324109921916,0.0013045397261140798,0.0005918471226963952,0.0006344723508699888,0.0007975725880845297,0.0006451789841719989,0.0012241924275410777,0.00015351890620233288,2
0.00029727669626321713,9.640467566201988e-05,6.625723410585213e-05,0.0004717887936738033,0.0009681360193644944,1.8713781282278983e-05,0.9974298344401301,0.0001882965036201956,0.00038774565719889485,7.554619869963197e-05,6
0.0005440702971214443,8.677365168095068e-05,2.2235712466311374e-05,0.00019930987738330655,8.05028956049488e-05,8.40100307431696e-05,0.9966586979515394,0.0002926163540958085,0.00014810168828884807,0.0018836815410756059,6
0.00012373981295809734,0.9921056041334668,0.00012485461595065561,3.765103956042298e-07,6.950131620466413e-06,0.00014091014111007106,2.6561859375142675e-05,0.0005032921555272854,0.006962071475854369,5.639163741963431e-06,1
8.488235472961292e-08,1.648305760384786e-07,1.7221445095660764e-07,1.4994733805417845e-07,1.9917308566559722e-07,5.232672679632973e-08,0.9999138462302355,4.098508527563911e-05,2.95084180819487e-05,1.4836891874783284e-05,6
0.11334060436886101,0.014193515420112756,0.0015796939437986318,0.0037909542813296584,0.003038566984466825,0.7327399459456752,0.0026838819084174653,0.0017085804160734033,0.00253819568201483,0.12438606104925072,5
0.0024284840661972194,0.0012661824828443197,0.007531657557491968,0.004623410512865006,0.0024708470148997242,0.00020665681929612692,0.9773039816525039,0.0013870389880901288,0.0002437843868969696,0.002537956518914462,6
0.9999956366678231,3.57769866970125e-08,2.8005325088028292e-08,2.6934218740869882e-08,1.2237141716475806e-08,1.55382667158561e-08,2.2195842130040295e-08,9.544293139003578e-08,4.101304752098075e-06,2.589671251343236e-08,0
0.005810723774281576,0.0032067414651105854,0.0019288966983721082,0.008161405057930175,0.00031524701919901114,0.9779285049839314,0.0013394567930356351,0.0004319512046155633,0.00030789793447102797,0.0005691750690537011,5
0.014238173240409276,0.004164514572802689,0.03883453146067539,0.001733391975471203,0.0012507557243847218,0.0006862272017170649,0.000539211004675034,0.9312166995390955,0.006852309324739134,0.0004841859560301127,7
0.15720892747630777,0.1687172278034465,0.4554320206768311,0.0055964238926157215,0.00572975459052776,0.01394728493694929,0.005453847746770974,0.05062134500893008,0.13179856802252876,0.0054945998450918925,2
0.042186075491918926,0.32513090795462146,0.04339162812745068,0.002947643919817877,0.2009054751445932,0.25080813395059537,0.01295193972899439,0.0018910554406439872,0.004396092912137749,0.11539104732922668,5
0.001809621304590507,0.0018132988488333915,0.0023743893217141347,0.9588026558281806,0.0015954632288515888,0.0007410157291072983,0.011025467866341138,0.0018850294698791327,0.00958186101522156,0.010371197387280855,3
0.002419179052693378,0.0038149850370910385,0.043968157467403776,0.014108346631266555,0.007052280465072644,0.9218557553070058,0.001436134352926416,0.0003754984134478818,0.0005656118620918326,0.0044040514110002624,5
0.00802762476215835,0.0006205373373714589,7.380443136560544e-05,0.0014134821875605593,5.125521234070402e-05,6.267526653179074e-05,0.9889417871109344,0.0005067135151718219,0.0002806184989920058,2.150167757332427e-05,6
0.005761647951687836,0.0010356977413820334,0.0015674965270314834,0.013348760077224206,7.92508988901252e-05,1.745909007586265e-05,0.9772138929745052,0.00046328302970906853,0.00045856347727313735,5.394823222124471e-05,6
0.05791551167053614,0.24095834530613006,0.3533274828853484,0.01653945177075344,0.029333034581694024,0.19724526610981302,0.03676605012677282,0.04756157713926972,0.004940677498955191,0.01541260291072802,2
0.14024654062005032,0.27717862118269077,0.0010423894872394503,0.0033927852979534186,0.56928116815017,0.0008259227583060506,0.001370183434333537,0.004189716466991327,0.0015839629025744392,0.0008887096996906942,4
1.913161551040248e-06,6.750887002107135e-07,4.174013294143679e-07,0.9997166819423845,2.634059452830512e-07,8.270367125328351e-07,1.2051512466069951e-06,4.824047830222664e-06,0.00024566985666964593,2.7522907630641785e-05,3
0.0028780937117795537,0.0037375831825655673,0.36370912799557237,0.005181701140116566,0.060343352536420716,0.0004939736670227311,0.5546896083165198,0.005800793551489428,0.0020525378668300766,0.001113228031682834,2
0.0009437385647441542,0.0005386243060964267,0.0006571354979416508,5.4062161725825025e-05,0.9942590506339234,0.0005482881113162009,0.0004460131868557165,0.0022306384993068655,0.00025764608251078406,6.480295557901854e-05,4
0.002428829147252119,0.0002848482220862636,0.015795140892571075,0.0008943287710808527,0.0002790789447392986,0.0002409616794474251,0.001276741787099288,0.6841247134347829,0.29442653234742794,0.00024882477351297804,7
2.070599578400102e-09,2.112488587036814e-09,4.032561684448643e-09,0.9999545769850704,3.192383590714264e-08,2.1803376629249243e-08,1.0749596408580887e-07,4.502655250782104e-08,8.30913127364211e-06,3.6899418277229835e-05,3
0.019299025366301015,0.06281837362588209,0.006802481275876589,0.011444769358603476,0.006633463937640082,0.8806035119125006,0.008200878243118442,0.0018539110162515777,0.0005949298645364821,0.001748655399289536,5
0.5194507771837864,0.0001992304763818884,0.0026428154629298257,7.989087083662895e-05,0.00018116175449964207,0.0002415175863090572,0.0005629135012860312,0.47637636661601535,0.00018233265887956408,8.299388907515476e-05,0
0.9999996975868408,3.3827881183961205e-08,2.50571618436783e-08,1.7171515679740933e-08,1.1303751150745919e-08,1.4779752343421871e-08,2.0042547018947608e-08,5.931162573175341e-08,1.0589722429730977e-07,1.502169972673486e-08,0
0.075565977876286,0.010732374640326366,0.0005136830549161075,0.00025444597000756045,0.0017225871790705046,0.8991626188326655,0.00047198767866973396,0.00614035631074904,0.005198065608898849,0.00023790284841009352,5
1.563801630409774e-09,2.373828212560285e-09,4.05979351225815e-09,0.9999871152399732,1.954502520682391e-08,1.8131996734322242e-08,9.517223597535923e-08,3.433661185762747e-06,8.819301390512284e-06,4.909507693033373e-07,3
0.006307067175735752,0.01318847560811377,0.004882105904441983,0.004704816657884008,0.005275858893122817,0.005759548921225281,0.012558228921585037,0.9292349059496812,0.00403299764542459,0.014055994322785844,7
0.0011534664605004257,0.0004302010978740312,0.9972612311837501,7.776931025490203e-05,2.32115285583261e-05,3.270670507156838e-05,0.0004960559744015649,3.4644734716502924e-05,0.00032565838638906104,0.00016505461848338114,2
0.9978047913724483,1.1995665873415774e-06,1.8552454104114058e-06,5.514956758729097e-07,8.998126727038021e-07,8.307449399235093e-07,9.295175105235188e-07,0.0020672913860677127,0.00012152854886403741,1.2230982364056658e-07,0
0.0038072737162467532,0.0009250544313445717,0.0011910098008025543,0.007559205870163625,0.011871432174758166,0.00032300467971255886,0.9724896040593334,0.001190072158587699,0.0003343185536410404,0.0003090245554094525,6
0.0009277281415098835,0.00039984977006085013,0.00564431820281599,8.614890345401626e-05,4.9669525118645644e-05,4.388931504236312e-05,0.00016220374952087628,0.12030545110300658,0.8722878590796723,9.288220979803689e-05,7
0.19717768856071113,0.00986958524187392,0.5469328460315868,0.006280933054153338,0.004157809757118713,0.008357070639559667,0.033237678369430056,0.0687036632876287,0.12299778140440948,0.0022849436535284763,8
3.6818508691725365e-07,0.9997764353131771,2.0239564544123613e-07,9.183635393354545e-08,4.3478372915905945e-07,5.527101903914269e-06,1.0749767520233935e-07,4.1444100289559735e-07,0.00014028630678250304,7.61321386430324e-05,1
0.01481763906203754,0.051207710728447785,0.03818986991862113,0.005893988649434132,0.026427059916935457,0.0004438311339172468,0.8554668965773631,0.0018579294917162757,0.0016308961948841235,0.004064178326643382,2
0.38371159156388457,0.005676175680596624,0.0046040309974462856,0.0015754963540531304,0.0028105757559403386,0.001145710477091809,0.5644278476599707,0.0006725433127739386,0.033033011148748334,0.002343017049494324,6
0.006217346682944155,0.004403960237579861,0.006893606262887921,0.0005854849047979616,0.9656478146311434,0.008379020559240622,0.00572586232363767,0.000938523383530407,0.00014488247604669277,0.0010634985381910017,4
2.7806642683684914e-06,0.9973228118846965,1.7564998447071708e-06,9.48292318477533e-07,9.223663317419011e-07,8.883288910690885e-07,1.1888794461206528e-06,0.0021396663223628184,0.0005286010298106977,4.357320295392999e-07,1
0.004999954749103255,0.0006836649957683116,0.002031401212051886,0.0005011780901242528,0.9881580727694484,0.00030022017955161313,0.002613727515859013,0.00023883019129366774,0.00021867582540102562,0.0002542744713985526,4
0.006251023375882067,0.002118326081333571,0.005106958804357159,0.0016078683097595393,0.9664531081222936,0.00023983567580360333,0.002270871677573425,0.014332909911808545,0.001245560202739168,0.00037353783845015193,4
0.00047445067811508314,2.2526890598575333e-05,0.00010360320970135348,8.353101364013844e-05,0.00010474410693830077,1.8611990746275583e-05,0.9987401052594697,0.00013147958070265392,0.00025622586018692934,6.47214099008271e-05,6
0.001149219427349826,0.00014392432240872464,0.00016830805681991047,0.0010290126660834175,0.0004255285915718616,0.9963466897429608,3.839307033815601e-05,0.0003649636699240737,0.00020903901351121355,0.00012492143903195273,5
0.007022896754856612,0.001944581731845462,0.0003598781553138357,0.00025610056583175855,0.9847385598629609,0.00026607133285352723,0.0006460316615478415,0.00012903230228095993,0.004421618148005796,0.00021522948450354614,4
0.007807119794519551,0.004810313006514404,0.002071014926054091,0.9528786759887843,0.001627689165066321,0.0007622119098670494,0.0074225543536313165,0.011500484164704351,0.009955854949602811,0.0011640817412560025,3
0.9285228304281852,0.06095605925203033,0.0007248668652110347,0.0006001084835021941,0.002732664270986333,0.00018471117614671513,0.0028248893457179865,0.0004401052882343803,0.0003690797863787025,0.0026446851036069333,1
2.958354136965755e-08,3.598579708270969e-08,3.2807111044451524e-08,0.9998036169235726,5.840560386626398e-08,9.410208255770277e-08,1.9278922029858266e-07,1.6089195313179846e-06,1.3746770015803524e-05,0.00018058371352406,3
0.004179939254753076,0.00882637622217629,0.024838050127531333,0.022566016855417693,0.0057503486072170455,0.002478112909883239,0.9296675488874304,0.000794058657233001,0.0003878621940167136,0.0005116862843412307,6
0.9979842394056695,8.03239919150637e-06,0.0011558709815804099,2.215223350909109e-05,3.002925159138006e-06,2.188314333997473e-06,5.330761953799534e-05,1.7568257191562005e-05,0.0006940591439600309,5.9578719866435956e-05,0
0.030430296794002335,0.797239328337609,0.1028599854929399,0.0011385566643428832,0.04714976435794924,0.0066574642049783105,0.0037592906391044983,0.007472462692064484,0.0015230818109718313,0.001769769006038191,1
0.0029529970372544558,0.0013377500578064523,0.0020497614799371887,0.0035081982641308913,0.9833191947112796,0.0013284439347478222,0.0026404317309480178,0.00046805683006286263,0.000140709833799719,0.0022544561200328514,4
0.9794668523459161,0.0029055493530477793,0.001642921944354007,0.010098041841638579,0.0002944542329216785,7.438389928283636e-05,0.0038602392597689474,0.0007095446601859069,7.642950685670213e-05,0.0008715829560276727,0
0.0016829470028375787,0.0005990359891066962,0.001049062488358979,0.0003449296343838628,0.9878382093604374,0.007161591704134777,0.00022995049362770827,0.0002203316331744336,0.0006421663557851985,0.00023177533815353955,4
0.00011156302178098458,3.888530367590516e-05,0.00014059316359960576,0.0012423296924497487,0.001911664859532772,0.8968571662243111,0.0003822909325310141,9.18057038144513e-05,0.0007548205117390372,0.0984688805865654,5
0.04911446114638939,0.7051771294075123,0.033177447443165996,0.017506460356482453,0.06037123195395068,0.011571065467625655,0.09886575416556621,0.013868623392017982,0.0025400690498851167,0.007807757617404178,1
0.01285659751763768,0.009717793527349467,0.052547217865173586,0.0012925614490302143,0.0010516279341212951,0.006241470061822985,0.0017261431126491594,0.06732062933822118,0.8458635330841942,0.0013824261098006995,8
8.730918636044366e-06,0.9988139215344375,4.9867295817491105e-06,1.7003306820722163e-06,2.0969049405308266e-06,5.517016809700656e-06,2.927623025032356e-06,7.251790112941767e-06,0.001147061961825498,5.805189948934273e-06,1
0.9999402671450439,1.2911066762675563e-07,1.0168734904948224e-06,1.4719511885671604e-06,4.281266847229187e-08,3.7195687524650196e-08,4.994929870569954e-07,3.929014951218925e-06,5.041519783772191e-05,2.1912054776915886e-06,0
0.0007379357542707797,0.0008770605739573189,5.5529182231871476e-05,0.00010679631628114025,5.698792340345678e-05,0.996835768223003,4.2774850889016196e-05,0.00025689508627012417,0.0008686259785536908,0.00016162611113952678,5
0.0044878845523924635,0.0007621841808909709,0.9826974007090652,0.0003722979693158834,0.0004521139899915425,0.00021497332201421624,0.0005525379041331175,0.00717308394378829,0.0030336371058667087,0.0002538863225418849,2
0.014234243796767035,0.00021367054724352763,0.0006116127000927436,0.0019728762973925066,0.0002658330110883646,0.9741989701602688,0.0010915151149010385,0.0026658622242362326,0.0005549541071045843,0.00419046204090564,5
0.023947784653108997,0.34447030933895,0.019817694004853434,0.005231718110326154,0.008539969734921363,0.0012258136810451136,0.5836048557796417,0.01048832726492975,0.0014651824407626898,0.0012083449914612294,1
0.001566462308032976,0.0011414297706229433,0.0013463421584533515,0.003363460136965387,0.00026300288600938286,0.9762295443217863,0.014680208590323452,0.0006007677725336464,0.0005809123284474323,0.000227869726825177,5
0.0040172866193988275,0.8908186728415728,0.01161529222267751,0.017403957218053347,0.01927914201919306,0.014184974014488816,0.03770381712663026,0.0011888833590375028,0.00044470328346072013,0.0033432712954873448,1
0.06759679765960304,0.05780510453865703,0.007987301605658862,0.006100551949170061,0.039409154952549354,0.004767129390914009,0.0202050313263895,0.7873889835372708,0.005250664631281922,0.0034892804085052053,7
0.034907714829309856,0.0023702160483545457,0.017939443681081805,0.03423609617292666,0.026447136765869156,0.8364342999625629,0.03145857923655565,0.00879190135345076,0.0014434969175770025,0.005971115032312077,5
4.878646220144031e-05,0.000716249825260542,0.0005223363317126238,0.9893181790284716,0.00020768246853206335,0.00012938231489650448,0.0012244857788353213,0.00658648100440071,0.0006848748361659887,0.0005615419495233337,3
0.001604016549761892,0.00022706296213578065,0.00015245992994178493,0.005751203555786334,7.984170115376329e-05,0.9897582025988186,0.00011820531454540995,0.0003499021724800065,0.0015916637829476406,0.0003674414324285646,5
0.9281404298604483,0.013333647411095965,0.009586972464769453,0.0002001752528941684,0.002267522357354454,0.041727871450872436,0.0005332476234771395,0.0031714840141040777,0.0005274518334148965,0.0005111977315689899,0
0.006615400293535963,0.0034342987030162512,0.0064946927218114785,0.33742781713935216,0.0052818663750049755,0.02577170812051876,0.087505785801175,0.002035099606422635,0.002610260950925631,0.5228230702882364,3
3.45597413428301e-07,0.9998691031324992,1.0457018342803328e-06,2.354505969801041e-06,1.3509070631874802e-07,1.1894904317846068e-07,5.169922030676135e-07,2.5763542884867525e-07,0.00012160311235982993,4.519282542128066e-06,1
7.191466716355387e-10,4.1698675704947345e-10,1.325500727113269e-09,0.9999930608436963,3.349988016411341e-08,1.5842886237683608e-08,1.0396747571144643e-07,3.3135661162030246e-07,6.257448355696411e-06,1.9457946003840028e-07,3
0.9646246783235939,1.7729016169388876e-05,0.000671710348778297,2.791868181275375e-05,2.3554308628586177e-05,2.939087642553139e-05,1.4410335250131862e-05,0.004386916182722224,0.030192146144683442,1.1545781935900414e-05,0
0.0004585764433502404,0.9934980755142248,0.0005062880868485869,0.001063748743624566,0.0006512312940950829,0.00011065515282039381,0.0006242178398724575,0.0007517278377367375,5.01918175626774e-05,0.0022852872698643045,1
0.0007348917499928912,0.0006334755042833799,0.000869596845071821,0.0013126143734613085,0.001441884643860578,0.0009736465201676356,0.9896248168603315,0.0029751750950863408,0.000923575702798248,0.000510322704946195,6
8.997366157417899e-05,6.21768782491529e-05,0.00020025069177748308,0.002143351257255407,9.864422886929122e-05,3.2220735155072505e-05,0.950619993136437,7.873201966008838e-05,0.0006379580441658387,0.04603669934685667,6
0.9999885754376121,1.018468784155654e-07,3.374622396648743e-08,1.762014332913165e-08,2.29374823110483e-08,1.5891725682471415e-08,1.74104916266449e-07,1.663274326390092e-07,7.857225940529166e-06,3.0348616447364424e-06,0
0.0192357200576378,0.00258509619094816,0.006949719725862182,0.0006776786416055645,0.964196913709625,0.0008368262986412099,0.001321307059685985,0.0018022114951303874,0.0022057196523255387,0.00018880716853809053,4
0.002032079172958302,0.9944299785403342,0.0006165568525536372,0.00010265169419457795,0.00014471558505886476,0.00021155069956898251,0.00035582103340501295,0.0005212862517062698,0.0014559517314024714,0.00012940843881759106,1
1.2930175413649187e-09,8.240470507065501e-10,7.109893007327629e-10,0.999982155803842,2.049106870336605e-08,1.300630623145198e-08,1.0279266852278712e-07,1.591226461826535e-08,6.628194973345948e-06,1.106097082255177e-05,3
2.9543417920175707e-06,1.1809703103617446e-06,1.3947448811167135e-06,0.9992357690326507,8.729677214273505e-07,5.278024664494665e-07,4.127323382494229e-06,1.3815344885552504e-05,0.00023350897054782147,0.0005058485013619827,3
0.0002363023364942808,0.00035148554425458006,0.00010428804870338018,3.930604426426059e-05,0.9978627382705888,1.2141894030510549e-05,0.0010532407169777163,2.1039844688031495e-05,0.00021353580311452754,0.0001059214968839329,4
2.0543852790514976e-05,1.591228949378644e-05,0.9985260201755508,4.46326102201246e-06,9.655313209452955e-06,4.513687079458944e-06,1.9400826773559456e-05,3.6154111747787896e-05,0.0013137108632775962,4.9625619055237465e-05,2
0.9907170651634264,3.461307711763202e-05,0.00040440703485019095,3.497502973906178e-05,0.00018989665315560984,2.3788423397683717e-05,0.00017207467817790344,0.0014747400971910002,0.006924659409960154,2.3780432984720814e-05,0
0.005215226091452753,0.09482361874854042,0.016442718351134374,0.005545893959222233,0.7581001247131944,0.019199478522561694,0.09702315438459443,0.0022233031016853136,0.00044614282026890706,0.0009803393073457161,4
0.0026187215431039633,0.001360909668180179,0.03237132931957045,0.08378447675398566,0.013493063333617647,0.002269037180062357,0.8574194240488063,0.0003088326339833258,0.001353353080040563,0.00502085243864929,6
6.507490746295888e-07,2.757836726533363e-07,3.51214313968011e-07,0.9996729878263712,2.1572641655534575e-07,2.9791872291643e-07,5.708379414287995e-07,0.00010936298877926443,0.0002118171620868297,3.46979262044044e-06,3
0.00012866190905645445,0.00017151634412927773,0.00029195533341725246,0.0029438471541260373,0.0010646292429929351,3.1676853697162136e-05,0.9948380837962981,0.0002936150835971909,0.00017318188811745093,6.283239456843628e-05,6
0.999799314695381,1.1524957300448552e-07,5.692762183231533e-08,6.309481776384794e-08,3.560492134675451e-08,2.2555624514928087e-08,9.167114985754583e-08,9.7553189545655e-07,0.00019537259034543624,3.952078670052964e-06,0
0.009075638331124803,0.08296389346567633,0.11673862325264289,0.00030845212330997277,0.0009201191292497193,0.00024027196843879491,0.7866198660627146,0.0019257315920270543,0.000968140000677577,0.00023926407413810708,6
0.002389398041751033,0.00025829809745970666,0.9896323020260551,0.000889231273987313,9.32375381332996e-05,3.775965719910225e-05,0.0009569615981507949,0.0048937581208507415,0.000816844471813119,3.220917459948691e-05,2
0.0008333862826996246,0.00043495629996126125,0.00014956948854423057,0.00030883555341142544,9.921673118103543e-05,3.8602147337925064e-05,0.9979124494247124,9.15310902210531e-05,5.448418402329825e-05,7.696879790769087e-05,6
0.008627288645021424,0.9662934863936642,0.004543055169931605,0.0013893377116833369,0.0031438372289524963,0.00262968694316823,0.0021604446209870934,0.006540800718036415,0.003190758070960356,0.0014813044975948244,1
0.007267493272358291,0.004869197918600212,0.9671426042293797,0.000351586290774909,0.0006408995495179613,0.0005259702990303765,0.0020255419964937257,0.011341521236263363,0.0056310835389957094,0.00020410166858585182,2
5.100676759679309e-07,1.6473651514781232e-07,0.9997148607702288,1.0493406597961425e-07,1.0695102346682854e-07,1.2194420584054544e-07,1.6212095378868068e-07,2.6317193234693684e-05,0.0002574728076788935,1.7847441744794823e-07,2
0.9944678566375448,0.00034716093956276245,0.00042731999251267893,4.263572064088546e-05,9.379009119098411e-05,0.00015405054981554097,0.0002117443331432983,0.0006395294981596282,0.003556345789596195,5.9566447832780196e-05,0
0.9990424412808527,1.2243045252703228e-06,6.877855689455992e-05,1.1463838206439662e-05,3.7360340429101334e-06,1.93306503978393e-06,2.643281790249108e-06,0.0006322815741419496,0.00019336878686341164,4.212927764272501e-05,0
1.4441689566188613e-08,8.174181636884492e-09,3.118658722589546e-08,0.9999257295184619,2.5868444783787683e-08,2.9269669567919323e-08,1.6278053348173398e-07,4.7624912180207116e-08,6.757485612813956e-05,6.376279391654569e-06,3
0.00016871303574654767,0.0004116703482917493,0.0006556383664861959,0.9874496782969903,0.00014807971948785663,0.0001559379487153801,0.0015866890562586812,0.007042842541004218,0.0020096561103877114,0.0003710945766312563,3
0.0007686662517347717,2.7253991579469316e-05,0.0001419940486890697,0.0018092658458557184,0.00010343634515911082,0.9962140867984712,0.00010141703114833088,6.605887002836008e-05,0.0004653087071256171,0.0003025121102082264,5
0.9980717021315102,3.59391179538518e-05,1.2798344790416423e-05,7.758290905373918e-06,4.7194287991471585e-06,6.2799332543901725e-06,1.838852178142858e-05,2.246553254655147e-05,0.0017552396073725735,6.470909108584077e-05,0
0.9971087280437856,5.025607675651225e-05,0.0012043929844366536,0.00010179894354871677,6.28222747078002e-05,0.0001625535313803883,0.00016115636450161417,0.0007422923707625841,7.443634728303259e-05,0.00033156306283729,0
0.0022257918213883085,0.0020494153021201355,0.0015346193406229874,0.0018284953465795293,0.001984624734535459,0.9796680105158698,0.0005236585198309943,0.0031736288654877123,0.001558916338873009,0.0054528392146921,5
0.9447413254185861,0.004684462082824185,0.0017801918467309,9.08548986049382e-05,0.0003754453543312891,0.0003344903809487197,0.0010664278069723342,0.011184901759620444,0.035609708130686805,0.00013219232069462323,0
