0,1,2,3,4,5,6,7,8,9,Y
0.013019797810783511,0.04692980834597683,0.03936096364622642,0.008182491464642885,0.035702875833582365,0.005761726822175148,0.002712411464032878,0.0060330332572429415,0.8372288840135393,0.0050680073417971976,8
0.6831474418359438,0.019563021420449283,0.027969284224929527,0.02955489681672227,0.019970707348580592,0.027451572380721892,0.11578683469868155,0.01814700064266804,0.02760987895526452,0.03079936167603804,0
0.00035290329815480044,0.9540312007559617,0.012681114190596842,0.0007129552909298346,0.0032645585439556317,0.0001161070553234279,0.0004027795440906752,0.0012466588860949627,0.027176406194708676,1.5316240183550688e-05,1
0.02136738283210258,0.006725915098356391,0.02228695002929762,0.8369324672292762,0.02704664893676561,0.014789705918207241,0.0022629792147564162,0.03152952855913873,0.026860244690189657,0.010198177491909943,3
0.042423538035592116,0.01894379385249175,0.49687127437879386,0.014015477859967571,0.24957950791458602,0.0906260740557006,0.0036745453677788044,0.04294654981194498,0.012801181031260775,0.028118057691884017,5
0.01006552974313086,0.026633080500739346,0.03175361863003074,0.024609991494972103,0.020916936688190592,0.1042960431222786,0.6484933240750234,0.038170877754792006,0.001500049312725242,0.09356054867811688,6
0.016389220986766807,0.08482230701483516,0.09768137659797198,0.10197375693941683,0.028776360822575897,0.14702327299866863,0.08979306730535765,0.2322170928883927,0.07180550704957199,0.12951803739644238,5
0.04201663402120044,0.030654420081052923,0.7742843770385344,0.023405865995425077,0.014443953999811545,0.007026070442811539,0.012228307845001027,0.031150852020375666,0.05207642079967272,0.012713097756114825,2
0.006575147744420149,0.26797526849354114,0.012626367615031662,0.08717805412133055,0.0359370830381865,0.010644094168374606,0.011172327466520913,0.0542461784929323,0.5063166039875793,0.007328874872082992,8
0.018684234698209328,0.06051718865879314,0.10639665975948352,0.13667745846212256,0.25084668000609806,0.18550708248822864,0.002334728386069783,0.15318829640975598,0.0657534700691539,0.020094201062085267,7
0.9661328340408053,0.0014131972028137148,0.004495272320882618,0.0013668722780536644,0.012724444066124522,0.0003285745565186692,0.005474823121210182,0.002260768911683464,0.002149990473098507,0.0036532230288091583,0
0.03187265354377615,0.012736640579195923,0.030463572359613254,0.015637001544703388,0.005628202183319624,0.012318957556108243,0.8646379387741234,0.009924787170070613,0.007109753417808634,0.00967049287128111,6
0.05127940281358645,0.019920923629204713,0.021798717300233163,0.18099887404924464,0.0433127493342583,0.1276963677314056,0.11047264645105612,0.09901714584172996,0.011366889306386812,0.3341362835428941,9
0.2063335075963405,0.009907792321528965,0.3902381210095079,0.003316474728867681,0.32813664969640904,0.009768932886663924,0.002390240117287448,0.029695851310730388,0.004411165947179367,0.015801264385485143,0
3.046422336523158e-08,1.8584314684119637e-08,0.999906533889376,2.3548274504741902e-07,6.929759439484544e-06,6.9182681217716785e-06,3.1140192909844976e-05,2.842875667055834e-05,1.4660093403985984e-05,5.10450879522619e-06,2
0.031818704924230785,0.004737746497802215,0.7711441133270799,0.0008102482862536089,0.08178076370080826,0.016841840037285623,0.0005879363904279872,0.04055219565062373,0.05030039334787088,0.0014260578376171199,7
0.014672989466915608,0.019415042585483395,0.0869965094607502,0.17888321691102133,0.3236544532525209,0.13679960704806696,0.005148371244899503,0.14149604148203251,0.006387556984278912,0.08654621156403082,2
0.006116823876281121,0.009132523358802278,0.009774982503788745,0.008960358143478606,0.03163213187997117,0.8131350206537199,0.042074064124722824,0.03599747438553177,0.0008931489521480673,0.042283472121555456,5
0.11730032898791591,0.041068491569583254,0.020852457620895024,0.09464832066798387,0.046121352401003776,0.05094454281393708,0.14416640277945708,0.1257589732664149,0.014798640749933516,0.34434048914287585,0
0.0008560632865916978,0.017310416335719093,0.011786006895118878,0.014218725556877322,0.007942655150761306,0.00460198912964416,0.005934839586719319,0.024731375719724013,0.9108715333687967,0.0017463949700475471,8
0.025625480299803577,0.016780158908069318,0.012939020502592824,0.058341671681594834,0.4723880882312626,0.02319146929691936,0.0010614159538721965,0.368589291564459,0.007723777582127096,0.013359625979298921,7
0.0021918054154427854,0.021059129955443893,0.38115926420625956,0.005359063601787202,0.06290918295626297,0.042459657901009175,0.07843323132449011,0.3444024916817343,0.01403124104355968,0.047994931914011,6
0.03345559082540998,0.01583409811365435,0.009533283995297908,0.006904830959570728,0.03883078533859052,0.0331511365405323,0.7096558731783836,0.03926028376871574,0.004928242024175338,0.1084458752556696,6
0.9999995844784804,3.587232421699884e-08,1.6691007437910114e-07,1.1164910158398899e-08,6.902746064002822e-08,2.0973459846700615e-08,1.764639242299201e-08,1.550850557405045e-08,6.463095187741943e-08,1.3787440646438362e-08,0
0.014153922507759126,0.028626159191727632,0.056677303921376654,0.0054004906659709355,0.026596068185844177,0.19650027558241456,0.59551613047111,0.06278708860231247,0.0031157019644087246,0.010626858907075975,6
0.9713247629726953,5.756661192432048e-05,0.000130277409155467,0.01865690426270847,0.00044610826512367526,0.0008082469466113044,0.007682059742926248,0.0003525588228776044,9.566334205840171e-05,0.0004458516239197755,0
0.006962072229282018,0.006521977876565594,0.06449539274604976,0.011446138106189161,0.008978318405317078,0.019625611643585353,0.813917674928617,0.028139277301055518,0.01813264190072075,0.021780894862618017,6
0.013760470651189734,0.019257439671613884,0.2777682010818951,0.007065029939476578,0.5594040208981081,0.005577004487870347,0.0032822707483512446,0.01547189394849202,0.0893664969587846,0.00904717161421894,2
0.19172276108354158,0.015770880686248514,0.03554497750431228,0.0037737886340465493,0.38455417660572383,0.022067661492978664,0.0034749391013601484,0.05105673537911421,0.024681414350632827,0.26735266516204187,9
0.9346975443373707,0.01710694688588073,0.01036259156807576,0.014568430538829944,0.003698558914166248,0.000924329086109636,0.00017158293242021085,0.009335922207320864,0.008571418166395655,0.0005626753634294637,0
0.0017549041924821663,0.014985920425849257,0.006536547552525193,0.00484924217913765,0.07840551245415057,0.8513562021008485,0.014131369984098002,0.018102296369600847,0.0006325984731537868,0.009245406268153839,7
0.03228260991868775,0.013226921331063348,0.02250432958936943,0.048264830672782824,0.1342866754774757,0.03739608184050666,0.17907144965248536,0.478055858588247,0.008901609857790269,0.04600963307159118,6
0.0043430076735173385,0.050266497402720725,0.22303229044759249,0.03579897779671563,0.030391602379141864,0.10750444350426364,0.16562720487986454,0.10714517799248902,0.2534736668925391,0.022417131031155616,8
0.0689867150273842,0.03363347244013834,0.012389729749070552,0.029327547993805398,0.17193516825685048,0.09979834566164814,0.03190701763402078,0.2217225089161195,0.003648360394714334,0.3266511339262478,7
0.03537074394398708,0.1477194327942174,0.026378902000602132,0.05607834321902476,0.0279413579215759,0.05191222620464694,0.33557318304205,0.11274977380646953,0.0352876063135284,0.17098843075389777,1
0.007365387407518182,0.3660997176231676,0.0359262931314047,0.26736335309969866,0.11193662764229474,0.024009028211179295,0.008651740960887326,0.0855773865470773,0.08722206126697418,0.005848404109797461,1
0.2916096680879808,0.014207639090751624,0.006007146216247445,0.023614484643594773,0.2851994433601859,0.11921145116126385,0.004139009649552345,0.21114331663723881,0.003336580387386567,0.041531260765798134,5
0.0014528212097934133,0.0015237242976140904,0.00253320001443655,0.00022588038401122722,0.26122294541880553,0.0004101456324781375,0.00018396258809938085,0.7249781366311402,8.225852536906772e-05,0.00738692529825267,7
0.0011590605259641465,0.001582495263037961,0.9657658016181746,0.0005633925073314562,0.023424414011866335,0.0003319915757971935,0.00011380214827932148,0.005338147694105171,0.0005920207722718999,0.0011288738831718203,2
0.6492353424314014,0.030879180457895308,0.01525220291198544,0.2162033440964218,0.011535414711843666,0.010643424442272504,0.035065821963727165,0.01806030594194416,0.003303058278032973,0.009821904764475512,3
0.09848268100450397,0.010383524215203097,0.04388071960659247,0.6245674956729124,0.14860475352971766,0.0013171754637330189,0.0008587321678560087,0.07002728027374167,0.0008396550252899206,0.0010379830404498478,4
0.0438315513415662,0.016219583206279597,0.07922895812663064,0.04019503601464951,0.07069355575652873,0.09235087910098444,0.20939202574926608,0.20779624582423678,0.018537039975172153,0.22175512490468569,2
0.9970097343679786,0.0004847836105071854,0.00020164964659433025,0.00021849386891223266,0.0014097942474581263,6.10741617332595e-05,3.795827218751148e-05,0.0002804786468804556,0.000247902668506083,4.8130509242206314e-05,0
0.00011118238209470868,0.00028547629328095877,0.0013731335602809051,0.004114079097334349,0.0002992689452014284,0.00014897651121928987,1.6339346524371918e-05,5.385702897125467e-05,0.9935760114921882,2.1675342904028684e-05,8
0.0009665450218104977,0.001926250745658679,0.9829112832795143,0.001175449766166921,0.0008428719703303109,0.0004927740692776389,0.0006348876088168229,0.006260216207205319,0.004329736500164646,0.00045998483105407823,2
0.9337582429193428,0.0037929796635900875,0.006617103942763188,0.0023911799992979046,0.021702575528071186,0.004413558518819705,0.008313688583835214,0.005513052144412846,0.003462764014309056,0.010034854685558935,0
0.0037784792459000516,0.14370263800636185,0.634016844009767,0.01040906696846358,0.060121370956923326,0.039090195522589063,0.01951725514164839,0.054428437781234705,0.0039435023662040556,0.030992210000908155,2
0.01256365056784243,0.022907825070881082,0.8432651885686067,0.013892552848491951,0.024418050222708997,0.006357890932777408,0.002889597386454146,0.024054041725320177,0.04345799621417641,0.006193206462740744,2
0.1572770460401783,0.12474234160964755,0.042073014600597015,0.07834628162972224,0.0287117786552622,0.02603057034233787,0.08818763731580075,0.06266464482898272,0.2850372731981042,0.10692941177936761,8
0.009687965202610194,0.0211297077549683,0.20565868655759995,0.06708517025071543,0.12238183289039237,0.32512629396657655,0.047107131387088656,0.07116296800346489,0.0760726843868887,0.05458755959969523,2
0.08884435689871256,0.03411567808540518,0.5521333331708506,0.0036501654757026512,0.11124585899113268,0.013730105514521716,0.01859373000195396,0.07974249428388784,0.015726945631426237,0.08221733194640654,2
0.011519804911484582,0.006067019114993378,0.01526809647114479,0.009003036837415577,0.01904552999321774,0.16833505054814196,0.5544410273592176,0.06125375837371406,0.002165141870755905,0.1529015345199145,6
0.06288980797963722,0.08126317032244793,0.21655562079030316,0.14042491495781603,0.05560479243752549,0.035490339544096194,0.05635027302963686,0.05520180239114199,0.21148100216509377,0.08473827638230153,1
0.007796385694889303,0.0060491605701797745,0.2579395469477928,0.012250554675081338,0.15062226949178156,0.06184048716226521,0.008091582634869964,0.34851013732233266,0.023811830232106153,0.12308804526870121,2
0.008306592816628643,0.021994007868065848,0.8938258726307213,0.008344057649909756,0.0214337898941418,0.006292503011332205,0.002047665432654298,0.006399714768546134,0.026402319896824625,0.00495347603117564,2
0.003146663222979989,0.007493406553882518,0.01093751767505446,0.001340440623635609,0.7066223596506611,0.24310367700001864,0.0006593103178974989,0.014357443609530276,0.006128237208070204,0.0062109441382691725,5
0.006195258242090836,4.9403692413082465e-05,0.001045654677890212,2.541950845047892e-05,0.9842704369687283,4.0378204336274516e-05,2.4214106104098417e-05,0.008283806098346764,2.8013835831404327e-05,3.741466580867532e-05,7
0.0013490372119678608,0.9251515614141463,0.04740934149562674,0.004170509521626838,0.013592413891570163,0.0007496007325423454,0.00024307488463462925,0.00104139141030121,0.006095466305342414,0.0001976031322414121,1
0.02394623070958787,0.06321489747407624,0.39811255030489695,0.053931424803628274,0.04014374752375041,0.06246516788449823,0.03935487900046094,0.10854682675544425,0.020236076638344012,0.1900481989053128,2
0.4044022392812014,0.028868698122267125,0.022838977585401498,0.02240185748304422,0.43325356995396286,0.065810520773677,0.0008168987663646435,0.013934921411850949,0.001940275372919423,0.005732041249310716,1
0.055419518632258025,0.07369756173265146,0.02263382772103985,0.09128346499644618,0.11320511897235833,0.0827140828389179,0.13341631142362217,0.16264788391846,0.04538071266384068,0.21960151710040607,7
0.00027555174546486363,0.9571676655212247,0.001588924724452474,0.0025715037128337423,0.01415027358471051,0.0019314068557468064,0.00045077064875219115,0.01607214529266039,0.0038641492301236865,0.0019276086840302304,1
0.997894083182205,2.4436428909977814e-05,5.251245183162727e-06,7.030810121445368e-06,0.00028309933270821735,6.478400507634645e-06,0.0016786607610866106,3.263219379924602e-05,3.282642395117325e-05,3.5501221527697585e-05,0
0.0022906533153769872,0.008957399752639964,0.0068927910691208,0.05400955101629128,0.011580092727817248,0.01630572315097888,0.01490539700819277,0.03698414594144115,0.8413991847605045,0.006675061257636872,8
0.019809699072688147,0.06002010309635298,0.011945742545107616,0.07701296393306575,0.5164069166351708,0.05416948580139188,0.0550569502225925,0.12133636862812781,0.004000163082889228,0.08024160698261348,3
0.07696278301958973,0.028553266890803623,0.020344595219008648,0.08422784661479368,0.054309561190310086,0.11624805389508132,0.17114692132970488,0.19282461346488552,0.004204449918055069,0.25117790845776766,6
0.00017459016237325367,0.00020509485850311204,0.9909946714239679,8.377861454162678e-05,0.0015441309469159678,0.00024874771240107645,0.00027874574859706064,0.005339810242191805,7.363023633621217e-05,0.0010568000541719056,2
0.084982609049496,0.023325007072741363,0.0056673698122346235,0.7087217449679224,0.036705059821175647,0.011684455370393924,0.02989605812075455,0.06628167665868565,0.01863286937035443,0.014103149756241122,3
1.2413026427680429e-09,0.9999397700770956,4.841530877984657e-07,1.6837892345597372e-06,3.70156876112801e-08,1.3173601194350457e-07,1.9372621153281735e-08,1.1876195830842077e-07,5.774254710818593e-05,1.130589247083477e-08,1
0.02930562943030903,0.057316992360683494,0.32636195365280346,0.0260898871464636,0.019687596874673627,0.01083060868301037,0.07678581078420679,0.03740770827997308,0.39823951486782044,0.01797429792005611,8
0.043050131639862196,0.015813047679802066,0.04270041611086284,0.08551637572159858,0.03991742759282379,0.09962208151020269,0.1584310036304232,0.1380274853547503,0.024467698713083297,0.35245433204659116,9
0.0163668469887709,0.007275018040562583,0.12192293999951337,0.03401837341653481,0.08728968574027443,0.2174642496375469,0.0025316118606512664,0.45332992489496265,0.0035749359424271173,0.056226413478755656,9
0.048942396116399174,0.026160642763343026,0.03904911026164971,0.30473800262569345,0.04132870590694438,0.06270608988252888,0.20749174354847952,0.08352340613712414,0.0346289631550821,0.15143093960275575,3
0.22143099521163753,0.014023661977102713,0.024626910233709054,0.08528307122185745,0.08353038494497458,0.06970900395661123,0.35809078395446936,0.09789305123763703,0.004902343413148981,0.04050979384885237,6
0.011857653237395474,0.02191020239373697,0.8641642998426368,0.010179169973084821,0.016526140388225374,0.007474774393337016,0.021506979755183016,0.015424137979420043,0.01186655620568317,0.019090085831296903,2
0.0050724367249716795,0.8997017360267783,0.003227574318993717,0.026516871707285273,0.019187442596926806,0.0074632148454896125,0.0033580254601101923,0.00529778121083008,0.024151971940142094,0.006022945168472771,1
0.008174658515008787,0.01382232418998268,0.7365156199577406,0.0632093853593081,0.01371081599196761,0.02770799366323671,0.012501522522733398,0.03464506469169742,0.05998324670207168,0.02972936840625298,2
0.0002663804384723536,0.006182662537356286,0.0003568342492234959,0.0012442281549542857,0.025551262664793538,0.955677519211531,0.0002292134276356981,0.004231183879963156,0.0058808497388240285,0.0003798656972461356,5
0.008760678038545192,0.2075974572302597,0.12104564243643556,0.27809667748277983,0.030096352362562008,0.08302814923461843,0.1522261046093511,0.04229984346821595,0.05474838868240872,0.022100706454823527,1
0.0019295274649798481,0.001229670682196093,0.022358496403277354,0.008734420030612231,0.4305381492894844,0.08082233527537805,0.00047892378723470605,0.41978594332583385,0.00028633367230476047,0.033836200068699036,5
0.11235771931069186,0.06275754088988418,0.1540534073879212,0.16666155511328729,0.24400442081079365,0.09515772015023277,0.024832363444034895,0.07309323760414867,0.03458022370248985,0.03250181158651491,0
0.0010987312689662036,0.014366956670729429,0.004166868543161661,0.01833690681227557,0.04853840978794354,0.48360772178025,0.03397096134726545,0.2696732367838432,0.004735987947401938,0.12150421905816297,5
0.058936286632876464,0.007285091397583626,0.018919694108058743,0.002585269276229467,0.2688957359161348,0.013501795460088553,0.00516631715203299,0.02638771192998405,0.0018555763859248945,0.5964665217410865,9
0.06106407448029832,0.010047953139849783,0.1684802134678884,0.03925418165791898,0.060330684274751516,0.2680882102993826,0.014893395811636236,0.06973377625371739,0.10935344312586245,0.19875406748869412,5
0.007484412565855433,0.3432480934279634,0.1386747693891653,0.08890408547479425,0.022327430477173858,0.10362210302305072,0.1537338398280674,0.05410016629907171,0.019094300034661185,0.0688107994801967,5
0.06466072061490345,0.04219338567081298,0.0291690477267038,0.07068025352685225,0.08562567247459167,0.21294356314434965,0.09935470865608188,0.17900179466218485,0.009830502115795198,0.20654035140772445,5
0.0020766280777414128,0.0858461380436034,0.02513766193773835,0.003005606831069335,0.05545022102005138,0.05266024583496313,0.01525876210293276,0.39194026157933093,0.0005118951491571115,0.368112579423412,7
2.674964908940559e-13,8.141360964012125e-14,0.9999996286302949,1.6163631977057997e-08,2.267517468329084e-07,1.9986319205814292e-08,1.7381612390715267e-08,1.683613988892816e-08,5.908370416483459e-08,1.5166201560302183e-08,2
0.9999356884333297,8.101339009692491e-07,8.939792792150996e-06,2.511752875097754e-06,3.745167120847313e-05,2.8475354062474956e-06,2.1465424553272843e-06,1.0479595265253827e-06,7.142383825606442e-06,1.4137946795396803e-06,0
7.378832224007492e-06,0.000551465981334865,6.523764858578934e-06,0.0006795799146035846,0.0007416243036356165,1.5176345166745207e-05,2.1720915364583606e-06,9.355959080763247e-05,0.9978180141881533,8.450498767923465e-05,8
5.3042433359355255e-05,0.969038039764684,0.009382638116392216,3.6494553311100354e-05,0.0029584240616433886,0.016650448827554395,3.9371946539179515e-05,0.0017391275173902188,6.222224041487692e-05,4.01905387111735e-05,1
0.16896205902134281,0.07267832782758211,0.01411505176028251,0.05355413915558198,0.06023904002874161,0.07548384639830018,0.15798829747341447,0.10754453120424512,0.006583821346656413,0.2828508857838529,1
0.01658806322265086,0.06159652353519983,0.004097456680638689,0.07268985336515098,0.6684384762484801,0.0036787366833190686,0.002105918896836555,0.15524108617119964,0.009042426441567676,0.006521458754956978,4
0.012305399137242268,0.11643735195462965,0.06490109125323104,0.04862670322493179,0.0811334260162264,0.05125833819436652,0.05104052779805973,0.048141427030774786,0.49824767815395926,0.027908057236579412,1
0.0016972901623447574,0.09434102669084687,0.024372878704852486,0.04833293633859141,0.16920870921688677,0.17090670777775452,0.0029577055093476454,0.394537486062238,0.009846935107788552,0.08379832442934917,4
0.11242561221687421,0.026904665167240674,0.021326714692810396,0.033739660119953885,0.03037129462693401,0.05337792777113205,0.052509471950292895,0.03415920245504918,0.014867579250132682,0.6203178717495795,9
0.16290181853488614,0.09544051801521392,0.004961008816476765,0.08239805560819227,0.08725452182240633,0.016505810433355365,0.0063943472990802405,0.011449781576959897,0.516485308678867,0.016208829214561377,3
0.9902113142018851,1.5669238367005247e-05,2.9717218663180333e-05,0.0062251895180375615,0.0025020405775914474,0.0006100236537708942,0.0002175741737413906,0.000123039901325732,5.342414641258778e-06,6.008910197638409e-05,0
0.891563300650479,0.011487877590684663,0.028770965791770492,0.0036751043096281536,0.006698187722249344,0.0018972054137138578,0.02856140754138802,0.002286402314535131,0.021829404966721633,0.003230143698829375,0
0.002484112776209756,0.0713188261325384,0.819767907787652,0.0015642998433815355,0.009435201826985935,0.004345033902064862,0.0007972387853670764,0.0018933359651122535,0.08760881643643181,0.0007852265442562444,2
0.04290945259667498,0.0054876491996806555,0.013765546715279822,0.0090010070927236,0.29293553541773887,0.15914605474239832,0.003723813591483416,0.17107370839712957,0.003341485081473377,0.2986157471654171,9
0.01762795353552528,0.7236303304603607,0.03225382864301775,0.10540725719104803,0.01757814460065199,0.012415202840437511,0.031904916944861215,0.011499337300126686,0.04311177641836203,0.004571252065608283,1
0.0007064691162014526,0.0003181733829990648,0.9940691833263662,5.095065794989972e-05,0.0015657467231905886,0.00014751922565602334,5.8477982529705175e-05,0.0021809014620118193,5.984005420280867e-05,0.0008427380688924753,2
0.0012744258700725082,0.0060210434632763845,0.020872048586535522,0.05704067692981436,0.19925155594701535,0.06834670288501299,0.0017987401233275776,0.5981993188827014,0.006876528237115181,0.04031895907512936,7
0.02522711178800674,0.013329777778373438,0.828944729275205,0.017978557669773163,0.020483626089728924,0.005808650880944238,0.009707984979933588,0.04137832375875523,0.01644468253754551,0.020696555241734308,2
0.9948397566952537,2.1634123446794467e-05,0.0038460507262434653,0.000168442234736901,6.63862965210136e-05,0.0001570377196365794,7.080231219249095e-05,7.583023937162598e-05,0.000695760845863903,5.82988067337419e-05,0
0.9858491621616269,0.00013413249198751753,0.0001770097108745121,0.0006192890276840811,0.0046685598844563355,0.0016599198274064254,0.004988010141003511,0.0007310975621664624,0.0007895124513485968,0.00038330674144566824,0
0.8335991778167919,0.02055482532209916,0.008900216856631712,0.005205293874846493,0.03104048219987244,0.010623194763773585,0.03378417615144571,0.01228254336607786,0.010685932388118241,0.03332415726034331,0
0.9792346500700533,0.00023782788910283478,0.011840798106591374,0.00048261748068217995,0.006812552840580159,0.000742736792383564,1.1647744226245322e-05,0.0004227138081461459,0.00013350176023636253,8.095350799715622e-05,0
0.9917340659392831,0.0003481080162288474,0.0017900795877512558,0.00016775516325223555,0.005061565979376148,0.00019000308447783416,0.00018155236721915645,0.0001469662606939024,0.00031606712773546035,6.383647398202904e-05,0
0.1950337626205178,0.04603959511937895,0.04751715871006015,0.17575989777445336,0.0683219011845455,0.036245736609334236,0.01681961757124853,0.187564657904982,0.035693154090222,0.19100451841525712,0
0.0005521650579830557,0.0027351664917266054,0.0031312109961121716,0.00021309832864025428,0.004921603908585276,0.0009104428790918295,0.00014241128035976712,0.0003851696639530542,0.9868616571105505,0.00014707428299799962,8
0.9948746223887245,0.00021698083847501858,0.0011615611306638025,0.00044462431140193616,0.001443357727736969,0.0001619241463211914,0.0004689132466242088,0.00010994784497622982,0.0008198129322065643,0.00029825543286942404,0
0.15049937583227313,0.014892332517378972,0.06569301820803251,0.1995121929925427,0.10430745225339585,0.2214289112643328,0.005673524688391282,0.17998186693724325,0.011970306762678646,0.04604101854373116,0
6.62766593078345e-12,0.999996989723001,9.51162795286997e-08,1.4445281775514016e-08,2.8080938977281367e-06,1.7563070919507054e-08,1.2899207885743188e-08,2.5310081770309883e-08,2.545378471092767e-08,1.1388766941612294e-08,1
0.0041810277346058106,0.016329002342789247,0.011165437165208576,0.013944154447730213,0.41778125950012235,0.34838056259960526,0.01924700549354021,0.13318068182400306,0.0028596229433428284,0.03293124594905219,5
0.008647099515746597,0.002365883648772122,0.014433676611532007,0.06482686384440198,0.43288557142414136,0.06269561167818692,0.024138217559897857,0.17001299673084033,0.0007353761877220731,0.21925870279875864,4
0.02311840278872429,0.023754151799799887,0.003722235121677839,0.00990788649535886,0.9068889850008062,0.009602382694176608,0.00652733364617042,0.01035078202662269,0.003488142724644712,0.0026396977020189784,1
0.04158624109582886,0.03199758080768933,0.018026708853914348,0.09837348869558601,0.08123111995104994,0.15205080218873307,0.08656305563895476,0.17342537829356652,0.004587506168639213,0.31215811830603785,3
0.00987934516248731,0.032634701355769874,0.6255110680048946,0.02023479909144659,0.0030559535461618455,0.005741636934658892,0.0150748701138856,0.03763122484897976,0.2474990653334538,0.0027373356082621247,2
0.019985644323366338,0.025154108745036364,0.021784218590561184,0.015029847349105951,0.5562275366171209,0.14126795942588014,0.000872116568811833,0.2142277803529618,0.0018451387755363008,0.003605649251619351,7
0.013647450151463097,0.11689618184305757,0.013559923341910503,0.2990019156342164,0.06848215096397756,0.05043281858380606,0.01340577401068565,0.30936785372841846,0.009458508912867912,0.10574742282959704,3
0.020573993163719096,0.026171298843708883,0.8514898831674886,0.013429899852816132,0.010280212730466852,0.015202927593982755,0.005232125175725012,0.007228668510386172,0.04383283335974816,0.006558157601957919,2
0.18147658185939017,0.040921215839818836,0.016779225548505965,0.07788923281059351,0.0932068189769725,0.16144927331903838,0.11418801117560543,0.09187362349432307,0.005974676596504256,0.21624134037924816,0
0.0546361190948139,0.4465217561112958,0.012545464733372988,0.04212631791090715,0.04788589969405221,0.05243816628408324,0.011105313237170632,0.064076831553655,0.09740621122877173,0.17125792015187696,9
0.06085430934966246,0.21909187405062072,0.054528555214628,0.12056322160451802,0.037005699794727544,0.07418313308186932,0.19905526921512778,0.11192531851383358,0.03445008477180618,0.08834253440320658,1
0.2984059364533841,0.08289925594641968,0.01677618026330744,0.09979899348981183,0.31244762066261833,0.03794193135422478,0.03465918065949392,0.04214578604429804,0.03023914788197926,0.044685967244462714,6
0.042525123436179715,0.06372698289956598,0.026090654598973133,0.24468719327161925,0.06981162763234063,0.024854326606136182,0.04806317076462885,0.1178223841557368,0.3327959197928527,0.029622616841967136,7
0.03440552026853817,0.016750702752563566,0.05047346705575462,0.48187690337192074,0.12028458433081482,0.05023800994591496,0.0016391416816108934,0.2096528644861023,0.0013220139689729335,0.033356792137807616,7
0.005748814802048558,0.21430855612779517,0.04186191173462918,0.009844137667034309,0.3861703810675743,0.10418113394648278,0.006277836020669396,0.10645299574763112,0.1107093170915344,0.014444915794601054,4
0.042649375572126315,0.05836277940621308,0.047844911900754676,0.09924369605065791,0.03543985259312257,0.061874488477364806,0.3144840760343548,0.07807459386818368,0.016456482254637857,0.24556974384258368,6
0.03454052731482483,0.03668653766534088,0.08834027154546027,0.14560591018910135,0.061583602453245574,0.17241265947303308,0.08111891015185102,0.13107729470653584,0.03163315494290834,0.21700113155769882,1
0.02587747797261988,0.765365500808358,0.010874948396473337,0.05546626305897088,0.013486327043397367,0.0036926565535143597,0.010713156354447353,0.02133663510168608,0.0834823423234492,0.009704692387083524,1
0.23267195355817197,0.05532349961073015,0.14963334576171422,0.018585898835427682,0.2686319267034944,0.17610172566966126,0.034337277247730676,0.030176786922160578,0.016596455543720294,0.0179411301471885,5
0.9931932411592388,5.242898118216139e-05,0.0057568389183934535,6.988945034058824e-07,0.00029795288534061943,3.898267520329595e-06,3.834385709311795e-06,0.00011253135616779018,0.0005676594293474134,1.091572259660481e-05,0
0.005281711626224427,0.006610102935792836,0.08981236639705757,0.007436609622700839,0.15048357814411764,0.31605155605056107,0.00870859660379957,0.39551248855370474,0.006710915140334074,0.013392074925707396,2
0.934506076729904,0.002210554409900995,0.01022903190150166,0.002498112714740333,0.007464983907216561,0.0015055972298166696,0.028290859658117513,0.002096486988235939,0.003862801539143382,0.007335494921423107,0
0.9314918757768952,0.0074848261759466565,0.0029395370018793616,0.006262599312316695,0.0217401669674798,0.0034697267521080926,0.0015856956996747002,0.00407113010584833,0.008483316834374036,0.01247112537347701,0
2.201983386323559e-05,0.9864443741168564,4.384640456122621e-05,0.003305734046158125,0.003322474671728104,0.00032821348689720885,6.220558288275146e-05,0.002228458595490879,0.004086958688769178,0.00015571457279298074,1
0.03596829634639336,0.045986550487169146,0.030485650059135897,0.23781003363450645,0.03394185908597212,0.0956783103098144,0.1750057019861733,0.17858195581885203,0.020932022580254173,0.14560961969172898,7
0.08555557103830243,0.5625270938089822,0.006234926226074974,0.11368733624190619,0.037369300180426834,0.028371646278882525,0.00700553700810067,0.05194178803452018,0.09427958042372397,0.013027220759079677,1
0.11023371790527337,0.03676232460284108,0.2171120226831522,0.09001476376940577,0.07924801989480164,0.07074662312978328,0.06750119535849546,0.047078050594937075,0.10454997417675861,0.17675330788455174,9
0.004066479387421321,0.000852626074142805,0.004179550486815555,0.0037602411768382833,0.07055891980967129,0.08333091290581945,0.011927464735712342,0.28880650274315206,0.0002945153430877028,0.5322227873373397,9
0.006430287356847066,0.03006078814801607,0.03074148645240779,0.0015763660096275078,0.8734752212818717,0.0024634246749010596,0.000848761093024751,0.04099960571273632,0.010975888818033854,0.00242817045253397,4
0.8991962901421524,0.0035184596846044784,0.006408968956058207,0.005027037079159234,0.08060360655321415,0.0006897863877912032,9.63018727331318e-05,0.002579882678440278,0.0009830545311629575,0.0008966121146841822,0
0.0062939198959758485,0.00790304705060706,0.020504123288206506,0.023955453965583212,0.006252792349446261,0.03298873424142192,0.0038659277424183316,0.017121460205169248,0.8756452774747292,0.0054692637864421426,8
0.0034250347147764867,0.8072833075199211,0.003834898773804794,0.03143988489671613,0.06772294760349945,0.005546258068832293,0.0004176289685775807,0.07524061555459123,0.00039544242594434156,0.004693981473336603,1
0.04206083480130936,0.029520036296878813,0.013453570477444521,0.1380255470024217,0.049015154396868155,0.043866037878723514,0.3691072713105456,0.07965836475752817,0.01439802326617084,0.22089515981210883,6
0.9886835945210294,0.00014672353870414994,0.0006701133802433138,0.00036082431181228307,0.008789422436438502,0.00010811040084744604,0.00013121286031109994,0.0002156584979417743,0.00039050351595627613,0.0005038365367152508,0
0.016907961372020212,0.09432297906820616,0.10784633208490463,0.08851988755592197,0.06082555407882211,0.10983422345512328,0.12926130244577594,0.32503844420713335,0.014127530477220306,0.05331578525487233,7
0.001257640166183367,0.004756117177580728,0.05191497434640639,0.0003502876543478131,0.9030454944737643,0.006310548487065658,0.00022090284006042862,0.0194363035729165,0.010729615826957752,0.001978115454717404,4
0.02292520890872181,0.12455861235204177,0.1367829674477231,0.036342963708776585,0.04207832408031008,0.04082561820496255,0.029020002988495996,0.07340250686463431,0.45404925817678504,0.0400145372675491,8
0.06916062436812367,0.06131968409372723,0.21409905998690998,0.1564019133560971,0.020512682757681405,0.039501882712543276,0.24795563854568575,0.054400066867994486,0.03459974355323993,0.1020487037579969,2
0.02788233085663272,0.009054956691290483,0.002219324556941392,0.1741211262648177,0.03429463974378559,0.0644620908296652,0.22136718412375087,0.09638270802935214,0.001061899943988829,0.3691537389597746,6
0.9994852858467265,1.6522142147587657e-07,2.124289238090312e-05,2.8805339320700972e-05,0.0004081216742575352,1.3843627665077261e-05,1.0898818092328532e-05,1.3436413136735967e-05,8.98507597096019e-06,9.215091027987652e-06,0
4.2248669391608827e-13,1.075569715269191e-12,0.9999990385429927,2.5031601620663803e-08,2.0651451382104317e-07,3.145500063814298e-08,2.5271178226785884e-08,9.689346768622899e-08,5.501964913709712e-07,2.609325637354938e-08,2
0.10387958144463713,0.03825615088048204,0.01855305985724476,0.34226596966353356,0.05091171973007854,0.13948797684309416,0.05044692877684352,0.1628862420261333,0.0064856052140287515,0.0868267655639247,9
0.026982168074031525,0.04485543494253141,0.013782058088051127,0.06794373220786488,0.24492996302082953,0.18295598276700026,0.004694369863232653,0.34273915014708134,0.013563141604943046,0.05755399928443469,3
0.01040785013203411,0.007790544836732104,0.6719763449241067,0.007858680309260091,0.0020027317648212257,0.0016681109195628835,0.005580444138032309,0.007648955669391094,0.2777470453480447,0.007319291958014591,2
0.004079676338797398,0.00014465444440878636,0.001456162543896484,0.0006658169799975709,0.9855423288358705,0.0007445608299991839,4.034503304818441e-05,0.004831261360485063,0.00020030334158263816,0.002294890291913492,4
0.0020710199165928944,0.8343928622160954,0.002473623286003022,0.03137480429712846,0.013738549094743003,0.003125996405641047,0.004603524761445124,0.0032792266524013063,0.10301174961734702,0.0019286437526028922,1
0.932712408565032,0.0012928078733294643,0.0045550826338354045,0.0047375957490245054,0.044287412538834656,0.0009417840465541766,0.001133807097252536,0.003188681399690824,0.003035192623731675,0.004115227472713827,0
0.01964956966129929,0.1580612689701084,0.024960553986828712,0.24388933229954032,0.07685576833109872,0.10828994181007648,0.1043448159197563,0.16720188561116658,0.06232332686593508,0.03442353654419033,3
0.7930940876174934,0.047446322697695616,0.03166747641786774,0.036353065618768096,0.0333074651909486,0.010352456586644364,0.002908878192416318,0.0063469091315426765,0.027984088823728638,0.010539249722894052,0
0.0002829550147077788,9.143940568595648e-06,0.0001668877407069497,5.871589938665818e-06,0.004081329364112943,0.9907945007954699,1.7681970773873094e-05,0.0016095917238049704,2.605976197723912e-06,0.0030294318837182058,4
0.09047635547097321,0.0815330960287406,0.006576928641338471,0.599748400826831,0.04291658709180233,0.018051902663426534,0.041218476316299386,0.060014525349966166,0.017572564817788346,0.041891162792834155,0
0.008472580707200169,0.18255810431946978,0.10318998205521687,0.1434431924465737,0.06824594976956337,0.18822500483829788,0.0421357194342313,0.11670165037430873,0.12564431795855868,0.021383498096579533,9
0.128089410452912,0.11483905738532885,0.020206006034426387,0.32207753385796833,0.07381457403207471,0.02930807992811673,0.06002529273188878,0.12309042866217947,0.04878575042533725,0.07976386648976684,3
0.028481416634421147,0.09134217651505383,0.05273363802275924,0.061576816648390306,0.053833457878060056,0.11382113855676403,0.29978754498639204,0.12152020354020726,0.01979528061487138,0.15710832660308052,9
0.11920921429693576,0.03451884720621638,0.027941430233604337,0.06660795134987826,0.06466043416188676,0.05194494809607352,0.051704292722312736,0.11614904636416436,0.016159786448681088,0.45110404912024704,9
0.06731111553932692,0.08969576561466652,0.04993501712909312,0.1520089942816078,0.050999767175097285,0.08919284544334072,0.10642410880280354,0.1298347720734034,0.025044903277132137,0.23955271066352887,7
0.12562931371220679,0.10213189990834465,0.02655391078414964,0.2945452411494518,0.06201871132065738,0.051947136012023984,0.02203019580554447,0.2671617080212309,0.0209863781781405,0.026995505108250308,0
0.037671393543479224,0.04083451701449486,0.10068006526199888,0.09981224913901436,0.10428922004754458,0.12595904125408985,0.1466335703014932,0.13538555010235506,0.012503023108122239,0.19623137022740827,7
0.05685778293078868,0.023835398255305434,0.020180325182846102,0.12351253977713694,0.03143726925675949,0.060348987898256025,0.22163316032764685,0.07875657757282048,0.031192984704043605,0.35224497409439626,5
0.003987279748847294,0.8089066682016834,0.014450191448953731,0.021224532933932488,0.06032812424019583,0.008300522752159617,0.0042987943054040665,0.024651337605174524,0.04936714383846494,0.004485404925183866,1
0.04283862554840011,0.06356800841789617,0.029728132925233037,0.14434156725477723,0.11707707253824313,0.058215764813404264,0.06937218799840958,0.3103264728018195,0.044047189338332675,0.12048497836348404,7
0.007455234955901215,0.05047406980127887,0.013665006160603125,0.22896726592471237,0.15782965857596087,0.16364318539686598,0.014141813554863077,0.20663676860373625,0.0019613867609642685,0.15522561026511358,3
0.12901186070966425,0.045398232911275045,0.016626842061764024,0.10959465102056054,0.056751121208242716,0.04469472689921474,0.12383007199232221,0.3567287982485175,0.009632499073140744,0.10773119587529821,7
0.2163701539305151,0.06454331281587262,0.06216235219222362,0.03149169268417669,0.1409149675493819,0.022106877066554797,0.03576666479201866,0.2165312331648048,0.005409197133775704,0.20470354867067597,9
0.7688366369681584,0.02842002995316217,0.029153704190165435,0.010797267471760597,0.030717644656779532,0.011769123142725504,0.07310724157138604,0.011357577430801912,0.007753851481868259,0.02808692313319189,0
0.0801659954503127,0.06205150834590205,0.024307890239862035,0.014890569706809749,0.19588721470830267,0.05494630389964645,0.04453214909309986,0.07047319833592271,0.015456349070206127,0.4372888211499357,9
0.9999967242600973,3.218288621567573e-08,1.5926471996906988e-08,1.4168330929532031e-06,1.666580903014023e-06,5.2977137511645625e-08,4.011159221729309e-08,2.633687997384877e-08,1.1346838667056315e-08,1.3444100156524866e-08,0
0.056678724406176384,0.01747980212231594,0.03686396900060517,0.24973685804359586,0.05669756965703626,0.08169535788409679,0.06842174514772233,0.24308886184098807,0.01687613178241344,0.17246098011504962,7
0.08172393722559046,0.01503101704522232,0.05191391794016541,0.044775800253373896,0.024267105866531004,0.04140008129284459,0.5897234052446425,0.048836061302192965,0.007780121160373948,0.09454855266906302,6
0.08182693452066628,0.07435185047286415,0.00264141714663009,0.011617125563374185,0.44793858687752264,0.2082385389803855,0.014290524427552898,0.050265155645516334,0.002530037563360475,0.10629982880212717,4
0.01630427221504304,0.062042415584822055,0.017454842312563664,0.5307596856535716,0.027251410745129552,0.0591446855995217,0.08520817202466015,0.054594584020327096,0.015662553277537284,0.1315773785668238,3
0.006827600177235707,0.01359176032353311,0.02877106425689054,0.031881639461193004,0.0272109584599919,0.0029231602295948073,0.0019590609664369343,0.014291284430094461,0.8715298483983593,0.0010136232966700541,8
0.013311363474665638,0.017944231279232416,0.8342328301387218,0.01136385551761797,0.014769191288914773,0.02140212450026033,0.007320202775877999,0.04143692140635511,0.023823334328076436,0.014395945290277733,2
0.004090735225713822,0.3187142692328467,0.0015628112513666915,0.0003995170665563952,0.6281694908601706,0.0009002146014129845,0.0002550821103411507,0.03707501971962088,0.0003021198118150407,0.008530740120155136,4
0.020020542714140548,0.016868674551904782,0.05451484317339454,0.15954204114919734,0.22733212793103025,0.2782801731319325,0.019333979144015155,0.08371366963301928,0.0019157882951013414,0.13847816027626417,3
0.10966099858098866,0.06125433542113509,0.03327339534937262,0.099627954019607,0.05510612141077379,0.06226145243397295,0.3594103296741868,0.06724801602072042,0.009698333429521486,0.14245906365972133,4
