0,1,2,3,4,5,6,7,8,9,Y
0.008812079005085639,0.009266611513448608,0.7715660703275457,0.007345575038759878,0.0016599517408462413,0.01573135046702238,0.007146801182446605,0.05364662694014609,0.1194829346164832,0.0053419991682155535,2
0.7340337325678291,0.03041718413946238,0.001446118556317078,0.0383225088560344,0.01850728746592993,0.028103156027842156,0.010779193819026048,0.05398627965851184,0.06455678589968879,0.019847753009358805,0
0.1431914126059229,0.018123655176797853,0.019076492307667916,0.15998252715283326,0.019719406310925076,0.05449295930042693,0.49196984481636946,0.0623065473785794,0.01568406408223401,0.015453090868242828,6
0.24781978256842505,0.021905673845065702,0.059596334816583725,0.15849776323796844,0.0071541706386810825,0.023541592948770302,0.02993876133307517,0.36615333153293134,0.08250217074685713,0.002890418331642423,7
0.0006008987502642098,0.01942622524760977,0.00024020133890587922,0.00035394726050663847,0.8235322411756311,0.13186530699873675,0.01606245204929781,0.003867283028047758,0.0037921927255245022,0.0002592514254756015,5
0.0008562598187113669,0.14497003012242396,0.00036506434983332134,0.0010274430979654674,0.024568856340944727,0.8046917396222985,0.020375534323348155,0.0013239455737376771,0.0015069246547694617,0.00031420209596761886,5
0.10208558078819281,0.1636684791334823,0.15077903900799178,0.3333984775624762,0.014435410307098683,0.11919348791371633,0.0392965302227373,0.03322781603016254,0.03514947121465914,0.008765707819482826,2
0.09440027551303344,0.1752432846042273,0.3026772749629815,0.01483249944316457,0.2141632833112447,0.02088610225784785,0.01986853160281517,0.009338075639445253,0.12540361476943976,0.02318705789580061,2
0.024996568102079085,0.041391518009026886,0.06958973690288907,0.12281922603026245,0.011647486563428356,0.1537832940753663,0.08583720407511905,0.33739152161763963,0.098860953524896,0.05368249109929324,7
0.006371149846761604,0.005112191106003468,0.9602179205448036,0.00519486154959677,0.0007633763844333029,0.0040168433115769534,0.0022645089922206318,0.00547780098582384,0.009078767869105428,0.0015025794096741277,2
0.3919590989462612,0.03797639048622563,0.004591228677305015,0.09389315562194801,0.01750379880342095,0.03428845868120641,0.053727432790068405,0.2676543352938385,0.043052577503430375,0.055353523196295155,0
3.311916268503972e-06,0.9962907057034299,1.3034887211717623e-06,2.237233857967369e-06,0.0033307998976947863,4.1226875668930224e-05,6.248695611416683e-05,0.00024317933986802914,2.4618439296908743e-05,1.3014907947593792e-07,1
0.018259174310809777,0.06430227589596293,0.0026853450484349063,0.027506755418636276,0.060297761572524686,0.23731752012147247,0.5682255753822051,0.010661143222212226,0.010016402144644923,0.0007280468830962454,6
0.5263393513810504,0.014865179611297612,0.017670760107270766,0.05640202515329615,0.06355348204543726,0.11791959376189211,0.046754044013420225,0.032882503778849034,0.12098549015416059,0.0026275699933257946,4
0.0033933442180253148,0.23228841252419702,0.0010763349323768578,0.008563645434641514,0.5420106655408445,0.04520306740830912,0.003438716095621492,0.020827127983931083,0.07491093271952269,0.06828775314253074,9
0.2923349363141021,0.036994224534306716,0.11815863403069093,0.2826865474713791,0.010541762634763684,0.051093683329708206,0.09300418899277854,0.04231441054512038,0.05306291581006735,0.01980869633708229,0
0.02152322790911195,0.09467109334486568,0.19818553133844513,0.3108592410752343,0.021530126363877924,0.032282716330591134,0.07017933284046893,0.11038079321155368,0.10408104519998258,0.03630689238586853,3
0.0012615853591311924,0.009942452662375811,0.000936996519811761,0.00034627803302333075,0.09213184229525422,0.862626675906454,0.030577426215124208,0.0006044834597459695,0.001345171316611058,0.0002270882324689695,5
0.024560888020170157,0.0017699776343716004,0.9242171940996784,0.025013792981901227,0.000878357123569913,0.007926301723679155,0.001308140165018364,0.006395151001949329,0.004417171221493164,0.003513026028169089,2
0.4680278172187408,0.006617117571105833,0.010818029554962083,0.0357200992157575,0.00609999285194596,0.03371749149367048,0.012998922827812854,0.26153819000317313,0.14364915628009917,0.020813182982732603,0
0.9384441937171953,0.01193770623466605,0.00017333105358265135,4.298271440902932e-05,0.027242305779744767,0.0022122766071557376,0.0033638784159632854,0.0003231620276491705,0.01620950226033631,5.0661189297575954e-05,0
0.04054725246151375,0.04622699903715112,0.009134490518054485,0.061882498856547494,0.17105712695423786,0.10401954060798262,0.25099902374096006,0.17663593108336212,0.1301071870199417,0.009389949720249416,4
0.03512536512341718,0.022754028931464616,0.015148146374421667,0.13388108032947518,0.007185769028174238,0.05565050014271083,0.02308340432109003,0.027107380162186105,0.0297463440207308,0.6503179815663293,9
3.3749665131090685e-06,0.996258650166132,1.8968472961312304e-06,6.9963562797913e-06,0.002493412013229019,0.00030065142034554714,3.847684948998844e-06,5.093453765400087e-05,0.0002610383663404795,0.0006191976412606392,1
0.4881120907082788,0.11055452706099662,0.0029063549455677403,0.19264831741778302,0.024201928737054536,0.025925007453560106,0.027429514076073892,0.07458244717150561,0.05030986221668235,0.003329950212496574,0
0.3675929110826198,0.11056333690421935,0.0181482468512653,0.05446765818249646,0.044163970819914376,0.062489193681952555,0.07617519548876832,0.15107301594598202,0.09620722834577013,0.01911924269701189,0
0.5419681421789092,0.010120513562833673,0.025055484155305754,0.07504552058890646,0.003431337221113142,0.014235743100182259,0.01705409799217983,0.2215589088366057,0.08079246128798931,0.010737791075974695,7
0.15262914201724084,0.1547326091461803,0.005787423677539415,0.10194937495372086,0.4103997304949719,0.046786159994092774,0.05779947192475445,0.03531478147439721,0.032729810482409895,0.0018714958346922653,1
0.004371646236843588,0.9479409723502062,0.0002435645969144156,0.0035570034308553787,0.0016952624404458808,0.011252050633403001,0.0022126649048027384,0.02329752382853607,0.005014049682342965,0.00041526189564987674,1
0.00037203924639767815,0.025446040308861537,8.991707973808663e-05,9.083242557140792e-05,0.13378799443244369,0.0015222773668315205,0.8365574577828128,0.0009837499295485793,0.001071437597194416,7.82538306001423e-05,6
0.017926548270656765,0.06647171551865018,0.004272943705224916,0.017337741145302534,0.005030365025206168,0.07820254115704697,0.014846741226875989,0.45085963976931814,0.25294996105704237,0.09210180312467582,7
0.052534600613329784,0.023533525094212936,0.026786719994615342,0.16657368894016025,0.014075946728249567,0.0639553611200119,0.12441813658441297,0.27558330451094,0.2027330927927033,0.04980562362136399,5
0.02264239921623643,0.03497946643184139,0.008289017575262488,0.4445496838219241,0.0166236342001457,0.11927949688612707,0.21703580906243758,0.05937299061338874,0.0676524520153241,0.009575050177312718,3
0.7915223821728722,0.013478671264423621,0.02038608482948132,0.03828004012717246,0.004556652308022615,0.04907559072360372,0.04080136967925679,0.02061112150830658,0.016634700025260764,0.004653387361599617,0
0.8961921819406661,0.023146133617801656,0.0002830395186013089,0.001708088425609914,0.044113335497243146,0.01983102886089957,0.003373004303457827,0.005985731589410007,0.005139343553710058,0.00022811269260021596,0
0.18166647647844095,0.2161295934419244,0.004404707707196656,0.12052272510647377,0.045543947961957314,0.2458361573932646,0.0264490560938868,0.05465177510347529,0.06730863726369715,0.03748692344968346,0
0.29319272044899225,0.009511289559659302,0.1047657166827954,0.4755171568873066,0.003934076591503294,0.03249844530827337,0.013686516505229169,0.04082122055937704,0.015336826267495052,0.010736031189368344,3
0.21584047758610048,0.007369331119239096,0.019541696190111677,0.6882905032049249,0.0016384063678134332,0.013439075732261274,0.005153528553986809,0.031024958589073323,0.011220558009068576,0.006481464647420542,3
0.03441449340247949,0.010029891433084371,0.3097859885109876,0.1671155096610242,0.004775536515787719,0.02589882381189381,0.05024251353795517,0.23219982462574873,0.08909135858668907,0.07644605991435034,3
0.02491261644705947,0.30693366030145264,0.0016534465582557943,0.028664082613154486,0.024442478866107824,0.04034352180442569,0.05759384297405995,0.48869450726682584,0.01450390318654763,0.012257939982110782,7
0.8115544440204294,0.01868114969856098,0.011194296850700655,0.02807776419692059,0.002182842091105127,0.004483549156435725,0.004917958922089685,0.027064958315457324,0.0852862080070602,0.006556828741240601,0
0.008950826385303578,0.05005924776831043,0.0009008075136210162,0.005758144391277796,0.12810963251699242,0.7277273712899311,0.02675241866733331,0.04004172536949452,0.010848674386565976,0.0008511517111698732,5
0.05640927866657219,0.3047202121051259,0.06863621774404427,0.37965725056056626,0.01079819063870009,0.06252486868599993,0.01455989726321512,0.05241997359524666,0.037508155576043804,0.01276595516448618,1
0.0008158447681412863,0.015372637034348432,0.00041458371679057996,0.0012465434815734778,0.8892094232435497,0.05482554882423761,0.03081664333635773,0.0012258105555804665,0.005574146737710177,0.000498818301710236,5
0.0672146106328586,0.06701095609606073,0.06027624990920366,0.08738080046500579,0.005529254608338178,0.023750205800684706,0.02666402802525929,0.34313476697193807,0.29719603096576225,0.021843096524888424,1
0.04178815909945314,0.20190755078093067,0.006143545232634721,0.04555019994923977,0.22038660718906328,0.08510324117098703,0.3803923437778769,0.004639510230188566,0.008441398750806002,0.005647443818819999,6
0.05128044944170114,0.012940459630597746,0.17642345273318444,0.19851834885090178,0.005694758219466423,0.03656576099133386,0.05311787404823238,0.2693442566416466,0.10156159001565278,0.09455304942728288,9
0.020018007566724432,0.6742404545610344,0.0007803798823168496,0.010372051684454714,0.07251056909710935,0.015042187520429844,0.01320289637222967,0.024110693283056723,0.16865359677513936,0.001069163257504783,1
0.7676356503110279,0.16751945699173407,0.00013114642571258084,0.004589125257791629,0.007565214693435868,0.04024630726135147,0.008431071800189432,0.000882169873355334,0.0020521439647189854,0.0009477134206828462,0
0.8133057642819953,0.01986308952761446,0.02960090502100931,0.008757231297398247,0.009726447037155183,0.014533276583300628,0.014495395894438289,0.012485593366511356,0.07507147990248612,0.002160817088091014,0
0.07947401167376188,0.29077539420670495,0.022203126189881087,0.24973659578721397,0.1795056975766004,0.10646383061609864,0.02410585335346152,0.004497491956510196,0.03713259271666842,0.006105405923098997,2
0.9852282500106202,0.001169898895314055,0.0015545207986082726,0.003961389931571904,0.000894104107600295,0.003077575485050131,0.0024793235333705837,0.0004345240340711041,0.0010283424579914154,0.00017207074580200912,0
0.0071766533825914905,0.5113210647628239,0.0025879307302633884,0.03993591559971614,0.057803908120387354,0.028903166417984107,0.09756553980875826,0.08903198851483973,0.1211019532702223,0.044571879392413374,1
0.055387269775567766,0.0443018572777453,0.28892004099105484,0.07708082797275811,0.00828884903948969,0.03161983381326709,0.016673280956566606,0.2215199666776351,0.15744407326431256,0.09876400023160294,7
0.0021684856906278287,0.033993786472243145,0.0007289432863549358,0.002475270593721526,0.6588341598475348,0.08071012414613336,0.21377134644553877,0.004973523327851875,0.0017272258397959012,0.0006171343501974311,4
0.02092090697074866,0.40680957632161857,0.0016566095941579508,0.10559025652583784,0.22589789799672144,0.01659355386684965,0.20435284201418388,0.008547700601498693,0.004615972036506144,0.005014684071877039,1
0.006135209168295008,0.034486721103276045,0.0009963440742279165,0.02008049731655133,0.12935493710819296,0.014307617828211943,0.7763363725640179,0.00905488101221323,0.008471263336356075,0.000776156488657369,6
0.08651085344340423,0.022516110751811896,0.05818629472886801,0.08669828333076686,0.006889347652162452,0.01849077930947492,0.05562613377029622,0.4024714800106543,0.18933367168321816,0.07327704531934284,1
0.0007360060522990227,0.05996449934761415,0.0006650510530040163,0.0005874193567846263,0.02188330713460468,0.9086069652375842,0.003639713819230457,0.0026698806048048307,0.0009616159907104203,0.0002855414033635455,5
0.007610647613195469,0.4998239916595877,0.11070733721708452,0.0292996045558241,0.07456089480210709,0.018300048702941298,0.03439470124200425,0.07518366547768503,0.11725107606589791,0.03286803266367282,1
0.035935883126622145,0.013312246142541544,0.1325368253580913,0.11997228856971318,0.006647456709114517,0.030873677110134206,0.03704716404844084,0.3716576471182633,0.1754649259513818,0.07655188586569722,8
0.7838361296215982,0.008372761612888783,0.08247886892200124,0.007526288193602818,0.02086691323342137,0.016230283242846706,0.00877088904986719,0.034307212472936464,0.03642324657057861,0.001187407080258189,0
0.009063105120504452,0.02121021243988992,0.019770787609215957,0.6195670806114477,0.01698564195067476,0.148981159753668,0.05431630589509596,0.05229172542159634,0.05311740904509578,0.004696572152810928,3
0.12707505875148417,0.013351390182542928,0.03213461265170635,0.39751691369687886,0.00835911983827024,0.02657799945171615,0.039784967868723355,0.19703397598662908,0.12239334478560043,0.03577261678644884,3
0.06913033874835937,0.22299616828870836,0.03177661305831589,0.016622454846153434,0.018616459729713045,0.03714493782700128,0.008118054581521783,0.37378258448204915,0.1995489584322739,0.022263430005903345,7
0.08199238845132728,0.015540953862844946,0.000911800642308554,0.005342712672626132,0.6812884606443748,0.0256643140166912,0.12262483842016061,0.03789811115735554,0.027955907380914097,0.0007805127513971839,6
0.13958244405827439,0.03847032566111824,0.3822942106874634,0.1350719232769274,0.013884130341717326,0.09581090059611547,0.018217369893131018,0.02939084117903419,0.12807920700500774,0.01919864730121083,3
0.1320913572801034,0.03988343642066997,0.3449626868506075,0.06235230313624234,0.05211828533595813,0.042065068262180295,0.10251017577074209,0.14516976316950647,0.057535772628710985,0.021311151145278918,9
0.007130873542797864,0.7511336966934499,0.010037396383890408,0.04481039255035451,0.03114553643573628,0.013036822145127287,0.02970317572906789,0.015181655592265158,0.04676381322552217,0.05105663770178834,1
0.007979909662094798,0.056222662400519735,0.0026363681731303213,0.003921218468340128,0.7105814511093256,0.05709895845417603,0.008042759488850958,0.12416363084494235,0.02638546014024077,0.002967581258379594,7
0.00473350218661651,0.023065030828415004,0.6938535423003409,0.1415272237402493,0.015555377771573368,0.042847136755252695,0.02035680225691463,0.028932610707444177,0.019525156143026197,0.009603617310166923,2
0.01680427489234933,0.03716777986595564,0.1945042480456487,0.030990374879770313,0.0371657244407498,0.05812501517925715,0.07329370224559058,0.4297616684883183,0.0972593024738572,0.024927909488503545,2
0.0002324007238719191,0.00504181744067737,3.0630619418705004e-05,7.985989811139496e-05,0.9559670517100352,0.027688653937223032,0.007816758434870424,0.002021594934422685,0.0010867032349711834,3.452906639841364e-05,4
0.02023860185097561,0.6799033897666154,0.0012829257642756582,0.006172407438621132,0.005664954180731779,0.01940798288070995,0.012131239914328663,0.13916699297220456,0.11228030070170247,0.003751204529835168,1
0.0017495303669362262,0.8548172511261224,0.001178584310443869,0.008136828514662431,0.04424260648680104,0.02174860734238247,0.004676639553176893,0.021456679059218907,0.0357766209418832,0.006216652298372625,3
0.22122731714404462,0.006989696012952882,0.04815025669359004,0.4550407461117485,0.005877441989592641,0.051720697868172204,0.010660952161175423,0.1364932107092543,0.050202791393908416,0.013636889915560831,7
0.03598785692789261,0.11645820140015084,0.015312813581688914,0.024004942439072634,0.00832332160706066,0.09860733108699288,0.09008669683576316,0.14890726480279984,0.3452101140284486,0.11710145729012938,1
0.03564845477190565,0.010869487838054222,0.18692417208327794,0.18018719703777264,0.004941820447633549,0.029589694905061963,0.04746997001970639,0.33496922206909296,0.09656681202040142,0.07283316880709335,3
0.0016775101346636887,0.9775308901557551,3.3158524361686364e-06,1.4104684814116351e-06,0.019358024670987403,0.0006318147456472348,3.551849249057061e-05,7.818162314853202e-05,0.0005389031223800835,0.00014443073400904977,0
0.005867303524912444,0.3847981125250343,0.0005607458114689884,0.009493460585190749,0.5206442898126932,0.01424962795051936,0.034849169948494414,0.002113774596630101,0.02690310276036378,0.0005204124846928508,4
0.7445204537360903,0.031574395059250374,0.005916137303227426,0.11332812897644602,0.004375754198470277,0.015908507722404486,0.05575764732731229,0.01693824850454612,0.008548932859982048,0.0031317943122706913,0
0.034080852090451884,0.10715154291339783,0.019841229731769,0.0116447445444792,0.02787119616544238,0.010847701076819158,0.009441299260969462,0.017366153808192765,0.023862214038609122,0.7378930663698696,9
0.0004292648497226515,0.9930102828364942,0.00018164120408418588,3.4050936030930155e-05,0.002810425368887731,0.000245415922052307,0.0009394704807870635,0.0015801592481776068,0.0004106796434105818,0.00035860951035316985,1
0.7400109659901023,0.0031515079192145122,0.0939586098764453,0.045104297203738826,0.0032708335498548772,0.02812501486714301,0.00793991849924103,0.06043870906320031,0.013825608345075374,0.004174534685984556,0
0.02234171247107593,0.16778391792209965,0.23663123763728156,0.014473690116941962,0.08707669243942438,0.23044936394511148,0.066609885115267,0.04692200393419519,0.122976468669284,0.004735027749318937,5
0.8880487189301028,0.06950813568871536,0.002136764052839924,0.01246478333390713,0.002497631292657829,0.005211461057389896,0.008567332475353595,0.006783252360993762,0.003943602975877488,0.000838317832161907,0
0.014504222104733183,0.1298152026883846,0.004404945237303338,0.008377170486673512,0.596571951473501,0.20998209515194347,0.012278217386493874,0.007796151468797198,0.010592957500161506,0.005677086502008593,5
0.016668523083850983,0.3619362494454315,0.020875997879683725,0.011960876257299928,0.26695017079634487,0.11458141174666177,0.17716435041632278,0.012949309664027124,0.01317856044256364,0.0037345502678135115,6
0.5918580763311503,0.007619349439888359,0.006966168369490306,0.042139287343927884,0.05463024481383256,0.020485078233565948,0.05105130697884853,0.15471944550377928,0.06593592051428401,0.0045951224712325245,0
0.001481459269451038,0.3409312343477538,3.500232645996312e-05,0.0008122028198992899,0.270942278708364,0.004887379795969014,0.37346215759929874,0.002907653561677459,0.0043315730427430305,0.00020905852838415338,6
0.01882252753521032,0.25557180740549496,0.0038344291475323746,0.014812279490268929,0.05938187580535239,0.015280238106749475,0.006099851406909777,0.00880431903198833,0.04449663432701693,0.5728960377434767,9
0.014320628083475081,0.006663508747213866,0.0002886626064632966,0.010949778638635629,0.003035085803875641,0.015089091219344843,0.0010776371377981548,0.07795110925964152,0.852397552973644,0.01822694552990817,8
0.08086227559144901,0.1488174730610348,0.008082909923305832,0.012462048667308004,0.12952823687056877,0.06335702163355006,0.46917272348333866,0.027422538222259398,0.055259695464821325,0.005035077082364263,4
0.038089483584443334,0.3899781185806518,0.3296851173419795,0.011344485379136286,0.008629581685783356,0.013245429688429644,0.01141370158363693,0.07326182112971787,0.0776076401355344,0.0467446208906868,2
0.0001279173764225476,0.5160539767760832,5.009744788621431e-05,0.00024147742827333106,0.34541029172999954,0.0010139225064210986,0.13576849815237105,0.00016848616012606722,0.0010816933301492175,8.363909226811303e-05,6
0.004154240476222929,0.668622419245385,0.003035111095935253,0.004646832056560501,0.023492869286891496,0.14210942675091787,0.031353362348311535,0.06444249336084534,0.024622124702786786,0.03352112067614342,7
0.007812721114194314,0.18764690486694768,0.004699481609103473,0.020847210394639444,0.23589186586537803,0.0819351105373521,0.14637009326508027,0.2831260036342848,0.02380747698362281,0.007863131729397623,4
0.07087086775313396,0.07900695722446188,0.007423732329215653,0.447806675492648,0.10654922859382264,0.11085510839911449,0.08407212770130183,0.05238454537778462,0.026507605021222114,0.014523152107294863,3
0.9788008256536521,0.00910021964915841,0.0001745451920319141,0.0010816343791542414,0.00391702784619819,0.0021649626060658927,0.0028661227560645036,0.0003500945143070526,0.0012341065584036827,0.00031046084496339274,0
0.7193119437948555,0.02755476118603815,0.001178558051533145,0.03583157839483703,0.05806277456758918,0.07565732272563978,0.03134588960922294,0.026148265060288674,0.0203075553866377,0.00460135122335812,0
0.24060915770146615,0.06118615331099927,0.05823889683377762,0.14749965801182777,0.04038737386369665,0.08224332700569792,0.05539043129257812,0.0952962192362219,0.13797737148681596,0.0811714112569187,0
0.21258259402734064,0.03310370374809612,0.3511493402745686,0.07413307626997934,0.005409370478587894,0.04766733974970085,0.045710405704815806,0.18986446288869566,0.0351479400405648,0.005231766817650244,7
0.005308082261334404,0.015774951405966933,0.23693784140969903,0.05782167884339923,0.004947334182392787,0.037941023788771455,0.024802402514167918,0.5459109380446417,0.05729700709822768,0.013258740451398833,7
0.2673580339244031,0.09454689249134506,0.009178172624406475,0.006998372344932214,0.1582213513922215,0.02220590133607425,0.33506331221062086,0.03979346578982092,0.0625412218135321,0.004093276072643781,4
0.19197369219645824,0.07046383210214872,0.29713432152743086,0.10563312464376351,0.026737552282523915,0.025995295847783116,0.08327411110791709,0.0784136079757355,0.11159660915262652,0.00877785316361316,2
0.001502865221720869,0.01388716315565278,0.00010390447523646212,0.006129678284052276,0.17290216318633214,0.7717643808446104,0.01838310172833222,0.005710390227416304,0.009460969149120663,0.00015538372752567906,5
0.08021797102044383,0.020051724652360898,0.42925611514591305,0.021321415753721092,0.010372084662536968,0.054029413841889994,0.050514121120477276,0.11956649060104528,0.20500079445060426,0.009669868751007286,2
0.1805862144729577,0.0706111142876517,0.028803651640842202,0.1591180249264514,0.05145889355955883,0.10005531923149756,0.22644690873904458,0.10117111522899101,0.0748020707489454,0.006946687164059899,8
0.029102683411346808,0.03030061741252808,0.0017655408971375304,0.038419428374418634,0.0790977576254236,0.31544103517482625,0.3809201563264373,0.09150045577218938,0.027130512943973534,0.006321812061719018,5
0.9762358898385296,0.0006006293620902088,3.257178271308765e-05,0.003226359050399682,0.01470347861932992,0.0016835044627793597,0.0019843910720328995,0.0012499630259339397,0.0002442885846791692,3.892420151261001e-05,0
0.013290691200319728,0.05001131791879945,0.011444082870524109,0.009551133505292398,0.012917711182299313,0.030183515500710436,0.014345197629306194,0.29792989874491066,0.5567020648552867,0.003624386592550881,8
0.046685177547888916,0.009574314666651158,0.2843095168586025,0.17554848572898274,0.003940108964663465,0.03197068430492519,0.03425247626867591,0.25096598797816655,0.10892967747002305,0.053823570211420584,8
0.03248739665370463,0.11605686441656858,0.001721559254473184,0.5909757154109688,0.002038748935156615,0.019156886450132877,0.014164706090256657,0.08562012718495506,0.11566156532046253,0.022116430283321022,3
0.05689376169607776,0.015196264029252228,0.05073449076942998,0.3780611997360799,0.006779273888711102,0.043910925298147295,0.054286449409637776,0.2300552867801702,0.11450742420780456,0.04957492418468956,4
0.0062625175188738965,0.0050824030564559685,9.22100520382667e-05,0.0003674481891080166,0.90835638030499,0.0065955656833069694,0.06535201751921726,0.004684143811937983,0.0027906066802071135,0.0004167071838645165,6
0.02601466065232367,0.010295168562523088,0.8374657430513041,0.019366876730688532,0.003593954816502028,0.04540774516645757,0.004535738891688373,0.03366698321714819,0.017887595651409974,0.001765533259954753,2
0.03319038699579406,0.02777312716252602,0.00028556593267702296,0.9021468148160046,0.004648232681671705,0.010862986350669986,0.003484925892126023,0.007866040610636772,0.00920842204042516,0.0005334975174684088,3
0.0032853566067645302,0.0009947766477607534,3.501943962340118e-06,6.693029590751791e-06,0.9859677337198461,0.0013500970112357603,0.008045703099512724,6.224046151642934e-05,0.0002664783387145638,1.741914109608956e-05,4
0.007436186401957431,0.02742144597418791,0.7704734690703859,0.02480346119083309,0.00787857925390552,0.03916876674038058,0.00996134054543321,0.023165057306887126,0.08221172497707037,0.007479968538958218,2
0.008237356117026482,0.42786794765233077,0.0016467586977844608,0.00638085792389426,0.3049619635727386,0.029961808518986298,0.05031310408151592,0.03279012071006288,0.13686264585856234,0.0009774368670981287,1
2.661183844218856e-05,1.5983690604821288e-05,2.9192841325892437e-08,4.8289162807692605e-05,0.40380851434804366,0.0001530500696662026,0.5959062412467174,3.5873049001103915e-05,5.048489998741681e-06,3.58911876655967e-07,6
0.3500635879671142,0.01414267883299065,0.008763745741432809,0.2570358901121993,0.01052720889105465,0.08025199695901415,0.05248054259872258,0.15207327421513533,0.06531908985719598,0.009341984825140705,0
0.0020483817805824604,0.13144848554930708,0.004238196854999211,0.005438640734934229,0.0020890305129720476,0.000770696592273562,0.0029938115665857825,0.01495969286213435,0.010942620507002577,0.8250704430392086,9
0.9586118993017447,0.001220963479995707,0.00016948974674286466,0.010333046176412222,0.003118336470501116,0.00863872646282352,0.008718673983274562,0.006023736111473476,0.001790226031011424,0.00137490223602033,0
0.0361589868436039,0.11520586107434246,0.5006017386905559,0.05576955707179314,0.007081300934720248,0.025489323000457986,0.017207766204624424,0.09706626581020353,0.11336334187433954,0.03205585849535874,7
0.0014881041042845134,0.10122483583925415,0.0006906244793167611,0.0014381344323584932,0.0876684243156819,0.7846438901535545,0.017027026269528855,0.0027593065285285916,0.00247012683325067,0.0005895270442415132,5
0.024426982855462045,0.35668470035634786,0.0028726202117116684,0.0024554745582818296,0.2832719327580721,0.054783057767025405,0.03682853671230144,0.07780450186065163,0.15755828398026833,0.0033139089398783648,8
0.06859751302219111,0.11296950230338472,0.02940377056181155,0.011767351649175039,0.04576982133451968,0.04200879904570434,0.638287894982103,0.01879838197377823,0.02872139476793253,0.0036755703593996775,6
0.015375793901155429,0.026628712853993673,0.8322109834319219,0.03623871060401324,0.002230318621446445,0.02147752183327342,0.0038565663547294707,0.01808427523439611,0.02205216033796208,0.02184495682710838,2
0.11200082994364272,0.06644331404439198,0.004916124668884413,0.023557379001288292,0.04275977294886534,0.10207440100597012,0.04941420133182407,0.2781578214738423,0.16547803540146494,0.1551981201798256,7
0.033321737900229055,0.023872061250089845,0.0005967227945198657,0.00584700680828561,0.00957600023206869,0.003803429161216462,0.8990050730249465,0.018714378761417037,0.004439697331529587,0.0008238927356973595,6
0.023278232284662147,0.18960151645301826,0.35432173825682545,0.06042637256889721,0.024880838801825227,0.15402078237367092,0.09562363024289165,0.030107990730554535,0.01930926823987271,0.04842963004778151,3
0.011358870354084743,0.27058357823348617,0.0015645738671060975,0.0028497393663097755,0.09024093859038479,0.03159036771925501,0.5488942668600961,0.03382220389370264,0.008631097609730893,0.0004643635058441508,6
0.08803170957490274,0.06175510769060426,0.5170185412137728,0.029846207989208666,0.003870492309571595,0.020006986621745413,0.02399375946886064,0.17998335221529613,0.05073745950255082,0.024756383413486512,0
0.017618547589784952,0.013574959905997264,0.0009752564922188447,0.020953015913330802,0.08105644040806455,0.01679496816877481,0.5694833113079278,0.12684429760055935,0.15118032423757313,0.0015188783757683964,6
0.045473521989810334,0.030943656623491578,0.1791739226757908,0.13774348349953544,0.005277429764860945,0.02796962407455158,0.0508916011303372,0.3413617123658043,0.12221986050056971,0.05894518737524828,7
0.03320783465150383,0.6328856327185839,0.0019741054989033855,0.007668652974114321,0.09325082471031071,0.032079093734988746,0.04036228404832927,0.09344142686873659,0.054112829821164006,0.011017314973364629,1
0.0016386654009700647,0.008731269286462227,0.0024034438695655935,0.004192629154152393,0.014888115810249023,0.011574363779801162,0.0006063465747141122,0.0026478927574271408,0.010232991487072692,0.9430842818795854,9
0.030133354380886872,0.15122086231629944,0.00513080508131269,0.03424434965847369,0.018480453464642586,0.010142764641861582,0.15707375053566022,0.27980950665218796,0.28145210784890845,0.032312045419766296,7
0.12500837729997386,0.03195094480962959,0.0026336045283612904,0.02882141806414981,0.020810551536676464,0.023153925525470583,0.04065062612920112,0.17690251512600894,0.48245705401091243,0.06761098296961586,0
0.0019041306574470193,0.01164873968170425,0.0015205719619597706,0.011074523619064794,0.003963493512414131,0.007575265282941008,0.002819931529983209,0.010531817826263022,0.009016083020532159,0.9399454429076911,9
0.014244664162543242,0.0012558743168488496,0.00048438900348762946,0.020516554994765433,0.10587508948443279,0.006255712101938952,0.8353750692379022,0.006539627064240551,0.008869750652628497,0.0005832689812116697,6
0.026780952927303262,0.030444913824295806,0.05546956167400152,0.030571815880680277,0.010690192435600949,0.05508681100329493,0.14273983537869842,0.3783959045413772,0.12710770581070513,0.14271230652404254,6
0.007178469029705654,0.01465876980136556,0.0035361568116213248,0.5112265320219832,0.0658568190556934,0.05407281540834743,0.3098048065753452,0.022182327956179988,0.008986186619981544,0.0024971167197771122,3
0.07422502803207233,0.04751489625485105,0.09593029232773574,0.030005685648425595,0.007308566895849372,0.023994603030054015,0.02054469074923942,0.2382482777030531,0.4416326668496207,0.02059529250909869,8
0.6054548693041377,0.02063243607869548,0.2504846389612921,0.03492698822373286,0.008342773376333008,0.006005158934063311,0.04437436815168671,0.016485412254545476,0.010754305578640606,0.0025390491368731186,0
0.008090252655024232,0.06991012179167629,0.8066301139698802,0.003932945179823677,0.0032768586492357456,0.03958030354280514,0.0026735029807480157,0.016658519620972208,0.026698591735948646,0.022548789873885478,2
0.26739515981590234,0.02132335411316036,0.03872102798503574,0.19404242270326905,0.02506713273229322,0.19076845776657128,0.08618055073580197,0.09107779951076311,0.07719897573340531,0.008225118903797757,0
0.05420916157497762,0.026146169334586813,0.05140766401937306,0.1760242825091415,0.008296529880498421,0.044794714172431395,0.07220549547466552,0.3576694208199453,0.13538095836548994,0.07386560384889058,1
0.07113272736889453,0.013573326052563457,0.06200447508485556,0.15374891997130322,0.00512620781051112,0.034117295996895246,0.03424295104160095,0.3112402453238014,0.28340858372480915,0.03140526762476549,8
0.02717255085295046,0.0234552860318861,0.08483127644539543,0.4793240905943419,0.007866098571659931,0.07154425418534154,0.013262400627450297,0.19468573419416255,0.06991419230914478,0.027944116187666825,3
0.020211513226539635,0.04357763238439689,0.06121554346259384,0.13516752728314255,0.016834309238726725,0.05071419209526106,0.12878394662197692,0.3440750868646201,0.16257137622088458,0.036848872601857874,7
0.025825354389847923,0.3464685353654678,0.0031778641409993323,0.013897440925294114,0.07716833264651465,0.03761644003024346,0.012982273664170443,0.15496761229939648,0.27148438406606934,0.05641176247199665,7
0.06891735834688842,0.033459785469714245,0.0005570044798904411,0.0033115039521857507,0.010461467515424289,0.007820172944320735,0.0010327858731977852,0.016238002203643333,0.8282691032694466,0.029932815945288644,8
0.005449985397103926,0.007798964295463833,0.9517293580553663,0.0029582939625606678,0.0004557992933128446,0.0035763084968359585,0.0018784710621079597,0.01523188379816281,0.00969632935700487,0.0012246062820810328,2
0.04714229436712193,0.008899143389426399,0.23193327838858352,0.18145869845157808,0.004247889313695402,0.02827123353859183,0.037873675648810265,0.2700927212560368,0.0840143708882744,0.10606669475788126,0
0.0006055249827914556,0.7364421060097612,0.0005640482078149152,0.0005066065516788255,0.2002087694820892,0.012001597472686493,0.016903709196870124,0.004916421065242671,0.004705313060926096,0.02314590397013885,1
0.02181048793342785,0.08975821535529686,0.0032769570814987856,0.006241540136019103,0.01200807109582544,0.00543102339714445,0.002880445069527071,0.6960109578524196,0.15037978462601598,0.01220251745282503,7
0.12573217883141333,0.19673330392607322,0.005752571997994657,0.03494448071737246,0.02512861917433174,0.03275802590807463,0.18278114463805792,0.0743587454432239,0.13097196774284497,0.19083896162061303,7
0.17721251966886342,0.27311990629671185,0.004455575641731717,0.018938531507329843,0.11107163222499902,0.20794776287528402,0.10296437129537908,0.03852284437227888,0.05798573432816967,0.007781121789252497,0
0.5376768798009183,0.05106394452005172,0.15580488577563048,0.018970610299996922,0.06803753767355127,0.06952683158830536,0.04868237197318664,0.01716259032849569,0.023633012392132363,0.009441335647730776,2
0.04630313284994132,0.03960454525438448,0.7180712161793198,0.08157226235068434,0.0041624119781997985,0.016807542135928027,0.012801140127691105,0.0272002637037486,0.04387969534209932,0.00959779007800313,2
0.0167160104214908,0.13935814684058115,0.005497876593613006,0.015185862524238451,0.3222989746099709,0.020895221134089523,0.06408815313926895,0.009945444224998564,0.39976449363712946,0.0062498168746193605,8
0.007990279266300674,0.006854841134908464,0.7232146651421135,0.05123811906288442,0.008771731474673139,0.08971810134588692,0.06635264672146278,0.009309020298636988,0.021645232452697064,0.014905363100436058,2
0.049199578091186226,0.06697561811700027,0.012235522784621458,0.06897625033623808,0.07645992209791834,0.11734457137628854,0.01711478455641719,0.33115362146386546,0.2338492557257937,0.02669087545067107,3
0.24763443743614746,0.07693779887112273,0.02405012722629285,0.059340992557509346,0.014817503823825125,0.05570173518457608,0.07526885252991439,0.2821563666135536,0.08427283801979255,0.07981934773726584,0
0.012361476993849428,0.007654397005415011,0.0010891594888279418,0.824493264289192,0.01139029333688126,0.004052674389296582,0.005503808830666826,0.11439074217637367,0.006578716992829622,0.01248546649666771,3
0.0071564566707164315,0.003273125036151636,4.086537324520466e-05,0.9641046755405251,0.020333784649011206,0.001737273235985803,0.0018093216421184901,0.001134317672387973,0.0002824219983526373,0.00012775818150587032,3
1.889661249593896e-12,0.9999973232338581,1.111186262283309e-08,3.407895389831853e-08,2.4564994651698997e-06,5.840870801767995e-08,2.994074392437911e-08,5.495596281882415e-08,1.9250795095186097e-08,1.2517760951334437e-08,1
0.019572102441517015,0.18980907207002132,0.0026314271424639412,0.00872788473133769,0.021065509200378023,0.08348735748209483,0.008942521855909522,0.43938958401430467,0.2175904243964941,0.008784116665479015,7
0.04322721949513284,0.035415682014265176,0.08549763177211553,0.20863543538919738,0.010870046393879604,0.014469446888788855,0.029432259162321967,0.305221703649617,0.21323285678358272,0.05399771845109965,2
0.07454356664497233,0.0668949608970793,0.04750857077716611,0.2617877638739574,0.01662050057175331,0.037277615838134215,0.05437739054032382,0.31518393433358444,0.10200938904183275,0.02379630748119598,3
0.03192065888840531,0.033065411395417216,0.0006121834471150778,0.002647638926163714,0.5233192145304271,0.009764629700822064,0.38639716896858256,0.007337725302457063,0.004206268037668645,0.0007291008029416283,6
0.00391675839830039,0.702867752069128,0.0010541529562458141,0.01904221608126844,0.006506432605346194,0.0815871363400111,0.013090036404791724,0.14072283095035776,0.027463322302545463,0.003749361892005099,1
0.022820994478713157,0.2342168573555656,0.012855443807845677,0.06421063475297957,0.13178863532719215,0.07654684326577446,0.12731450495456623,0.2525317627990156,0.069854388392003,0.007859934866344523,4
0.02040158522019462,0.07158717634013088,0.06923221248446042,0.06883904745124138,0.04008233037995762,0.14745084073810466,0.022193982697643437,0.07974553802714465,0.13014770134136677,0.35031958531975554,9
0.018909467537740744,0.1310210995125333,0.09227032788002464,0.04874020650621217,0.07138184660639225,0.027919221730538325,0.060866767209803226,0.03942171758521498,0.10959074864127807,0.3998785967902623,9
0.5752192024959131,0.14931538888751833,0.0028018980643281285,0.003381346621771551,0.2153308697520946,0.006619418784315957,0.01609086227856632,0.003960324855254422,0.022480510349802293,0.004800177910435361,0
0.01948884774513754,0.03005139786291228,0.021134317715429354,0.26365622745481126,0.042238295110232194,0.04466501405198232,0.035397786392293254,0.16423279638855465,0.041833137845589285,0.3373021794330582,3
0.0936148129804216,0.12191828292652215,0.0035181658621904997,0.02285854760993904,0.03441863995410231,0.3485604762890107,0.1214417715404604,0.07581879602818208,0.17438778367876315,0.003462723130407985,8
0.04367437234563688,0.010416934934357637,0.19710716090798464,0.17782413848928533,0.005217300714188955,0.028072738295876698,0.04392321094854807,0.29553149478418433,0.10184512354157159,0.09638752503836542,9
0.0007671165060289756,0.0005899195314557714,0.9930977449297246,0.0003758248390659905,0.00017788286342002786,0.0006591561454340301,0.0002862509522334639,0.0008359277569312322,0.0030266336180135127,0.0001835428576920312,2
3.9235248974952085e-05,0.005161843589058077,1.780326483108058e-07,4.53168354956757e-05,0.9936806298572826,0.00047083171455104437,0.00047255674237292887,5.143622683797479e-05,7.611993394391004e-05,1.8518188340332504e-06,4
0.00010357204893275595,0.9830568865506382,1.1629665182708324e-05,0.0014203070201979553,0.005983889696566269,0.0007005333725091309,0.0010328411341178098,0.0054367132818600086,0.0021022587404366114,0.0001513684895586209,1
0.07494152167128723,0.15890324138429102,0.011733814733024619,0.005030933887545355,0.05090867432781032,0.5148581460754463,0.05408207626646116,0.03783140362651135,0.023424691705844734,0.06828549632177792,5
0.02785219617784603,0.06003317514559612,0.004872563136198536,0.2775039551765999,0.12227489169570023,0.3167999409007751,0.027709669535276087,0.0757132450272481,0.08239001229802725,0.0048503509067329776,4
0.00023696967062802543,0.0020088826401124973,5.5582640076713255e-05,0.000672857913533824,0.004381900963930165,0.01859867119203174,0.9735056169669015,0.00031357503070986593,0.00016645654002613088,5.948644204943635e-05,6
4.5157071440170946e-07,2.646010659488139e-06,3.0681931464387955e-07,6.667548730476394e-07,0.9990566597191999,0.00035450962499699565,0.0005566958167171532,2.0869172641173306e-05,7.004209796168024e-06,1.9030108684703422e-07,4
0.577345354432316,0.006384225958287122,0.0800576963967625,0.1937936648804986,0.0035648898950201907,0.01781845443154584,0.0036577873000243014,0.09321101392373075,0.019193980152419843,0.004972932629395032,0
0.02214882135060691,0.13577097753569703,0.006631147608960238,0.009264191404516483,0.3773588467209732,0.02277097261497444,0.3122218591410571,0.06011525378267347,0.04857751963450839,0.005140410206033281,6
0.0006939585811155974,0.0020610313551445727,1.2208740766783641e-05,3.2822896361648885e-05,0.989281074051,0.0003466690389467046,0.0052566284000707,0.0020619985449495865,0.00024535572689976797,8.252664744825672e-06,4
