0,1,2,3,4,5,6,7,8,9,Y
0.41632746095550466,0.07678380694953074,0.07056568778229654,0.012698189857795772,0.12447741305386138,0.051531710299647274,0.0745077506433246,0.127685372091111,0.009935345316474454,0.03548726305045354,6
0.001105430966665887,0.0002773124788763674,0.0005454967507109638,0.0006819956413980924,0.0026787312357352557,0.000780944940780261,0.9903586937049117,0.0006873759676360382,0.0026033881743087934,0.00028063013897664516,6
0.0033358807145193996,0.7531458855940457,0.030191034261703966,0.013379504014498275,0.06000555659456024,0.008501832224401377,0.009422187872959087,0.010506439504470135,0.030408358739155667,0.08110332047968677,1
0.018390814307286278,0.0021468035340489423,0.0035326850818352333,0.010591763939960528,0.15424791288873757,0.007914002125524927,0.7288890317310316,0.0010913985096737656,0.05707876860229744,0.016116819279603473,6
0.0026686481144477868,0.1324975342770361,0.46703322293892197,0.04057121003970708,0.029266900365800905,0.054443980908341336,0.0034255654251413945,0.033420458139592185,0.006627966484971851,0.23004451330603895,9
0.013620470585122882,0.05832454972264096,0.46071338496078923,0.23278680777819205,0.008093056263445239,0.02871691421669002,0.047639447223703515,0.02294842883408819,0.09796466838564674,0.02919227202968093,2
0.05093458540210002,0.033437602978218545,0.010939043455245462,0.023965647779066908,0.35161777490035334,0.12957315346641526,0.06196509151248982,0.011681263146018622,0.29258039089407106,0.03330544646602073,8
0.9346321628475046,0.009416938494689754,0.002146458094761303,0.0011642644884987533,0.003860727543623618,0.001966118697843642,0.002838803411231617,0.0009679314132834499,0.0255733148934065,0.017433280115156376,0
0.03421895239076686,0.053229613245891254,0.0852567618077649,0.06959233405051882,0.096565090952031,0.21932907200895457,0.05989963528575249,0.01959428583858813,0.2691675710315023,0.09314668338822975,8
0.0005322917488375978,0.4561284271991783,0.007165106324149772,0.4712450170877462,0.003205405027687666,0.006309851940916602,0.0003258766954778464,0.026751727469968997,0.005484746015545441,0.022851550490491642,3
0.15447423893477544,0.0729819333800489,0.059340544465061866,0.06978139916802603,0.023162503645283963,0.23969851367560926,0.05834122544826972,0.02604445555423476,0.2468742175852072,0.049300968143482934,8
0.012478951381597483,0.01247083546829865,0.8325228990614655,0.019396497256388135,0.014505657141487159,0.027759782375240454,0.021199208011861675,0.0038243360458809898,0.034940112275529775,0.020901720982249763,2
0.6570356092308537,0.030750091665623508,0.05398891275496668,0.007252421901965052,0.0833887941712206,0.012056397762411065,0.025528538301384428,0.09132221451754069,0.01056588166164652,0.02811113803238775,0
0.1242525380396489,0.056049898990901285,0.020954923126808116,0.06434216468341597,0.019726550218185403,0.50675945446341,0.05721339994092083,0.029487331005679192,0.08839763355267369,0.032816105978356803,7
0.0450697366978267,0.0286079771634936,0.024757751593694997,0.14461174578731262,0.24916194163813576,0.12876472503643707,0.047244695663040535,0.006957762771916659,0.18315249549656892,0.14167116815157346,2
0.002741238795842167,0.10815428571287519,0.7902253611431292,0.02485951777995455,0.0035487990410476874,0.015446511810381449,0.0027506871954259956,0.02879734877411119,0.003988314123041436,0.01948793562419149,2
0.013210096298652232,0.052499874984642224,0.10727573985226964,0.1149517031085478,0.035227982875093856,0.4043898327510508,0.03470974481377662,0.010495796685942011,0.10954154594533827,0.11769768268468678,6
0.01345580334600202,0.014270009428789828,0.0021882449467536254,0.030254588517514693,0.028784748975423068,0.004097692265708048,0.013250745404361922,0.003256516345108749,0.8614608469255268,0.028980803844811203,8
0.8523663724044954,0.03646178875063279,0.006198242908330757,0.006627037475231892,0.008017946705418928,0.00038776704327114363,0.0007912242482469282,0.017865265561438002,0.005326303266876692,0.06595805163605764,0
0.00744382731356728,0.1148665718708699,0.04477661122246419,0.06256633764924001,0.11901933190373705,0.07898353982414155,0.00805762759145922,0.04452220725429374,0.02312193792588969,0.4966420074443374,9
0.027503144504843067,0.032741914869163204,0.029605848594081545,0.03513244703270545,0.4174312762745549,0.051683189571989516,0.20880836398850552,0.006008248975016123,0.15863661857934858,0.03244894760979238,6
0.09167313407456523,0.01531798779343301,0.03319674623130278,0.05437223569924807,0.10705277024264812,0.021720138346386614,0.06798575388633255,0.00702109633885935,0.5655196733638854,0.03614046402333883,8
0.00021672988601056654,0.006072700173559053,0.922262682771673,0.051655848216824646,0.0008049926413639736,0.0003798918740058948,0.0020495318804815807,0.0008015023625244094,0.013383814938305006,0.0023723052552519506,2
0.0026002428630917144,0.0035358632234040624,0.0033829926650919607,0.005557681864629476,0.01083949286505013,0.0004928459033967333,0.9556655499542405,0.014218912931489722,0.001561896610527682,0.0021445211190784094,6
0.00019089113458536022,0.006669108442859443,0.0029784098321742206,0.7540888044906586,0.011899809957550156,0.0019222598565185045,0.000194570132953145,0.022800402266897668,0.0017272526278790596,0.19752849125792396,3
0.007466322161030453,0.013173201084554513,0.006024791944004744,0.005211920264089705,0.8665826902747922,0.020343059143514447,0.021694369245639358,0.0012814806412775677,0.016635582466103672,0.04158658277499328,4
0.029118344541470716,0.0029191367326778283,0.004632561921491946,0.0017607389312504246,0.9374363159354536,0.0023369621992895416,0.002971373239693867,0.002510896820191346,0.0014387742834578682,0.014874895395022451,4
0.9415586888726648,0.03862974796055897,0.0026877135252726405,0.0037396208212530525,0.0010337584840506185,0.0016595543578878256,0.0008621747489141292,0.0016417736111286945,0.000876768179289971,0.007310199438979378,0
0.9943535020616953,0.0006554715062296609,2.645297186987392e-08,0.004852469623342182,1.0603313287135426e-06,3.455146946678001e-05,1.755737999209921e-07,5.72270408636989e-05,3.4479103075696177e-06,4.2068029994320935e-05,0
0.019095104814489488,0.0011160043971377744,0.0009631772192813196,0.007802801078283027,0.0020221175791712755,0.002061482865186238,0.9584801556734567,0.0021600668280252855,0.004605015546455104,0.0016940739985140537,6
0.0023201677832838845,0.05785448636074913,0.0030297997799954633,0.8492128029141391,0.008869419368783167,0.020788078127004204,0.023978406663292817,0.007907826676939704,0.018831854084185504,0.007207158241626552,3
0.0680395486373004,0.020088503592707717,0.035930666905883465,0.04867974217193731,0.1632760477789586,0.0313565928494144,0.057253525960955606,0.007737408351693987,0.5043859702015748,0.0632519935495736,8
0.12494969286703872,0.005932269107226723,0.0034268843395670653,0.007961457663098687,0.7356610124159297,0.014136039288348723,0.01281276234347675,0.001363023194039258,0.06780515438174459,0.025951704399529724,4
0.2741302499691581,0.027865175564488268,0.02524837230284903,0.05533976877147082,0.037531527638809924,0.08553523775667511,0.03382571070818975,0.44129980338320696,0.004546357103429002,0.01467779680172376,1
0.002229501717274026,0.0412551165341721,0.04761937020395729,0.755610716367308,0.007548948482661458,0.0176388668557869,0.007096101356827908,0.05520866085498873,0.02069934350287105,0.04509337412415311,3
0.014800962139145704,0.2830372777444305,0.03527407285215183,0.020981134700730087,0.1342022693707482,0.34482617369841345,0.010237999440289402,0.0456922617060873,0.014970493835948132,0.09597735451205554,5
0.029804149639833855,0.04291387774032218,0.1138623172997396,0.04282938347704168,0.10665451325931659,0.2703378658873694,0.0050276217365390515,0.33907261219297236,0.007192683167857805,0.04230497559900724,5
0.018337124685673632,0.03563470514197166,0.6045929175826898,0.08611512177215443,0.015663208404120582,0.024550569500981542,0.04740841150020492,0.007096428615579934,0.10044816722847322,0.060153345568150794,2
0.06372532409205817,0.03332559455644716,0.043711154912830244,0.034837220032173585,0.03200822910992297,0.041631657643788754,0.35421710674168294,0.3732521934083896,0.007605527031276112,0.015685992471430474,6
0.0013162371661127842,0.029695239288669663,0.1671593696185869,0.14310774139952898,0.04774114695531156,0.01078456487304365,0.005730537518437405,0.5308299220334516,0.009307351735526815,0.05432788941133061,7
0.9023554359144396,0.011284271630748504,0.006387490839062942,0.003934232643478352,0.03927402994370537,0.0009140412603364814,0.00775312782681472,0.006313813404424839,0.005354113346091776,0.016429443190897893,0
0.005552514690742403,0.7621485127671482,0.00969054574826846,0.007778799597033119,0.09935513177666899,0.018834394605142964,0.0048588518061443335,0.012231550307719101,0.022755043147392545,0.056794655553739984,1
0.012246633038190896,0.012461921043842486,0.011266869110076603,0.012857963324397504,0.04936945773588595,0.02229472519733305,0.009884346800901132,0.004251970041171039,0.8355113297186897,0.029854783989511486,8
0.0001343925340620954,0.009852500351064124,0.00843009520968124,0.012086051373375262,0.9434077963926878,0.007372379534038669,0.00023023107285277238,0.005843960407082001,0.001491002592172738,0.011151590532982994,4
0.0024878243236070526,0.5366894320471725,0.0538961637959978,0.02118920323584992,0.004930649535505132,0.1427599068074115,0.00431059156237161,0.1814405364751158,0.013723266653588875,0.0385724255633799,1
0.00754237419229555,0.16224846782455846,0.028009167983048002,0.04562076266958382,0.003829751497099115,0.10053749936335449,0.01183022324234456,0.6146363732569196,0.008418862908789107,0.017326517062007364,7
0.005596791796646035,0.05355809811027104,0.0017767099072024243,0.021573906588478284,0.0034921083571847517,0.008310942175604836,0.0004707291861086207,0.016805992213034342,0.012227963370251496,0.8761867582952177,9
0.0056257574336321834,0.03568603134957914,0.022778716589023185,0.8672396235962516,0.005050754118178189,0.011863417005007164,0.003123630625114606,0.030051826325048388,0.005182535346970498,0.013397707611195362,3
0.005598639748410744,0.7809163034436206,0.05910887693224221,0.023356018520389318,0.01886643316160371,0.016176880391029866,0.033268296990682525,0.022814912329533824,0.009886468170956795,0.030007170311530742,1
0.9770983909591554,0.0038636823954160356,4.779007922753171e-05,0.006263720775216348,0.0010592365771098864,0.0016141866063298616,9.179005723801646e-05,0.007726932246430705,0.0003509331634833871,0.0018833371403927384,0
0.007025181550572179,0.14885193071596076,0.11199614024039099,0.02737937270072873,0.007996073486780962,0.0642863549191064,0.005655188678765173,0.6044994608507108,0.006267319193263324,0.0160429776637206,2
0.007716445172939608,0.007867757265748128,0.002683089910305124,0.03947895069640221,0.8847058963309206,0.008284487499187332,0.005101252170116256,0.0030081898189231716,0.010947293834235778,0.03020663730122214,4
0.0008339063472716947,0.023647253625317347,0.00108778902490871,0.05360089369238235,0.02067912507403299,0.01707886883683268,0.0008384865066467548,0.8310290129093428,0.034368693193227155,0.016835970790037326,7
0.0003373899333591878,0.9113992838172243,0.007865375552226612,0.025805226323636857,0.004254131476428101,0.0012873009908215731,0.006463060495282319,0.0063614755314307285,0.005367560207038093,0.030859195672552166,1
0.04463540242417475,0.025154237885830082,0.030263214837269636,0.03155353951256375,0.015632695998265993,0.038297368461842105,0.049297202528546434,0.7404281184925136,0.006685974264607864,0.018052245594385695,7
0.0012666006015005645,0.013616655898617679,0.8663723687086938,0.009628681700679842,0.017045199430819218,0.007469543697038314,0.0003809229510073178,0.018025744284452222,0.0018676878501537812,0.06432659487703674,2
0.029230216884503196,0.17643759536837306,0.030142754462479597,0.18622330044141305,0.035946218357897235,0.04381309513282668,0.0071341744312784445,0.023557607674435658,0.2958620613168174,0.17165297592997533,8
0.029021063014042985,0.028227307467474448,0.7933322373062973,0.006358810968508577,0.08410324658867449,0.0014980216662075958,0.001879272132674559,0.005701557212487109,0.005247870523166554,0.04463061312046648,2
0.4336966466450388,0.05908623618793347,0.10192717885817582,0.05848653836716749,0.011634232645477069,0.10960464063707623,0.03459338263450541,0.05124892825181709,0.09962051921730605,0.04010169655550209,0
0.0077815531566894315,0.5796145944078905,0.13311363040583415,0.009491064154527554,0.02505054263796766,0.016159170782521062,0.009018176362863943,0.012444948853654856,0.02873951042368299,0.178586808814368,2
7.792561792950411e-05,0.010618912527943695,0.0023456822070016207,0.004352658595453996,0.010782066060148955,0.4439775478223585,0.0001525349541072332,0.0028904317241799505,0.0008574054106976442,0.523944835080179,9
0.0018928414280184704,0.0028210438069570486,0.003273524557590786,0.003270800389672118,0.9713333543475017,0.00039424234123998733,0.005602897346512486,0.003330321644247822,0.0017332241310396273,0.0063477500072197796,4
0.017316808744418797,0.09874718825336759,0.03559738118128174,0.11914461379852753,0.009021721029365916,0.25156746237546357,0.03208219776403315,0.02078943254732083,0.2642020358610278,0.15153115844519327,3
0.0027899886122705634,0.052025876978991394,0.029003583503105043,0.008184876406954445,0.7722343649459916,0.03492442994833134,0.044104826293136466,0.023678290448608003,0.005766481579839792,0.027287281282771733,4
0.005243449898480445,0.006485000661328734,0.00915352293468921,0.0046697429866929775,0.9232324025253204,0.0018818050501440335,0.016841534041281882,0.005367302893476108,0.007668674391816038,0.01945656461677029,4
0.0006395741641543785,0.011169531495572345,0.0019526719506249306,0.9622163141910001,0.0054973919733825975,0.0017558684707027297,0.0001675895602926945,0.005565552204705261,0.0017767524320904569,0.009258753557475187,3
0.008918331447208331,0.07130007519012456,0.06815732705714611,0.045155054215839346,0.6144252217952761,0.012555937566516078,0.005774478610707574,0.05854368852446987,0.005294178228183992,0.10987570736452756,4
0.0054067045359190175,0.16467545452209506,0.517267676973409,0.04758495430125782,0.008364036483801818,0.04744651406819704,0.005563989112345971,0.15815408427592176,0.010974227475690476,0.03456235825136189,2
0.0011694642656112908,0.058112300511398166,0.7789345347333129,0.01824623904441244,0.0013527757601190142,0.06292707467116833,0.0008222869725664241,0.056415359260006605,0.005856930901509206,0.016163033879895632,2
0.00646661965054926,0.7372342024176216,0.03624199804459488,0.010083990378271493,0.08253799036897704,0.01517145530686344,0.007671914299618072,0.025761683625034622,0.01804726356921668,0.060782882339252595,4
0.024753614229764374,0.02576048536370528,0.06261123412535079,0.045907752019884465,0.024023645660858278,0.4241666822906879,0.14825298722824978,0.013212491769422137,0.1825704407456545,0.048740666566422744,2
0.0023589670243973257,0.071950282929455,0.01784199937993709,0.028097002986834426,0.005451259146375301,0.05114564442801286,0.0030809737568413885,0.7954632095395271,0.010702593388590335,0.01390806742002876,7
0.5029533039964472,0.05112056906569609,0.0018661870311686847,0.11498918810176637,0.0014597511397526166,0.007249473847981833,0.003564519098057514,0.008137719705470508,0.294759995830723,0.013899292182935976,8
0.09468242652009122,0.04042250130719721,0.004846237798527231,0.1146290740308478,0.011662905592930022,0.30824353510213076,0.026633606025382665,0.030085014105301424,0.3116751250644739,0.05711957445311797,3
0.017781944245777864,0.19182402629861078,0.00645527647873479,0.07643602578686733,0.0110779566149769,0.09685987191894146,0.026820708798578122,0.026731578189583553,0.45084009074999226,0.09517252091793713,9
0.003526803672844696,0.20029652006353557,0.03557602839890498,0.050693582140632916,0.005139704976855908,0.557695607997426,0.0030782068085274607,0.10482987720540293,0.009979647409416032,0.029184021326453466,5
0.0040700746699702224,0.005396989875317602,0.006407457778357446,0.005169801577443759,0.9394107238129483,0.001373791571185707,0.016496628394704074,0.00582920950504182,0.004908121001844642,0.010937201813186402,4
0.9890158481160078,0.004668505034478626,8.049265287407228e-05,0.00045517506071772094,0.0003380471014580904,5.3361924520354776e-05,9.817637709729983e-05,0.0005536905900007275,0.0001520737914589435,0.0045846293513859505,0
8.436165008549084e-05,0.004016999112097751,0.000647372199073278,0.008613541784674245,0.007614171632046941,0.0002648565845091189,0.00012180997164971289,0.0002926322503130976,0.9542414592855136,0.024102795530036577,8
0.08318593964585975,0.03063740254501982,0.2884486615730932,0.04729525092200638,0.0501357422643631,0.15608138547521766,0.085074658670585,0.01901616639547005,0.18527290216690862,0.05485189034147721,8
0.05307437699290165,0.09713982411996416,0.043053731901669855,0.28576897781044025,0.012017289269944371,0.06818095202077955,0.03858922512328542,0.02362609655094184,0.3252386298552069,0.05331089635486612,1
0.0022452276520226783,0.005653119177680277,0.00466031476418722,0.005004670748173893,0.9465846128514034,0.0007361902597036494,0.012886231675023752,0.004079637385824369,0.0037253944998655573,0.014424600986115066,4
6.263127795245229e-05,0.005048040905977985,0.002107433266188453,0.9567681220099082,0.009686066361544728,0.00015707612142910397,3.463452603827171e-05,0.001896226668097288,0.0012453633628991005,0.022994405499964742,3
0.02228293169781528,0.031582749422565885,0.010385592701195254,0.10639569543950185,0.05641535655038407,0.05025887539024888,0.017536845720653733,0.6551715342200118,0.01838401548914885,0.031586403368474174,7
0.9965382754299105,0.0006608079553520262,7.628168111781179e-07,0.002211919300669273,1.617827427573307e-05,1.546345247771697e-05,2.886635079411779e-06,6.691039077096654e-05,8.030822352289802e-05,0.000406487521130356,0
0.008220277779267544,0.16202809546861732,0.0443375673547658,0.023357745357833935,0.06572948725605604,0.48103620313951856,0.00710204141059059,0.06528734061585419,0.010752908499368961,0.1321483331181275,5
0.013168979894699938,0.0061016888994688,0.0021502464768002436,0.16257043125923595,0.05941869538523696,0.018984474478635775,0.0074451878866634725,0.005334944815685856,0.5678256370909724,0.15699971381260128,5
0.25871659090947574,0.1325658881481145,0.011915428789086833,0.13654249930133375,0.0044025255961591455,0.20378139750299945,0.03905038216456554,0.030562245065984213,0.12406257123029334,0.05840047129198758,3
0.01758414210439904,0.011846745863522148,0.0038934843695599725,0.014857307175212876,0.06983286760968747,0.005919681238319098,0.021476411793969332,0.0016935266822462307,0.7516423711084789,0.1012534620546053,8
0.22695268262598783,0.03643174799211154,0.04482246577455542,0.02770222016514938,0.026208466513743704,0.1286230013865858,0.03059333892503099,0.4532281344202123,0.005760131660723014,0.019677810535899943,3
0.0028322454341406654,0.019558589155961797,0.0030670392006539775,0.0112832574204027,0.8260058387358533,0.01218218592801519,0.015247692150126693,0.002321505483168336,0.07602748490746547,0.03147416158421234,4
0.0014421105441155327,0.22802602189621107,0.0086010975358618,0.019378175419971038,0.04872813992736021,0.007837144608583634,0.001539115195981964,0.00845760807396233,0.5076584426082303,0.16833214418972184,8
0.004330030830118425,0.023449993379989546,0.006032631367653415,0.7605656186947112,0.035205014899276875,0.05285775479075425,0.02460895989422321,0.03266341454798506,0.04959410658389675,0.010692475011391462,3
0.06741836022803205,0.10006399981852107,0.04665497858171056,0.06218001444119617,0.018432076388655853,0.1365805413851645,0.4348544433158867,0.017209630072103497,0.08498349098150088,0.03162246478722793,6
0.0054213122139107,0.7927474335110403,0.029511573717511917,0.032816079818172056,0.00226517360602384,0.02342726334946846,0.002459898356613398,0.07133914730684421,0.009826684726200812,0.03018543339421461,1
0.11870387132117649,0.2857159933719998,0.042116261850727504,0.010927596347301853,0.06243664327280586,0.2629022950241239,0.010456047827910424,0.04895782123501885,0.025767869009863154,0.13201560073907206,5
0.0014885428903387591,0.05137489196598878,0.022551371510885924,0.0311505343172073,0.0021387602652992786,0.8450282491560231,0.0006132079541325026,0.02413845052335131,0.006885395322891475,0.014630596093881986,5
0.007346294939700581,0.022676305411524607,0.5047169995701924,0.08649721984160026,0.020479102180229428,0.1449192128444504,0.09053765910622283,0.007835818340495711,0.0761533518725426,0.0388380358930409,2
0.0024943196862729504,0.39234116374202055,0.014339664823225375,0.26574517044394674,0.02424191968762375,0.010433954761124973,0.003992789722386749,0.041340229085979396,0.05114019040871703,0.1939305976387027,7
1.1328207456015568e-06,0.00022380859563641853,2.0295508021069922e-05,5.2351621237821664e-05,0.0019130280629747404,1.4104431360042369e-05,0.9976746170108415,1.3232854161672956e-05,3.676459272185659e-05,5.066450229957538e-05,6
0.01850882760445199,0.5122301613022432,0.003999845387512661,0.1188675646636324,0.0038550471847242774,0.11030315562404598,0.0038000516212329033,0.17784949107841755,0.010998316247283688,0.03958753928645594,3
0.1516428958942325,0.033918397365455516,0.04159010100561271,0.024167667097400876,0.025596726375700485,0.13292966272085763,0.13254609483478266,0.4295959726640284,0.008069905693316608,0.01994257634861229,6
0.0066387710522942045,0.08867140278184496,0.0072828744700529765,0.12622522144688633,0.014629274911647902,0.0547683023813558,0.017514937488345143,0.021506037025658016,0.5343234153905184,0.12843976305139648,3
0.00350242445091072,0.6615259916435644,0.0018864140562028177,0.2508586240845759,0.002837625798302523,0.03838313606753835,0.0008049340064843036,0.0251854717673883,0.002533403626598088,0.012481974498435168,1
0.0010234961466805501,0.07424717133917302,0.0062957847458410465,0.6172655821818662,0.017352652935282258,0.0843028353810372,0.03161732049445557,0.012596162759611191,0.12740919012876228,0.027889803887290725,3
0.023575938039078228,0.011630634308276691,0.008935658630840258,0.00884203130895783,0.8168476024922228,0.025463487840863247,0.013406888149042345,0.002745854633906081,0.05905119286129372,0.029500711735518666,4
0.9815060702046262,0.0048238181210533545,0.00034248869239366487,0.004605422308185789,0.0037736457721553457,0.00021277902882223406,0.0003745268975924746,0.0006423621929978841,0.0008379652133785355,0.002880921568794571,0
0.002666784439899361,0.23744911552102013,0.01047960033767051,0.016924569276869757,0.6708351633179716,0.007880801025503554,0.008164964869057266,0.014498120003013457,0.009337466531696549,0.02176341467729733,4
0.5792867477539826,0.02250202980260503,0.013589512754827355,0.010936661197399108,0.12805421593615227,0.03980399405511932,0.021022827070159525,0.003781625887093706,0.13338372404183424,0.04763866150082624,0
0.28421281040272756,0.0399701030191793,0.10440683055354531,0.019084353026206213,0.029710498305946034,0.12083261565136076,0.022016361018758073,0.35132533942311983,0.005090324287355572,0.023350764311800686,2
0.00030639075500889,0.18545709470454239,0.006255415096021431,0.6849081482056569,0.008038702656610403,0.03624362262678761,0.0007030580743938952,0.05262905254585197,0.00621317917559954,0.01924533615952735,3
0.0719039022261232,0.041182100176443935,0.004104191891207527,0.40484181974333694,0.0227260119989866,0.13392592996735336,0.05368081351023699,0.029949395951251994,0.18137980636466974,0.0563060281703898,7
0.0010852903929768204,0.12221879376980992,0.7680942178319149,0.04915099142275612,0.0007427908097610575,0.005105232221193018,0.019239357763166116,0.015676971464797233,0.0064782648052602865,0.012208089518364799,2
0.03177051753931562,0.11186639425297021,0.019810770108614244,0.10225312421802495,0.015687987993626862,0.026916433729912037,0.025049911326269162,0.011760316508538754,0.5030429931805372,0.1518415511421909,8
0.007139598733785013,0.011459235815507415,0.828769700500988,0.03475842641394663,0.008451303709579975,0.01521685521149024,0.017473340845541255,0.012839625805471851,0.050144377712100514,0.013747535251588859,2
0.07115927668928593,0.09462993417981526,0.12666525507160356,0.18823306323832006,0.07731116008819135,0.17264064126255313,0.0067587821801552775,0.1932269684453149,0.016267568650862034,0.053107350193898915,3
0.0004656412845563013,0.028600418985256813,0.005857207892712128,0.9255719124504506,0.0034713198787541394,0.0054836415035612665,0.002179782045181556,0.00956831754274868,0.010445490961424041,0.008356267455354886,3
0.006158817259620791,0.021525591709428187,0.8632695125019111,0.013209786256556815,0.005129708912525272,0.011121490911686915,0.004153824784235241,0.00401117567193605,0.010358153896735094,0.06106193809536529,2
0.11454765646562173,0.32946457208912694,0.020127891522302842,0.1098238090932536,0.03060185040031131,0.042277492734849334,0.00451360145948403,0.19784451689101756,0.005177682190856515,0.14562092715317662,1
0.002310602420547706,0.0771261714551051,0.003731073257848375,0.1777169765965924,0.034172292019404964,0.014977216281937485,0.5569450382476725,0.0033390868972678163,0.0663380505552541,0.06334349226836955,6
0.02306099777332213,0.015148268703001375,0.0067783847212489045,0.04344198860167508,0.07835237367725682,0.028337104663362103,0.0930170314731682,0.004334287373989217,0.6790006529345781,0.028528910078397942,8
0.10523993930735094,0.060392217638034575,0.0024097146306689813,0.4728664452756024,0.006371974604902782,0.004361987843302082,0.015776783209085442,0.008365949595868602,0.282991031936425,0.041223955958759405,7
0.0020548825024621488,0.019622227425089706,0.0353448415313866,0.716909318742469,0.006202633357928538,0.06132998745484907,0.0320775389773421,0.08590673269565194,0.03385189086565676,0.006699946447164171,3
0.00684547789548714,0.10345153235695816,0.01745381285947869,0.03944819647957283,0.01403908179040273,0.6552783117020918,0.02770150308698269,0.02684844496717423,0.06081115092589031,0.04812248793596178,5
0.13357153783741835,0.11020172821942525,0.01710322053199489,0.0733647658044623,0.008260550509654747,0.06696280427415936,0.05493479475387982,0.022774343323774513,0.3660629398450013,0.14676331490022954,5
0.3179360301357323,0.08571397828334154,0.0015046228278615026,0.10517257514121815,0.012751310683363323,0.3092229511861892,0.011206699448626359,0.030521588402988492,0.09913049838065774,0.02683974551002155,1
0.2953803317983037,0.12475051857665524,0.08339324887053114,0.010570829150742474,0.15470385971653725,0.08468632382059411,0.02090561179372588,0.08714455514740284,0.01324554169880851,0.1252191794266988,9
0.00022154988642645785,0.1868702230879048,0.0033617699073256618,0.005702861942982748,0.7249890413830192,0.0023262905675884324,0.0002622998699597847,0.0024398697620473518,0.0027248210411533478,0.07110127255159218,4
0.0014512593666267631,0.2660102417491969,0.47327048823098233,0.02882754944217687,0.006415096979355926,0.02609191439689729,0.005117224107968572,0.13646502932629762,0.008319809540094482,0.04803138686040307,2
0.014720859026162169,0.4169475435464095,0.06010534547054992,0.03242134297082788,0.06976660333381705,0.05663549331025266,0.010411805240721859,0.13555636179165595,0.006905131366725977,0.19652951394287718,9
0.0037027034492561205,0.5840003716131253,0.02221774957203995,0.03344114430573411,0.1342365791767483,0.04026342361252426,0.0034926682312625083,0.08946583926991528,0.01630745088835446,0.07287206988103971,1
0.0004623965824921782,0.05425514990571639,0.012250403465215458,0.01755308078821106,0.8583078650734753,0.0049765293739288344,0.0008418732937166131,0.0034086840521019048,0.011013545544245112,0.03693047192089717,4
0.18646054044855256,0.06892116451790488,0.015953137961042477,0.09305560803376554,0.048131755139666096,0.046494601027062175,0.018314829845457608,0.410364274581326,0.012678514730815908,0.09962557371440726,7
0.95628379585722,0.01018824106438484,0.0010868579080632124,0.0002742259745961965,0.001564222507605326,0.0008421209027208454,0.0006393387824489088,0.00020254980076263283,0.006665391125394735,0.02225325607680327,0
0.0021727342447990395,0.023446091438095822,0.012621562622831177,0.9106542247418474,0.005886351671929649,0.00834026195600844,0.0047362397768447115,0.017816291340833502,0.008427986639814661,0.005898255566994996,3
0.00845408720140068,0.046212277471109266,0.008035029859931835,0.04562661363816113,0.00532978919263772,0.7015633904977933,0.0009859487353488148,0.08571086858307295,0.009309774081813077,0.08877222073873137,5
4.863089770357101e-05,0.006161600268184625,0.00017159923666101303,0.9858077678220218,0.002293683837715866,0.00019015513098669709,2.641888288493326e-05,0.0005182481992246739,0.0007015611357093278,0.00408033458890756,3
0.0007881408947747367,0.823841548901259,0.023563403643120623,0.04922602411115901,0.004366051318293844,0.02350146469158445,0.006943533958345605,0.028952129012503325,0.00946279401131417,0.029354909457645108,1
2.832790715670371e-06,0.10484063209636883,0.00012632325039614776,0.0018657976814684392,0.0030559594523753898,0.0002805327747101909,1.908875004686727e-05,4.047715968400016e-05,0.00026793152183796944,0.8895004245223966,9
0.03205178375463277,0.018953668832264525,0.01573547120739959,0.08058448908584098,0.5060298332414803,0.03520239650631412,0.04424789968595839,0.013701415214104513,0.1145034556281662,0.13898958684383894,4
0.01888109461955834,0.028802825657439537,0.024377752541459463,0.09422887675191625,0.03400521404768018,0.6955478942301527,0.012118132555030685,0.011578522523985241,0.04965840837271177,0.030801278700065438,5
0.0006623901031930147,0.008105034743083717,0.794935759962785,0.021541985672566818,0.026224646011147185,0.015626781245377558,0.06164764851225792,0.003282376379419635,0.02732855428456208,0.040644823085606616,2
0.03105206980267995,0.05207253669494193,0.08648402473529247,0.006307240666235345,0.23856605245504295,0.012153928962795425,0.01822814663897358,0.002462725062672954,0.27731943883769233,0.27535383614367287,2
0.07927364778921774,0.10790500385982618,0.1141172183461173,0.03368427937059131,0.012319037373874107,0.23479005830705563,0.058726841944631944,0.027003965749839088,0.2604631007013262,0.07171684655752054,5
0.022221744706323012,0.030861883293714438,0.01899420249498996,0.07577567196880025,0.01673845959883679,0.01591674590629878,0.027620334237772676,0.7712202475652438,0.010412133913070392,0.010238576314950074,7
0.01336069114490815,0.04005504427887587,0.011192506599335232,0.027973086055526675,0.6671614493699988,0.1340782972695347,0.019121051602650117,0.010013491520845283,0.039653911218517045,0.037390470939807935,4
0.07618765563451307,0.09252662513019569,0.21911142498738376,0.053137942413230735,0.020536846143009872,0.04350919941913642,0.015620428785736624,0.4145166637978792,0.015077228682691499,0.04977598500622312,2
0.002871614727904602,0.5648970021311547,0.04845166967339389,0.04591505476966642,0.012496385664279562,0.03423647884454988,0.01987474162607803,0.23621440340228364,0.009095651440249776,0.025946997720438847,1
0.0001434293300122305,0.011895650489682356,0.0012258870041161431,0.017422979091878,0.9515174998791679,0.0004998974243383992,0.006709548220320185,0.0025747092636493702,0.003803762271845243,0.004206637024990333,4
0.9572565782952543,0.0330317534097927,2.3474208660530635e-06,0.0022652807252595527,3.494445138947063e-05,0.0005284705107083307,1.606262986488537e-05,0.0064452673607899545,0.0001286867400721626,0.0002906084560022967,0
0.0010680304254161576,0.09384883792553045,0.5662871566897649,0.04511027127901933,0.015843155873016542,0.0035335019889419393,0.009303544383993166,0.003224112525018978,0.0296835101270811,0.232097878782217,2
0.005444383698854523,0.013849317354046622,0.048099578824967695,0.08457304822705194,0.05755969248063935,0.01438622054230017,0.41863437397770614,0.0032277616227549127,0.2549983842476148,0.09922723902406305,1
0.0022036038232679535,0.007389455304756185,0.940145479402954,0.0017001470156389595,0.005945830038029302,0.00024136739366502282,0.006015344188781995,0.0014303446102760188,0.0077593863462520445,0.027169041876378676,2
0.17653059711182617,0.049317319050157835,0.02689913175519221,0.05423568050590628,0.026068387733870175,0.3203436113447376,0.07647153885549673,0.024135569687456053,0.1456172473944907,0.10038091656086662,0
0.813023414123684,0.0346467347945727,0.02563128905322355,0.03871708176557923,0.0062094186264649845,0.0247546399687117,0.0034952146805121835,0.042094634082474935,0.0023862940419989292,0.00904127886277779,0
0.007457058408122249,0.4999960553263275,0.0013414240634311262,0.04729296476764155,0.00806400579869017,0.03133594602392729,0.206471059435753,0.00404555004564882,0.1385779850831095,0.05541795104734894,6
0.012448369216048074,0.05011682259314965,0.2104806228883516,0.1706059285864663,0.01962662338941463,0.10335505960200748,0.004023198148401475,0.35833971538633996,0.011557699199875496,0.05944596098994542,3
0.1084772314502392,0.06693937829243449,0.12228958164793784,0.06532020889182033,0.020345670370424705,0.15439695989151564,0.023168190195278094,0.3929608373221976,0.006015731391239486,0.040086210546912325,9
0.002241769480439148,0.003498181479769147,0.00012991357204726497,0.0338159841558775,0.013312321234893095,0.003057875627555851,0.0005660078627560567,0.0013197906345238973,0.9304663067140778,0.0115918492380602,8
0.02119530910506134,0.48170906210537895,0.031935177801589006,0.11813792447440351,0.0599500899107953,0.05747647170211038,0.00565757718540806,0.11922086499294055,0.03481641783664199,0.06990110488567051,3
0.03829519685668278,0.028804109778776617,0.3253414722661468,0.04438331135913201,0.061586813614925705,0.24008995560022386,0.053847402849072155,0.020712483505417007,0.14743621653467834,0.03950303763494478,4
1.4541642144778264e-05,0.002123617978911493,0.00024589553754074183,0.9925884945604513,0.0015182463364775424,0.0006048567661187822,6.005240266010107e-05,0.000892133905718972,0.001394426767987439,0.0005577341019888183,3
0.0006490914046545142,0.4954421747941896,0.019564582917610936,0.04560871326550485,0.003955741732762496,0.3523789210790275,0.0016490867448191498,0.05537457118832986,0.006667063490649287,0.018710053382451637,5
0.0009594110357401255,0.051578752504880795,0.0123696499348852,0.028236428375040885,0.0021528267673767885,0.8498901600246358,0.0033845371091522926,0.019634000884520955,0.0073362145529036315,0.02445801881086344,5
0.07920142349792884,0.14699967537215686,0.013145086250819536,0.20369063319037142,0.012215309254957599,0.09658391532828157,0.14761426964434202,0.02759871571089835,0.22687834702960435,0.04607262472063938,4
0.3574107530498722,0.04220238156577963,0.031238301158286012,0.02308135270004885,0.02777395615265036,0.10651064319627675,0.03681469400111256,0.3538287431612585,0.005469310486516174,0.015669864528199195,0
0.0008254936526028117,0.0025604676069552767,0.6497446057873609,0.06213917173625361,0.016951671320404392,0.0012390530092333183,0.0013246483032358686,0.0009935713233470709,0.0013237324569097967,0.2628975848036975,2
2.2235320268668024e-05,0.8652118260614637,0.0004658100392856148,0.013825237683198979,0.00038367399159484655,0.0006018401284878085,0.00013845114674480998,0.004465576368719283,0.0018025924185203167,0.11308275684171604,1
0.050098648686838575,0.07603268457959216,0.0390464683706965,0.06761827394129094,0.0120470270849948,0.0760503629926977,0.5015298905010821,0.008730789438898634,0.13208215630414,0.03676369809976784,3
0.0007305125326383822,0.20137506896677956,0.0008590777989980143,0.033409809595715115,0.006751748280619236,0.0006547791271117309,0.7003958335235636,0.0017507003841895907,0.035200207469731515,0.01887226232065329,6
0.03123208805151268,0.027537594476852063,0.014664849335984366,0.8469807675726172,0.02120642089573977,0.022950289441228153,0.006904491996721059,0.0045515225827783175,0.0187087466620981,0.005263228984468124,3
0.018904175085964706,0.011219692185249722,0.006731264046019987,0.049032296623323195,0.2126071768359814,0.019657624535367964,0.05537898903336681,0.006215440721141289,0.604861501315829,0.01539183961775557,8
0.0013585991589816003,0.8928605408941125,0.009645128770661454,0.012205567370080697,0.002528686253265931,0.020011483581378588,0.0009004636780392016,0.007980158032833957,0.005172941714552581,0.047336430546093156,1
0.09364569522670918,0.10874918004489761,0.013791306763588551,0.054824311154557395,0.010016002636307152,0.09476541920164329,0.01680042209181045,0.5841838711207001,0.003861351052054367,0.019362440707731132,7
0.0026053476364205873,0.019194803141371133,0.012209101056184737,0.9051784187093731,0.004847660139008331,0.007373739494794056,0.005706421757174909,0.021617529377726413,0.008548443086945594,0.012718535601000967,3
2.453689545535448e-05,0.003459928706484439,0.00027899116495350536,0.994540214422593,0.0005055259186880807,2.677776845365583e-05,2.2897369149007308e-06,0.00022035225716247113,0.00019008880202381735,0.0007512943272712933,3
0.0036169522811905536,0.00398529832485698,0.0005680849048955287,0.01437288347663514,0.040914402999508326,0.003878635578542646,0.005447926097568445,0.0017814120092096383,0.9019664125449325,0.023467991782660316,8
0.008513591829126968,0.3880872346510478,0.034136713484102306,0.023378122583076814,0.23549340691396314,0.014653803613703048,0.20980682512168122,0.02161510242998038,0.01735385992407572,0.04696133944924267,6
0.0022539852593618814,0.10476078554246958,0.7558884494337651,0.053580117105742654,0.0032146923835419017,0.017477413408533246,0.001087308762674827,0.0131757429526345,0.011203760557868748,0.03735774459340767,2
0.7974318102487703,0.07933591588736358,0.0017897742231863807,0.006994399329567892,0.04571193142894096,0.013382960155921938,0.004002602773453037,0.02196845587495979,0.0034317937661596004,0.025950356311676675,0
0.13574598626402626,0.06164770368078116,0.06282005918790107,0.05358655263693127,0.01597260856753322,0.4052989330611192,0.06522608894708724,0.01567116237779402,0.14647777477142626,0.03755313050540026,5
0.04474668997170217,0.05981142476026287,0.0023579775950000976,0.021661451347197463,0.0046969720012211835,0.01126095345755278,0.01313340958112468,0.8260259342749567,0.0018963413556499168,0.014408845655332313,7
0.0006944422176096293,0.01526575711455155,0.002768654020101288,0.9537124712296021,0.004835514494803337,0.005032660766461047,0.0014505138842093438,0.0034309313194473318,0.008791267421758025,0.004017787531455985,3
0.9312170020431796,0.00982442338535358,0.004460081421614567,0.0043186143772401524,0.016290838493830985,0.0011265752287377946,0.006161031945952317,0.014946958320830133,0.004069303602589606,0.007585171180671078,0
0.0008156306879760168,0.9085468314829808,0.013620883906698637,0.0025596995098998506,0.011303803435849876,0.0016851758904555148,0.0009497674673528736,0.0010036724771632203,0.01830475760121284,0.04120977754041047,1
0.23136856770635064,0.0343820189461023,0.021877327671270565,0.17721212182891763,0.07668993530784682,0.261946216244091,0.09115394423222463,0.01380644937475507,0.056809518443535274,0.0347539002449062,5
0.006249787027930306,0.004550199696406812,0.002700942260110016,0.013408408144123132,0.005203511527062671,0.0006192611277661443,0.0028236708173396755,0.0014011898331807182,0.9413205646021444,0.02172246496393642,8
0.0008122320483559728,0.059154278512051045,0.00919510356577647,0.5999046076547063,0.01979653101898753,0.03195590024877108,0.0006966360227772877,0.23952531135212637,0.0028523925722286105,0.03610700700421968,7
0.002686971893332044,0.23069207529548297,0.013431524990668227,0.07338246179495474,0.057986265297059664,0.010441984617501513,0.0018719701005252855,0.14816967245404908,0.07416160977028521,0.3871754637861406,9
0.9923267384243972,0.00642942364422725,1.1570907654746908e-06,0.0003615825788558583,2.069540162010508e-06,2.540744883560597e-05,1.2906489259438556e-05,0.000137297197139278,0.0006637133335104767,3.9704252847666264e-05,0
0.3511741350510703,0.03322651230006362,0.004525612630909561,0.14279688543758953,0.003982216151778565,0.08155485791628823,0.007421829741644622,0.020472210919830525,0.2562973249050928,0.09854841494573179,8
