0,1,2,3,4,5,6,7,8,9,Y
0.07297566508102282,0.03809242032426021,0.04688454478350339,0.18390650440681347,0.1663824077661704,0.0960446707271378,0.08960649855552862,0.2411975923214894,0.04434160829592667,0.020568087738146508,5
0.09257869323915625,0.0293877175387019,0.7025833837827647,0.00999096902042735,0.002527375100884944,0.03211725804700616,0.10725799845374848,0.00798787222435967,0.005058085979022106,0.010510646613928322,2
0.07687373566964437,0.06936385120763829,0.04932202357323846,0.31882477643366236,0.10699556794708533,0.0630245394211216,0.07068040234418156,0.1508811523144371,0.06449232204881962,0.02954162904017157,0
0.10998351453726354,0.010236935620947081,0.0053149709885903845,0.03313141256097845,0.015700874156047297,0.5656642608184498,0.06903261493920411,0.0017314670246640716,0.10125474545005303,0.08794920390380241,5
0.6195053928533419,0.006250133396518525,0.04223576615976171,0.05902026227825422,0.012191154293669237,0.017090801636878126,0.08784265020944534,0.004553318730755841,0.023630362032644597,0.12768015840873087,3
0.08375934774922744,0.028756276853409334,0.01057808445752786,0.834214498813328,0.003026678766289122,0.0034173364587760757,0.005035909884312579,0.012937604517071226,0.012065503630434796,0.006208758869623431,3
0.04135283706830711,0.11959151022212589,0.06943017197995656,0.36908353523620946,0.06256689459169906,0.044137307989849967,0.031322051973407844,0.19909529319387861,0.05629655015089658,0.007123847593669088,3
0.16396350222367137,0.01740436498914265,0.03343630846833974,0.06175043924727353,0.04861890331780837,0.04586971816978475,0.23504294365740327,0.004563656347744306,0.20165551179679114,0.1876946517820407,0
0.18005914326076494,0.18837634108768947,0.06307734268702558,0.16173631847756784,0.016333771642056447,0.0368800774161194,0.03422132276204644,0.2977280410194032,0.013649792375402139,0.00793784927192436,7
0.10213375490690955,0.12298674389939843,0.3071451719297443,0.04939217315169491,0.034196158989189145,0.04997841963436969,0.03439649154777288,0.2577136970384345,0.030654061995543113,0.011403326906943926,6
0.07487758662723645,0.039925699114439085,0.08909738827609592,0.11746767690704507,0.12679979155429102,0.09820922716466837,0.05129290169473732,0.36658704010443566,0.026035234434758813,0.00970745412229255,9
0.012728363933320223,0.06242680750802004,0.00353122923645152,0.04995024511917859,0.4450940966547729,0.007104986521849638,0.022873755440181373,0.00199647468585082,0.3455985516088009,0.04869548929157405,4
0.10707152044860921,0.0332614148528199,0.06566368481919849,0.13738696675002546,0.1569257503599067,0.04256210450589218,0.10339156502503971,0.25935579655638813,0.07850637911973626,0.015874817562384045,8
0.1190937511066793,0.043362301627340186,0.4701519232761373,0.012255086422462815,0.008676874395382003,0.10027889348111639,0.18632093747263978,0.015247161756700722,0.009744425670126265,0.034868644791415285,2
0.30203187060895853,0.018762567581182284,0.26401440641697116,0.006831950031052072,0.00322617238175179,0.07305371814196439,0.19769834937151398,0.01354643388192562,0.00662435236896033,0.11421017921571963,9
0.07256411517074006,0.02837669492486325,0.25162230229983,0.2653688320986447,0.15098782700720664,0.09068773804242136,0.018243929477983273,0.11214937511910363,0.00674176782181485,0.003257418037391876,5
0.11577805894234813,0.5900498282702185,0.09745818270209912,0.015054985357208272,0.0062883588597767714,0.06669489685751442,0.0490866653963682,0.002173717292607216,0.010359819073897155,0.047055487247962484,6
0.10695803064037136,0.0071745792917050745,0.07359059008710263,0.03183986265975175,0.03941914938243717,0.6633785116418371,0.04703833247055397,0.005988115120945353,0.008419923697842889,0.016192905007452494,2
0.06808294593285918,0.2566271961714355,0.012422748090627362,0.07124378879246362,0.19282652751976473,0.014744980767820883,0.02166320508787501,0.03542067253695465,0.2768590966739535,0.05010883842624566,1
0.0366274717789839,0.05771750343865579,0.012784768727704008,0.0388149832566984,0.7124705945751443,0.026367631014747202,0.030576446301364926,0.002696611499148182,0.043937076528906376,0.038006912878646326,4
0.2910748636982256,0.07751490581349758,0.1037312210796018,0.097357911758533,0.04606678287660116,0.06634471627602097,0.1801840859851891,0.09036809474748214,0.034899785441162116,0.012457632323686298,2
0.023106340441211577,0.06353289962630977,0.006935738292589048,0.023453334697475042,0.2460644404912653,0.011694335907003596,0.04124799496205283,0.0016401854776577891,0.2513055892764957,0.33101914082793954,4
0.23585785468510104,0.08756067436885265,0.10738125883241585,0.13040268722647896,0.05827187283070133,0.04743948357956959,0.0965493483636455,0.004092338026155735,0.11339475498967606,0.11904972709740376,3
0.17699618831737493,0.18619792737275692,0.06753834971007572,0.030765254942320474,0.025679513604223235,0.09866148887143837,0.010212156605870498,0.005776063848249563,0.14186218132854272,0.25631087539914715,8
0.013897989878474149,0.03693069243623485,0.006097939980045388,0.04304291653388241,0.06495221452399319,0.008226583124898853,0.014635710347594135,0.01211431292322433,0.7637988727293837,0.03630276752226907,8
0.03151282396795308,0.005726575764385133,0.07760175091139748,0.0022426391707063495,0.0048950051655534945,0.8212622204119188,0.03514181880963368,0.009248100005435734,0.002639794279305638,0.009729271513711144,5
0.043101817901243025,0.087271974411268,0.12463979616165159,0.08159275412308203,0.05043266978650951,0.06563153124197553,0.038431192749623484,0.486711080932029,0.013725027748617759,0.008462154943999413,1
0.03482065803851068,0.8150315556659078,0.016997010122674374,0.03114927164174702,0.013911909119628921,0.019420240737325175,0.008344958790360466,0.032316324208317065,0.023280456533582843,0.004727615141945363,1
0.056210322329104875,0.033359287385233014,0.04253061276394958,0.2526409104564869,0.1504960422108616,0.12454189104271292,0.04379331514512354,0.2424010130944322,0.023494358138351164,0.030532247433743918,3
0.06783305710453749,0.0642636978064123,0.05560404953941887,0.009551575281624156,0.0501447212223502,0.08736742793607036,0.02508236922388994,0.6268803552698782,0.009443103839147184,0.0038296427766715286,5
0.019821560845208173,0.129881013108415,0.05324016991955673,0.0727119603958407,0.038467545562886986,0.023287458083286725,0.04164253219753673,0.5905484108120072,0.02272536849443226,0.0076739805808296955,7
0.04406763104087304,0.005879949842452006,0.3337712885469403,0.014239532583887505,0.024082821118118793,0.44615063854373793,0.08087779056562959,0.019436483386890014,0.014779565925227433,0.016714298446243572,5
0.047956085942715734,0.38686214698577853,0.03628938853369863,0.32807338062213975,0.032558283924573175,0.02228323234386293,0.03376017566084507,0.06420220159397119,0.0370704327390812,0.01094467165333365,3
0.017590378673519484,0.00046679036986197424,0.9686133767123787,0.00032736625313317815,0.0011155163505801736,0.001611150338682111,0.0007811667062162041,0.001951948128737759,0.0005235165954279164,0.0070187898714625975,2
0.023301784890863802,0.21996586211638325,0.03283623401988982,0.21187291432868194,0.036180602970849414,0.039770514744058544,0.0178884874248061,0.38045405568981977,0.033938136694381955,0.003791407120264779,1
0.0654981013764082,0.030750281041005908,0.02241620108425383,0.0200321568693499,0.08450345205929422,0.45079829159763374,0.12221014374731726,0.002585008484907284,0.1345609023476678,0.0666454613921622,5
0.03551163587822302,0.005066721998834965,0.02288087243037423,0.008165031372402083,0.01385659931457489,0.01666878981786728,0.13570783249363708,0.002080117564637714,0.0322870251786359,0.7277753739508122,9
0.06718828681378733,0.1505500546563476,0.015760456538501232,0.0642086657155609,0.05672216514100032,0.024468921640660644,0.017849233860128474,0.0022206744798200875,0.2985209024158339,0.30251063873836,9
0.10507557265406045,0.0022721739999356726,0.09233669638726558,0.007366187662614671,0.047176059768674804,0.00287147888655844,0.0035899062320351783,0.6998838315764504,0.007832213148724664,0.03159587968368012,7
0.024709417292049052,0.03274696358216758,0.013641733125640041,0.3380345089828301,0.3920894762243164,0.00869156219664746,0.023330837102362518,0.023224588154018438,0.10418531616861522,0.03934559717135313,3
0.0006711297809517263,1.7726404689325127e-05,0.9987337108086631,0.00011187029015843577,8.683292232237868e-07,0.00012433625434616157,4.3542160620569685e-05,0.00019310976195795882,6.610045050269046e-05,3.760575888678673e-05,2
0.1667718741759672,0.01588212307832076,0.26097690364144527,0.01387207849154388,0.004221677413866882,0.02950184883142786,0.4796963712351,0.009824380938812568,0.004079604826972763,0.015173137366542118,6
0.11406631669584788,0.029685323182385415,0.05937108364023572,0.11009364823671237,0.10169249134421078,0.031364186722544755,0.15668465673992513,0.3348360877123804,0.03421938737037994,0.027986818355378248,0
0.10537893445926275,0.015718410232322923,0.09586183108767747,0.06301854099385099,0.24546526788543566,0.15723311691502392,0.03906984913791839,0.22146866565537698,0.039236769904941717,0.01754861372818835,8
0.058885461835613696,0.5568413477849021,0.04812505107824606,0.10165290713781827,0.02128412379107025,0.03252848239866259,0.025958736586346263,0.12886953463260142,0.01919807702354476,0.0066562777311948325,4
0.020472346258844205,0.014080186775217775,0.013386185922596336,0.05122728095951865,0.6848598401449365,0.01012771920204601,0.02384472770575837,0.03853403968992322,0.11878559028805045,0.02468208305310845,4
0.13142306243267451,0.0070339116080730905,0.05799346528664207,0.036028905174947945,0.17019520302814797,0.21799123797133774,0.05547314384468064,0.009728917951499255,0.041357107719298326,0.27277504498269894,5
0.08206365073908421,0.06719372836304677,0.027150858053059525,0.059255488090015934,0.08460349799830362,0.02420334283595601,0.2401252142248251,0.0026128181442486623,0.16250058092223293,0.2502908206292276,9
0.18124986007062135,0.0204255259969088,0.06824617168479073,0.13421742192334962,0.021068924626973694,0.4607508321123868,0.014588855309894058,0.08340755238437052,0.0037011680123036155,0.012343687878400775,5
0.025201648415174572,0.09045779953502076,0.013507744090598659,0.06967875303141753,0.09443267224672446,0.021506681319661058,0.10459062568917554,0.002445539173730914,0.39809444690455076,0.180084089593946,0
0.03339454444728597,0.0631710449239799,0.01573582554916416,0.08368761199214919,0.6390809654164079,0.011730912826053118,0.009066801943959358,0.02145968747828708,0.08238807639176125,0.04028452903095226,4
0.17446459043632107,0.004646901985348048,0.021251189094246805,0.0053871288640286305,0.009621303287859085,0.007720862152420146,0.03713459575081856,0.0014707194668707444,0.010472540768814957,0.7278301681932716,9
0.051647615097828066,0.06239460557955164,0.09120294999436848,0.08023269066678357,0.025781870904271652,0.049859123320956836,0.02783218277939187,0.5883747696162304,0.015926135455716636,0.0067480565849009876,7
0.892147445475278,0.000820253418237028,0.033453318002314984,0.02450202256888698,0.0007749690618489176,0.0198407155575897,0.018231284683123718,0.0003602082393974589,0.000829004955692,0.009040778037631082,0
0.16592731804380795,0.011799700700131057,0.22164548966030156,0.29045730540206555,0.004423102647614212,0.15352032838664234,0.11230022703132209,0.0032449332250941167,0.007560283807598232,0.029121311095423145,3
0.09063374129541679,0.02605461476418199,0.010737365736691496,0.43202320221179114,0.011309348009624463,0.014662980059259522,0.03166072108144428,0.002315369812385563,0.15602227976010644,0.22458037726909819,3
0.11429194619941219,0.0023938870299739443,0.03859566252631214,0.01301260029819962,0.002335631664131083,0.014102301260419559,0.27934349326245816,0.002003620406660129,0.01638564799387086,0.5175352093585622,6
0.025753793723745467,0.05692080766793351,0.014278712696184633,0.0945278699081222,0.41680657401441223,0.011109370097068558,0.014540205884823748,0.02385621939609931,0.30257256392260545,0.03963388268900539,4
0.09236800327879188,0.01387297938946596,0.07946195013431871,0.1865856547893846,0.29539042544258776,0.051459541065572226,0.05052739228213066,0.15860190325471216,0.040157058845147114,0.031575091517889405,7
0.06281081672019125,0.0879838535041945,0.030956929347157693,0.2139127916714485,0.36916266513454393,0.02097280735477018,0.01959085462246365,0.09305072907810849,0.07852527933111221,0.023033273236010003,7
0.014083959399571494,0.01735109700684752,0.009640120864531001,0.037154242116276597,0.02756843513562906,0.0024034522137850603,0.019570779005319647,0.014708862810839801,0.8366726633530309,0.0208463880941685,8
0.030998833044780464,0.06748033615586811,0.007896532025779036,0.05283335835478617,0.13372618653257584,0.013607802559589958,0.06331959732947086,0.0020028686887199414,0.42943394004524077,0.19870054526318875,0
0.04531235324404835,0.6869408111008208,0.024786030147156253,0.08039041185808674,0.02584630378888969,0.026505017230937754,0.02058996492515418,0.064124226748777,0.021915278690402704,0.00358960226572619,1
0.1620937988916395,0.1385395325372412,0.10783628068699594,0.14681999715996263,0.028528494739782365,0.020369345763917093,0.191285642984715,0.16002050551505378,0.028016472799765425,0.01648992892092734,0
0.0679361841546253,0.005110294301296902,0.01600465092151274,0.00884656248418794,0.01087265637413094,0.008202165269071535,0.030601120751015603,0.0013183414968499186,0.017400553078542536,0.833707471168767,9
0.11520587256750071,0.05899323363131999,0.007829911188058931,0.036210313080928806,0.05106864740271817,0.02322915454874773,0.03733891951192365,0.0011362743017125383,0.09064957585364995,0.5783380979134397,9
0.01885213298952437,0.013125629412798821,0.2485968319047643,0.008137988254209106,0.01499265733162363,0.5949523411648611,0.059701943613800025,0.013005007609812136,0.00937830149114398,0.01925716622746319,5
0.31586193041689725,0.253811011522189,0.08579450861589336,0.1030105228522078,0.0231826208647008,0.015789418855654633,0.06502656021748814,0.07795584492394533,0.044485313901648074,0.015082267829375788,0
0.3269888432943517,0.015646686234593706,0.1653734057781603,0.010028451415624928,0.0031375657260228687,0.10148751239193449,0.04765618470830219,0.005587792973810776,0.03060383722046114,0.2934897202567378,0
0.049956005106115156,0.20047855014461252,0.019235485638641407,0.01219084354538692,0.3210046866458567,0.025658496401593428,0.028885696300170214,0.002070080888122067,0.045785188655555205,0.2947349666739468,4
0.03020876222685677,0.07078124093324631,0.009288904004150559,0.0640823695486886,0.14890929818806858,0.00591330219200412,0.015357422705238228,0.011487859940418668,0.6079390203048202,0.03603181995650811,8
0.06126030617247206,0.007974451298445283,0.011514068255978702,0.005690006639677919,0.00571531047455147,0.005684368359861031,0.010576270570585735,0.000671125065002469,0.0070190949487377394,0.8838949982146874,9
0.06856530441405244,0.5856258048273444,0.03126394093439658,0.11111611931748071,0.028447755676809336,0.03730610899622383,0.029971498570349846,0.07479681517834173,0.02624100083946379,0.006665651245537394,7
0.026476546902930085,0.028733939487181975,0.006186759880804528,0.058209170252410965,0.031026953165233146,0.013163105816320407,0.012753992177695244,0.011494207367738837,0.767607974322083,0.044347350627601985,8
0.06787485901127097,0.029012745689876298,0.060327618383650174,0.004193171273544841,0.06082678860598576,0.3308655470649585,0.3511103039588028,0.0035063134595185548,0.012396149254216086,0.07988650329817637,4
0.012675841279493167,0.05651207651240123,0.0072252418259468746,0.04932530069279758,0.7878514263930154,0.007941575862481903,0.005024187884404532,0.01867755193509222,0.03774047592789452,0.017026321686472494,4
0.05992104369460431,0.0285441414684311,0.05827588473986856,0.13432033330868015,0.16204540041775145,0.09884420590500317,0.06401354774504849,0.34071749972214166,0.025883555105976664,0.027434387892494177,6
0.01389839222570442,0.001175061055386493,0.012593859689510002,0.006033783863775102,0.005192373584396368,0.02232425775888704,0.9208916897971052,0.005130758667441659,0.0034388749264113805,0.009320948431382202,6
0.06369247916336293,0.21410967508562206,0.14315025908184628,0.18205180153593611,0.04168444062745487,0.10544838964116349,0.06020629518949626,0.17020418595256404,0.01578075047546793,0.003671723247086077,3
0.031249245222940477,0.23375609140069586,0.0726932844433048,0.09324341777429461,0.08379545259673746,0.029619908239124217,0.025804208941728617,0.4059204186928232,0.0177318131530074,0.006186159535343216,3
0.10493319976809302,0.06927942713521584,0.05517781955366515,0.5244978413285148,0.02282075875666285,0.03926055775637636,0.07912002796460263,0.07078168713374103,0.02596746901113532,0.008161211591993294,3
0.022621489557725413,0.0490302228238781,0.009286516700783131,0.09053298831712459,0.6614013082169148,0.008348334268925204,0.0038718435493016934,0.0181270657217873,0.10652851207218424,0.030251718771375946,4
0.06507774255682156,0.0598288974169914,0.012556955820055535,0.09785822063852644,0.6194722323435478,0.013392803278227677,0.010429243426084768,0.024899976181834604,0.0559279012061159,0.040556027131794514,4
0.05116181873099859,0.017974119967044715,0.06382695071748686,0.23116230200410093,0.17285102067022523,0.0771727864043313,0.10304587601787477,0.24703501680355988,0.023370737046984988,0.01239937163739205,4
0.07607169319726267,0.1186095055401881,0.07426764872723894,0.04689097453769416,0.02730121418063562,0.026890631068504416,0.009566277675424381,0.5955023925907813,0.01792541298689906,0.0069742494953717316,7
0.245691968319669,0.1179747613128791,0.07878396388356021,0.12658571983742545,0.039766180896436444,0.08665492824524812,0.11349332435340573,0.011266849027295632,0.09646458679789971,0.08331771732618065,9
0.13598652850990942,0.012212410381377955,0.07159301661363801,0.25034266640052394,0.014518284168582887,0.040216434150689526,0.36565692725975896,0.002163775595690698,0.025157903537274085,0.08215205338255444,3
0.04791307045296806,0.020383568148939612,0.026804514917158975,0.03504184677879268,0.008556570588768403,0.004250313539946593,0.11009905351878006,0.001456213524779057,0.05335699827833793,0.6921378502515285,9
0.13933257102128688,0.08931678461742446,0.21394518831615866,0.14148830790508277,0.03926588289612547,0.06858113306918975,0.09408673089387772,0.18930085376352832,0.016730712571460103,0.007951834945865549,7
0.05054481191755888,0.03246058086839394,0.01327242907701346,0.052995991217858536,0.5006290559060991,0.01616895200993316,0.12182568936181785,0.001355641651431569,0.11772103911731942,0.0930258088725741,4
0.03746413571527858,0.07651590932909211,0.09080337786359903,0.06821939153068673,0.0759541152165766,0.10108220736294699,0.060532462589802674,0.4617794922353222,0.021130269600753877,0.006518638555941728,6
0.049309478274577004,0.6040118459176903,0.04156032508845897,0.08051886192699347,0.01788730913357567,0.018283731552342804,0.05913924484818028,0.10826717358760189,0.015690848580144676,0.005331181090434984,1
0.20219184837212212,0.09938200253453952,0.04658466704849382,0.07261219782211993,0.056711370719102476,0.024539922597707757,0.316133161843175,0.10948096522561043,0.019527527241229945,0.05283633659589885,2
0.2512907792068241,0.010862838712364374,0.159791812706206,0.014966656457806943,0.0025485161580850392,0.017996047318987084,0.494466358202652,0.011829926033090993,0.005445461456364396,0.03080160374761867,6
0.02781815221725661,0.09214659765485662,0.016855872106419003,0.07919726377788076,0.06636927267273494,0.01543970683084919,0.03841403797705445,0.0030264547081405987,0.589463814919734,0.07126882713507428,3
0.4251614060600603,0.00812142326404399,0.029665999290228617,0.24256822407673012,0.004063198739391718,0.010012696253837463,0.03205516080639853,0.0018108062144025039,0.09393373004988273,0.15260735524502408,0
0.45915846436107627,0.048894711763872396,0.012441411934343838,0.23339680619818182,0.004622790548932317,0.027107743548406827,0.024864960796852797,0.002547417139572877,0.10511054328102373,0.08185515042773685,0
0.030447664235384135,0.03663864186004809,0.7400159037000409,0.07710194356764917,0.008705311638207735,0.012290334519900938,0.005304291189601445,0.08085145704933312,0.005972884113253921,0.0026715681265801904,3
0.7677810095123024,0.0025351083626365804,0.04386730236286258,0.007074787575289027,0.0009200165388583729,0.027034014810834086,0.028905001129381734,0.0018145131185834072,0.00810994993912282,0.11195829665012927,0
0.05094392897631376,0.12770101042141715,0.3164344673715988,0.15316766954478905,0.04714857012648519,0.035386313180990885,0.027569179566542316,0.21814256470616614,0.015175273668405502,0.008331022437291027,7
0.0616509841619142,0.0715894762084231,0.02409152747077407,0.11903428135948133,0.1097631720192237,0.00964849928605773,0.39591641715038095,0.00304233797811451,0.1301307282075794,0.07513257615805087,6
0.134341736232785,0.47179125449087517,0.04018947653007007,0.12211279765600398,0.016504109907089854,0.014740460572591502,0.04501848460285257,0.10764582565105987,0.02541073788177745,0.02224511647489473,9
0.13897530166881178,0.0028744777052795716,0.559090160629593,0.006828722193209463,0.007281846515414386,0.020802843620126958,0.0197213640797034,0.0036852961236774778,0.02043567725776644,0.2203043102064175,2
0.037193013623870105,0.1093237444328832,0.07674036873674703,0.07858707881900043,0.05161437146238678,0.06660562111427554,0.024161055665894014,0.5324316126952264,0.017663577779351403,0.005679555670366192,7
0.17619197193705896,0.0881737973256942,0.044838830386064246,0.07418022994514534,0.08648105001933341,0.04123355775122873,0.31975757016413486,0.00954758223066659,0.011943933315334625,0.14765147692533875,1
0.025503971833407083,0.040111955178257316,0.011505346894953599,0.09735389139055363,0.30834446091419143,0.008728802019103313,0.019263884058650652,0.019423987029662484,0.45082798185124057,0.018935718829979645,3
0.036071125251623586,0.004198936861810676,0.07483065255976613,0.008757154422099699,0.013480661059131914,0.06562555803344819,0.7569643049635919,0.01024504777801025,0.0049192010907732255,0.0249073579797442,6
0.041032201208430805,0.096784630996018,0.04782657167947625,0.24409377682804773,0.03808213200685761,0.06048009771567346,0.029714424770171263,0.4089319634476996,0.025839753578746162,0.007214447768878997,7
0.03318877182158979,0.06536796963236358,0.10914568921214325,0.0805001918044325,0.06810476939247913,0.08709190416340613,0.05721171301589077,0.4679749029444089,0.026639151007932314,0.0047749370053536775,2
0.02044318428337888,0.08998912900427208,0.009464077557660315,0.044752232233809,0.03784793484822076,0.006697687791373139,0.01906620820863309,0.018438309848739374,0.6727296451762004,0.08057159104771301,8
0.021797940082443165,0.19221284026907953,0.011474240072520282,0.05363052644466834,0.2808049972467452,0.019463279268611095,0.017359455721358934,0.027067500352685115,0.3211076707179948,0.05508154982389354,1
0.0345662321284814,0.19752105361978542,0.09749202409979132,0.0642118769022603,0.03257116399649217,0.052833612471319756,0.04755978405990695,0.43907826233286656,0.023550210601443994,0.01061577978765202,2
0.052017127760656034,0.2207377831774567,0.018322486484206448,0.052519320668774135,0.1279562761089368,0.0483218303221042,0.07660464058485991,0.002002351583988446,0.2665545410534613,0.13496364225555638,5
0.05160179173721218,0.07515724731485925,0.17808570371553378,0.1648074199970135,0.11832311968612265,0.06299633256962023,0.07683383199997748,0.23610680582345148,0.02395349036286358,0.012134256793345732,3
0.014852109995235434,0.06782534011650523,0.005503331571100427,0.05128285655849536,0.6470185810850397,0.014573337986624848,0.014357639662832303,0.017322153476001332,0.14735912154274408,0.01990552800542115,4
0.024741116200225854,0.16759193698041316,0.04871594840378179,0.1427985479909853,0.16604474984130765,0.04791268790211397,0.04544969659640894,0.24982491270059426,0.08225646432446743,0.02466393905970182,6
0.044235847300654774,0.041347203155902616,0.12536566189522363,0.09620125073581613,0.09470386829292243,0.12807343976080846,0.046208214516138185,0.3766336998518709,0.03874932010093573,0.008481494389727302,6
0.07470987075257993,0.014045401825415329,0.029191617075411062,0.0814171000847094,0.2153488997317127,0.04211882744726394,0.07035242087673768,0.02372435044033224,0.38970700267081504,0.05938450909502308,8
0.08685376391037374,0.016250955644491475,0.153834836128896,0.2853996096763903,0.05176150209065577,0.027317328230823893,0.0221984476012708,0.34319154867710067,0.00974597629787932,0.003446031742118162,7
0.2430548621451498,0.06453852339022169,0.007402346236579157,0.10825634949976051,0.027740062477493558,0.03813307965053752,0.09934763989514808,0.0023889764281214763,0.04699518115998752,0.36214297911700083,3
0.2930738798300266,0.10064389818827753,0.15937462944012426,0.06140114794307083,0.03708343412133198,0.03988760696331631,0.1090390834121219,0.16442002911671266,0.012077088005220619,0.022999202979797656,0
0.034545009486515336,0.005708537217891419,0.3457738261594865,0.01385232785321243,0.016125731657339073,0.4850903865237639,0.061658146462996125,0.015948663190396,0.009566948832826385,0.011730422615572746,5
0.09963508673784023,0.49971605719988815,0.010182085322646183,0.02765391236360321,0.01627355809767478,0.020162470755781987,0.04568762725703333,0.0014170945238802077,0.15766781352876685,0.12160429421288534,1
0.17250070892866087,0.1938982775470875,0.061581270149476765,0.012838571808698162,0.007982458295366875,0.30347337114762457,0.020439193726409406,0.2054955562452823,0.017237945699680443,0.004552646451713146,1
0.06443378039930901,0.09713514437870936,0.07837631334737725,0.14231701576636727,0.020531783992788485,0.04195308339688028,0.027175779408196134,0.5084532820926588,0.013808948870944313,0.005814868346769469,7
0.08997236242897878,0.1345394729957781,0.12845115691091008,0.21087029167932927,0.07324376553185334,0.0791922302765747,0.06650111924930174,0.170054013732816,0.022617697000433878,0.024557890194023567,8
0.09682874262694513,0.4023536856281702,0.039260037468376974,0.25749251099322773,0.03934132649508348,0.016569880572983205,0.03953249602028823,0.06598230766307299,0.0262877021533692,0.016351310378483093,3
0.1211836354006466,0.23864127756385003,0.07694124998482231,0.09951471215788842,0.05484576468308287,0.09286591479048638,0.0912665816485218,0.1672455582761969,0.04403129617339943,0.013464009321105017,2
0.004574202382314986,0.017860264591021226,0.003307357443858444,0.032012446804331386,0.018224278552374146,0.002726023820106145,0.007994819850606917,0.010662248668916663,0.8962573664681187,0.006380991418351049,8
0.055267647956232534,0.08810747314171297,0.2051713159995185,0.11963558954908017,0.03594671802789319,0.16231248138142398,0.0432386383906111,0.2512777328640898,0.022181143822996543,0.016861258866441867,6
0.04461874298289263,0.03210677520637932,0.01985420266431792,0.0703963218060509,0.15291268153479723,0.01558648471627248,0.023695203703001204,0.02012814945234108,0.5905815938603216,0.030119844073625467,8
0.8887705480827007,0.003995816636722981,0.03102440769746964,0.023019175706649516,0.008078290696688696,0.01571992707885729,0.0027579877809257415,0.000564838108184248,0.016146405561137157,0.009922602650664842,0
0.03070026408002336,0.004374780656291814,0.05662052704788405,0.008710551265582404,0.010115894510110312,0.8581678410755604,0.014806114118943997,0.006710314244295479,0.0027112466472050778,0.007082466354103108,5
0.091100245836186,0.025583587506193727,0.011708199179815899,0.08620029798242172,0.06893589171676377,0.013683941313121329,0.18868326739371222,0.002083345621747487,0.39922290707859975,0.1127983163714382,6
0.03871214159004547,0.011948619587297779,0.0313971403757388,0.01858380064421935,0.039656972360564154,0.02994213891171295,0.13074487997338843,0.004880100517746295,0.09387281767421032,0.6002613883650764,9
0.03911177018272774,0.021816374931911707,0.006236731833352493,0.011834448845507179,0.09319285092609543,0.0076742242375487475,0.7013642145509699,0.002485257812809206,0.02432604459626668,0.09195808208281082,6
0.08605922660131694,0.6122186399501771,0.028513409234531335,0.07183530073743509,0.018420630548884907,0.027341058631317784,0.02736685054256072,0.07596766035518658,0.02114967754471512,0.031127545853874547,1
0.09693902883056504,0.014149529187280442,0.03979079635928736,0.11567819267782697,0.18223022954698312,0.12957306966771703,0.0704161475808095,0.28631789527081347,0.0319610328235747,0.03294407805514194,5
0.060060247045936446,0.00198100211504393,0.8491943924749508,0.008539756918989245,0.003498792560249623,0.028385319347876456,0.034979341319927956,0.006284834386906976,0.0028503180975806043,0.004225995732538398,2
0.053378423066899376,0.04316595550526108,0.07545825839813934,0.6303045387152793,0.017756937928526857,0.014109905624071419,0.0158606046044552,0.13179066346098278,0.012012424886882037,0.006162287809502968,3
0.10865292004706312,0.023713018292197685,0.1686607665294687,0.0719134935747628,0.0227428854426651,0.10063661249106892,0.4355652797979353,0.009276139796438196,0.019258058012391267,0.03958082601600908,6
0.011874824540242412,0.06326033907708868,0.007512830306008411,0.09964973144270801,0.6450532652152421,0.00586267360719619,0.011007829846619124,0.01776680050918645,0.10969019124326408,0.028321514212444204,4
0.025674491811200212,0.28458002019898665,0.03258854603786094,0.07069746800706386,0.04275719611144653,0.056582840056468284,0.03477527433393104,0.41673616536280544,0.02874372543833383,0.0068642726419034985,1
0.05191274763595152,0.0060795699938450964,0.01018331387544111,0.005265245019026436,0.015266491318266384,0.008215436958337373,0.057377312702463705,0.0012303269240127193,0.011471958965387406,0.8329975966072679,9
0.26336695516478087,0.0030816717108636408,0.5381495993229626,0.01257338386903316,0.0015955881424521612,0.14553248719955778,0.014626343301143766,0.009390299235293253,0.0014490406134079143,0.010234631440504667,2
0.044465082602667926,0.7324943467418569,0.05590713545526433,0.06672481434583445,0.009454995773886032,0.017526165335890177,0.0140052905488763,0.04131370961335487,0.013729035131926883,0.004379424450442256,1
0.03880697653624263,0.17760430533021793,0.06667148966763714,0.11270100884801373,0.03772466497771817,0.0991733827598656,0.034732901131238614,0.3861246702654377,0.032375884670712035,0.014084715812916085,2
0.06122056057528499,0.11758373577583574,0.05183309251502377,0.19652883607787147,0.03503385945095073,0.1499929105500243,0.030330476785122882,0.32603137346951017,0.02248588325690542,0.008959271543470544,7
0.2021493861388236,0.13150002857508736,0.06841333493549148,0.13605530664284513,0.025652725357129414,0.15665559205827737,0.05848091557763308,0.1960283898176652,0.013142442352012474,0.011921878545035233,2
0.04073853049654125,0.036578781754035436,0.06834150585560571,0.07278164588787116,0.0169244451395037,0.023897760690308138,0.03278638457106067,0.6910121347470078,0.01225925866007235,0.0046795521979932485,7
0.04973796058681712,0.03334681121713122,0.08060743497399164,0.2672677578483927,0.15528126852230242,0.10960010366908927,0.03748833947161035,0.23955133179882948,0.020814068736664356,0.006304923175171526,6
0.014993441677001323,0.02054225832366721,0.07835168718992196,0.014965031081370461,0.009817113500566774,0.044895572788310904,0.021493201732942238,0.7868757790187003,0.005144037064280734,0.0029218776232381952,7
0.06519991773889491,0.002180781358975571,0.010848923600662112,0.0027428231489615043,0.0037147459876377274,0.009739105784637244,0.016574410301403556,0.0004629554353625264,0.0056802189137377425,0.8828561177297268,9
0.07662315862667199,0.5394703248269214,0.07078339669108928,0.07745333533919281,0.01857902894659997,0.026625653516063767,0.057131253656120096,0.09523786612327939,0.03244781354466454,0.00564816872939643,5
0.050875463586303064,0.017675182167956084,0.06410310437311426,0.23167583818663756,0.17176872230581375,0.07757492940159859,0.10334019253321809,0.24722611206935458,0.023415148328507773,0.012345307047496758,4
0.047594109517760545,0.01659791625467038,0.02135328325600224,0.013678976709835538,0.060335418030103345,0.03150693448778571,0.12299498249138414,0.0009740982240692528,0.10230321382773237,0.5826610672006559,0
0.24805932748567328,0.028550447202813075,0.03583906034247268,0.26876088018118494,0.03257413963351259,0.06639380732881155,0.04765849674843594,0.21373189312891466,0.03925715912744279,0.019174788820738718,7
0.1745179444235498,0.04008920984472965,0.023749531674654493,0.2005828709266376,0.048506202073074406,0.05407406703610374,0.07093289954948515,0.0027714941858491544,0.214083487189062,0.17069229309685366,0
0.02929887680681298,0.0037188876887971722,0.002692235697575452,0.004970739048697919,0.004696002316373089,0.8627498130529475,0.029193131932560228,0.0014001877926643742,0.0187155480824076,0.04256457758116354,5
0.053797088697063775,0.11886080400640596,0.12296541363306253,0.10475598096102155,0.043305070392818126,0.1353885374290881,0.02165640374394356,0.37824418322940606,0.011954884793730355,0.009071633113460379,7
0.305405890534109,0.07297013367484846,0.1281733451670314,0.13649403905651541,0.018729305525315453,0.10728236429290267,0.17566760142785967,0.004960524796195314,0.01280786089905809,0.03750893462616521,1
0.016803241609476407,0.028105421999332015,0.00731754044393471,0.057747503539312336,0.057728848346578536,0.010419091400966316,0.01269803925951438,0.013609749267402537,0.7746417155814445,0.020928848552038533,8
0.053630604814417226,0.010784911469917427,0.009588890896048788,0.16091905345499027,0.6113748875325017,0.05419496753362524,0.005050653135599498,0.05993645215262631,0.02739227717979969,0.007127301830474053,7
0.2978274606037873,0.01613001855742089,0.1425227988090956,0.3513737417773963,0.029202638643729763,0.03483584905021502,0.045110154650104185,0.010015418604515535,0.05246106334363257,0.020520855960103203,3
0.027452179862210394,0.8674414857259481,0.013546461975926509,0.023117401326212685,0.0159972840942986,0.012762346363426246,0.005677143026452767,0.021835974359464997,0.01039203880744926,0.001777684458611044,1
0.11702166000009323,0.004743218710840215,0.03005715958905352,0.006666500200902948,0.006238569446371537,0.03411025821654287,0.3867327005746871,0.002852763912525836,0.04144019042312345,0.3701369789258597,9
0.06559082323907986,0.11322076209152748,0.019455262078430534,0.025298432736820618,0.08680940274348646,0.04782631802970423,0.06452566222586786,0.002852294925145964,0.4416620249267699,0.1327590170031671,8
0.17717426135840111,0.01223273315308726,0.03823453942079828,0.24231388854149463,0.1492662787908083,0.1230461969768615,0.046071924919793526,0.14057563497101563,0.03113176401136396,0.03995277785637539,8
0.09777576226907032,0.15528394204305354,0.07765531295128116,0.024752519067722068,0.026497587369974752,0.5579194117500209,0.009412953527675976,0.029003877166035502,0.00974857016788006,0.01195006368728597,5
0.04857035266674564,0.1005088154694406,0.01818809764452706,0.06816161049810243,0.02505065441482822,0.018244608257322874,0.06258083034485618,0.0017512594919989724,0.4645451339492683,0.1923986372629096,1
0.057112133286038654,0.0352279229306291,0.03471065451696125,0.029344556172151193,0.1313048142255489,0.4237668854974961,0.16556431608557096,0.002792650455362774,0.07404988654486713,0.04612618028537397,5
0.10609895929090728,0.23264601467672036,0.02649493620003487,0.029153828975049968,0.034947443407899605,0.047545259332902635,0.09113758806765594,0.002967840633401519,0.02461122117575296,0.40439690823967533,9
0.05410780476940546,0.7066248060315434,0.0342510374812242,0.049092580214492865,0.026531876875414553,0.017580329306337704,0.016305865468137826,0.06798719286537792,0.020219482374865365,0.007299024613200811,1
0.04404437635108371,0.008793991619430069,0.005482580523737317,0.014492755387949191,0.0022575316553537774,0.001973226880187047,0.06625988255634556,0.0015997364480802888,0.8473508268792437,0.007745091698589195,8
0.02060811848849942,0.8885000203133306,0.012144568691031747,0.020190703736508137,0.003508345631774665,0.007449494938271982,0.003578961325776103,0.025672626930213827,0.014686069734230263,0.003661090210362927,1
0.6077516866341217,0.004879738485813985,0.09015291317060035,0.034549239807330816,0.02486177801944619,0.028670893539222208,0.09176062770395318,0.006194111065712424,0.012377428360076319,0.09880158321372243,0
0.024719205260869646,0.06635744967365662,0.008128794154115368,0.0569050966061956,0.12725842727667128,0.015626879230185357,0.056049141532546136,0.0018995845263255061,0.47180700859045266,0.17124841314898226,0
0.01700156067605961,0.09856542343757273,0.014370104330057304,0.028422910021415237,0.08928069509897858,0.030332366312154652,0.3431291857066224,0.0016911457520944442,0.17991429350753516,0.19729231515751022,9
0.503505516200795,0.016291648383601993,0.12160456488770234,0.07868640797871171,0.01497152211512741,0.07830417434050711,0.009766882244537367,0.0023083923652594965,0.04094661872547661,0.1336142727582809,0
0.06555614016885072,0.014287509838153363,0.009760458714874774,0.013439061104242103,0.02759668238500731,0.718390979713462,0.03138964339327563,0.0007139622734180536,0.037590658991604534,0.08127490341711106,5
0.1341582128181376,0.005099322694558987,0.0035597394376600854,0.0016322676458736564,0.03628754121171837,0.7685210960059665,0.030069870586044354,0.0005357261376547866,0.004561702026779839,0.01557452143560573,5
0.08568468909101531,0.016006413354029074,0.339092735823465,0.013956585989139927,0.006925563348965425,0.03916869267885014,0.4612540182251912,0.01103535605848445,0.0030104099716337595,0.0238655354592255,9
0.14402087132898267,0.007211669973777541,0.04388675347016797,0.2179456266809016,0.12430033628883486,0.07161226449884388,0.14587211089310576,0.18900803516498768,0.03855085074572617,0.017591480954671983,1
0.009798748471151277,0.0366564367043158,0.005449581345677967,0.041447251984988394,0.06512400103894522,0.005461155620875516,0.011857182066637422,0.012196952403616915,0.7908972520148596,0.021111438348931904,8
0.5916026620731132,0.0025785559265057954,0.008005070032549908,0.020310559628695213,0.015134185864618038,0.01457028888373493,0.18325970007515388,0.005973570498869215,0.021014231518922413,0.13755117549783757,6
0.049834297259212866,0.04205846923004306,0.04719168642105752,0.6999090077923575,0.014161211842238185,0.02952088318625797,0.012250287674687166,0.0923896363871571,0.009024487515294477,0.003660032691693998,3
0.02335290502563533,0.7935218987264047,0.020078926094100162,0.03276126431951153,0.02075607525745172,0.008876758683560316,0.01849789543860196,0.04080577669332336,0.03403632267075359,0.007312177090657391,1
0.03906367546549101,0.10824046364636265,0.013711227059239283,0.05044744591694777,0.07260729208616104,0.027352818088544607,0.052449940211338704,0.0020630160149401147,0.5364705503950391,0.09759357111593563,8
0.03749026975143542,0.07959085773887481,0.005212258099733356,0.040773090727832445,0.20481550233464108,0.019464374068314964,0.06287458776497291,0.0014613634435400268,0.18203019921467495,0.36628749685597983,9
0.046364128174051895,0.016850217290505357,0.24837433087907376,0.011720675211022522,0.009161931955128185,0.5602144199397348,0.05980600308047856,0.022186421681480818,0.007213623084491669,0.01810824870403296,5
0.03885295636031251,0.16504957170767776,0.06584400249490431,0.08787612188441479,0.02005880952087465,0.06563943599084908,0.02122827682106989,0.5036992879889972,0.027643763265784924,0.0041077739651147974,7
0.20102986525472125,0.018090333579848357,0.1070036619011621,0.20267768561215035,0.09989808515302726,0.08441563812456382,0.02484233741239167,0.14173788205052149,0.04800092846612563,0.07230358244548768,2
0.03650413816335245,0.23077420445472108,0.06017859277169034,0.1336560543314333,0.04117848795265669,0.06750933214319052,0.055508842757960794,0.3421313409270728,0.023897506957040814,0.00866149954088088,7
0.034915130094466874,0.05739128651798962,0.08569543187496942,0.1079277184647415,0.06962830848203815,0.12338944794743603,0.04992325923274296,0.4338237042439271,0.030694100968966784,0.006611612172721398,4
