0,1,2,3,4,5,6,7,8,9,Y
0.0007788762329012876,0.02093426031980692,0.0019756757493893996,0.0002425598002840977,0.020892559711121028,0.0006256936367058423,0.00019831156597383505,0.9522219052815649,0.001272691678344832,0.0008574660239079717,1
1.9506780655904537e-07,0.9999203928661522,1.524591381784743e-07,4.832149940616139e-08,1.714310991995094e-05,4.618921934982999e-07,6.734456980701803e-07,4.375206991374115e-05,4.890206082933834e-06,1.2290561595126886e-05,1
4.062153188789074e-05,2.9022712953452966e-05,0.0009918450467418661,0.9132040038030649,0.08090443162317414,3.737092485749015e-05,0.00468499502975541,1.7416975025513924e-05,1.8434266964152238e-05,7.185808557549893e-05,3
0.0012351354689670892,0.0007188385340994823,0.9956762708499587,0.0002712610771138788,0.0003264739534287573,8.980947045151978e-05,0.0001982285897672409,0.0006863615400523434,3.393140470820303e-05,0.0007636891114525736,2
0.1277356426316686,0.5643482452604746,0.018751165073395838,0.013264918852569757,0.027871235965215947,0.0037993026232567245,0.010520413548446565,0.19318475485194023,0.03739305324002067,0.0031312679530107433,0
0.8974127838038864,0.006277118350008697,0.039458087324801855,0.0166040197788501,0.0067999354676983245,0.006312843084819489,0.016262673137701397,0.006888227292380905,0.003594166145780204,0.00039014561407237373,0
0.0201850393385116,0.010074481118780884,0.633123550870122,0.007165936364771497,0.26573992911425454,0.005414368389554321,0.016640561389461985,0.03718750521108868,0.0026871535048961135,0.0017814746985585228,2
0.3376607202154573,0.0204825242709465,0.018371933544660952,0.026262547663603867,0.005995332979933921,0.10502607203846503,0.026412795834552708,0.01220717201401675,0.44458840170969766,0.0029924997286656352,8
0.2116959053221369,0.04570199290397585,0.290799196075202,0.17535607743536535,0.03292341730348688,0.006312594073130696,0.14359403421080577,0.08296907798055614,0.008577816472939006,0.0020698882224015665,2
0.0024420569199413702,0.9487579343255897,0.0002765493302338252,8.787587659672528e-05,0.0001561639430670426,0.0017931117768080589,0.00042942192319858164,0.0011943815530884453,0.02761076416407828,0.01725174018739775,1
0.0012924011685201107,0.0005917250936160139,0.0026889406459424093,0.9876377902952543,0.0010169677215471767,0.0010793491335615612,0.0031909049982888414,0.0015917445864519174,0.0007046500633219532,0.00020552629349601822,3
2.1051517129178077e-05,1.0051411955905324e-05,0.9934232179421213,4.640027699450615e-06,0.006456598466842919,5.809206709474836e-06,9.797827139208904e-06,1.204431249700387e-05,3.3471606949319976e-07,5.645457183626681e-05,2
0.09039752446897567,0.03120272156610708,0.05077373500969062,0.001560432237370322,0.01655635333366979,0.004554065373981028,0.0017998658033599507,0.7989116087418383,0.003209554672890168,0.0010341387921171726,7
0.5854916213393698,0.018853792594571143,0.18631108774009003,0.005238365417237545,0.008784485853111078,0.025297707709332203,0.1203909841166597,0.040600993909635744,0.00700573866401024,0.0020252226559825605,0
5.135536613323144e-06,8.328261511712537e-06,1.376254261063361e-05,1.725850577503579e-06,3.7175433494295313e-06,2.318711962007798e-06,2.309694536268213e-06,0.9978856010760911,4.60690775291072e-06,0.002072493874995077,7
0.40533612123876617,0.009357323325102276,0.41946059507261685,0.031237559897335773,0.006972114311242295,0.010148034674274574,0.07573049851187133,0.0338284932800289,0.0066004282932371075,0.0013288313955247743,2
0.8646332846062454,0.04261882502574029,0.02033449642407803,0.024936616931922378,0.004497259578152359,0.006835172302487125,0.018936041055122785,0.012647368857835638,0.004005544804034626,0.0005553904143819094,1
0.37012885738219253,0.04840098955655205,0.03221400494170579,0.19713507694851828,0.015395360352369877,0.015532740717123307,0.007764627021406956,0.2862763729422455,0.021239354349097975,0.0059126157887875435,0
0.9361526370066025,0.02899886821605072,0.0002649274958773049,0.00022146894843642063,0.0009498070116857166,0.008753007951405755,0.0002375025569021411,0.0010547210266160837,0.0217952974082595,0.0015717623781639175,0
0.03339151332788023,0.2907687020606768,0.023755717012318316,0.012043207606180804,0.023241541023581964,0.24820230161114804,0.023041504066136937,0.023486321862477205,0.2953189576051657,0.02675023382443426,1
7.10657170101473e-08,3.068711800087076e-07,1.3687629942428996e-07,6.939573159912645e-08,6.040646679016428e-08,0.9995268572349965,5.592893230669388e-08,1.1132900834735122e-07,1.5095779789650613e-07,0.0004721799338700704,5
0.018219474860622094,0.01577211646657131,0.0020355877394879255,0.002030824500546601,0.001855971832913663,0.9492274079030609,0.00782359860277242,0.0012452695694065122,0.0014224199747692732,0.00036732854984924674,5
0.38772764793574843,0.018043513406217567,0.05654268781833561,0.10068990544036134,0.01092384397434434,0.017144258943031176,0.3820298442428086,0.006938781536880651,0.01860521318061356,0.0013543035216583529,6
0.020570303156788296,0.9146551910994354,0.005580458414395492,0.012980005442748146,0.0070382536025642315,0.005239319062047786,0.0065335687319001325,0.024027506741582175,0.0015418101282230333,0.0018335836203149083,1
1.9922624689155848e-06,4.3006793034038765e-06,0.9966028866184765,1.9638842904882725e-06,0.003331462210058432,1.832099234101918e-07,1.7795453147764094e-06,1.1074986530418575e-06,7.930071326393959e-08,5.424479079763383e-05,2
0.002876279608842567,0.8787629262329337,0.041037951634281346,0.007239905881407476,0.05919754576148835,0.001262335570571523,0.004276443062076989,0.0027934871628922807,0.0006981913745940824,0.0018549337109117908,1
0.9986744442921055,9.99534317076475e-05,0.0006690590844855142,7.1139466215594e-05,1.996299417403939e-05,0.00032718828162092803,5.390188527479233e-05,3.727071062041523e-05,1.4508419685022775e-05,3.2571434110663585e-05,0
0.99066541971115,0.002440795192245749,0.001847854956612914,0.0010631963045928427,0.00015551560066837618,0.0006329084071521405,0.00024710116626438914,0.002699045255422647,0.00019370133850958837,5.4462067381357975e-05,0
0.774269533887792,0.09723918067196137,0.029725920489330322,0.04774396337617806,0.004025303704988621,0.005224510650723968,0.019313312230928577,0.009887659658856478,0.011892721853181878,0.0006778934760587278,1
0.0017885516807603467,0.0004201944926217822,0.008123786364722819,4.841972723452647e-05,0.9873916676652963,0.00023099914306460128,0.0013855677672444436,8.100884413403636e-05,0.0004714156177856121,5.838869713562562e-05,4
5.7536451455295516e-05,6.355483551787924e-05,6.690926591756895e-05,2.060298298874607e-05,0.0003839984560555769,1.328010215986322e-05,2.8418325633002904e-05,0.9980905962289027,0.00012046875710647597,0.0011546345942624245,7
0.0002763356466601864,5.234681129453643e-05,0.0006699014825072014,0.9930334819973049,0.0016184459658262497,0.0010608845848685427,0.0010078207481507844,0.0007667870009495361,0.0002520455564297103,0.0012619502060082558,3
0.8791281837965439,0.01777834583205346,0.008440552494620059,0.0013575028734634468,0.011570974876093097,0.0037751608599277354,0.007737520532662529,0.007809783726487968,0.06118317028287848,0.0012188047252699688,0
0.0005269293798497352,0.9987023469262795,0.000210650389002519,2.479256915556829e-06,0.0001315709367888852,0.00015750768694359338,1.2662262410125566e-05,1.802290639731414e-05,0.0001225502657709558,0.00011527998964193354,1
0.10360447783632869,0.016589081628804857,0.15274940568570303,0.01551454039346808,0.4655153250594672,0.017214320689371992,0.20010211903330047,0.011615813279734474,0.008684457546659412,0.008410458847161906,0
0.12522041043194929,0.008044149442564798,0.04412856050041297,0.026726528452548366,0.057077285712755874,0.006835194454594197,0.7189516402671091,0.005869469013542133,0.005636271219492212,0.001510490505030994,4
1.5820708913739737e-10,2.1023674263969153e-10,5.186240339262139e-10,0.9999948697525044,6.160211002059149e-07,2.5156170290581315e-08,1.2714918945567166e-07,2.1182509840677984e-08,1.12714890566176e-08,4.328579969029636e-06,3
0.3437498741776081,0.1908620751712715,0.04333919904970652,0.20621076930473786,0.011861376965891752,0.018212529780712226,0.14956775123722327,0.023008874947753003,0.011858882352455307,0.0013286670126408451,1
0.00018329292439213572,0.0008897765998434687,4.596680954461565e-05,1.587946704149937e-05,3.2309810841994315e-05,1.2197039163718057e-05,5.97771195749589e-06,0.998500510295421,2.8902963112043577e-05,0.00028518637868207565,7
0.001609463917289977,8.236051281043732e-05,0.00018967235128780545,0.0002974638061065188,3.022365587549097e-05,0.00014706622521909362,8.352322048890274e-06,0.997136923380803,0.00020750990555987918,0.00029096392299902686,7
0.007222898553946426,0.006310973886649947,0.002854443547723661,0.0011208634634048244,0.0006214609164675666,0.9394873884364411,0.0010086401362191123,0.0026461570495177403,0.004342817941545148,0.03438435606808429,5
3.76643233523289e-05,0.00014075573347984772,0.0016659525986194087,4.755015391210985e-05,0.9958534595795736,0.000924188255810965,0.0004131395641677452,0.0007963276906407334,9.542731099628687e-06,0.00011141936934384061,4
4.3639621580561206e-05,0.00012021605927294278,0.00041836165577318707,7.815873215678394e-06,0.00015028598001740152,3.3124920292698286e-05,5.106415257516748e-06,0.9214307191887756,1.0137563180980126e-06,0.07778971652949622,7
0.0116606613357646,0.02681802603167495,0.46954282634760947,0.00832980322914792,0.2364503196557307,0.02477841763580325,0.011678597266460946,0.04774661208702397,0.011238621778528107,0.15175611463225602,2
0.4886140290452547,0.06242763122526143,0.06562420952037229,0.25361967769080374,0.012137997813097613,0.029106715699477714,0.05879539525999076,0.013223376819446185,0.015085763946877719,0.0013652029794178273,1
0.016173425671046838,0.0038571397385434732,0.01246080173571734,0.7232586980700952,0.05937250250218003,0.001343625490613757,0.08596190634086441,0.08981566859622248,0.005411768422054028,0.002344463432662694,3
0.8747427147861413,0.006331063285737041,0.028408312927423525,0.014999765381749632,0.006859240642088785,0.003438316045499213,0.04713756696657505,0.013286773230826283,0.004495761702164709,0.0003004850317945854,0
0.00045946298560369854,7.400082405723607e-05,0.008081303448369239,0.0002142442033426268,0.9842925270550892,0.0003647987048168688,0.0004954247757632255,0.0034203535971189386,4.271860003512881e-05,0.002555165805804241,4
0.9879543600456648,0.0057477553596642925,0.00043476233375910374,4.264686019626293e-05,0.0012140632848601954,0.0021183876494097922,7.213341054424489e-05,0.0003011427302487616,0.0007859492418220761,0.0013287990838299112,0
8.579546941316494e-07,0.9991642809138768,1.57234688046534e-06,3.4653289423269216e-07,0.000276504915545316,0.0001490509625323957,1.0984690084773152e-05,0.0003215897083514158,1.1943070473431943e-05,6.286890466743619e-05,1
0.13600814276326556,0.17005400452687955,0.37323784078708105,0.010408528417207541,0.03799567084843165,0.08661906112052692,0.021590529062079596,0.14158576621401187,0.013390911214668996,0.009109545045847049,0
0.683438299711141,0.0203566878482881,0.039204613844408084,0.1005043976023643,0.027890803353960478,0.019518535178666117,0.08625787497815496,0.012891357693113843,0.009112225734917915,0.000825204054984513,0
0.005721537031236019,0.003987677485878357,0.0005417262429841004,0.00011219048586349818,0.0010142201644948317,0.9722520963947815,0.00024041188908205247,0.012336419826417686,0.0013355387104300525,0.002458181768831572,5
0.8477596611502789,0.009053915046462633,0.03726118268101227,0.014708261907760648,0.006248461081519394,0.03657496254334512,0.0362764374861968,0.006343854536196004,0.005168149807568674,0.0006051137596596228,0
0.343414290869551,0.015898875492373576,0.0695047159840493,0.05462663791864405,0.018692960906682557,0.027701131891149956,0.4319245309452475,0.013892915989796768,0.022199350762289908,0.0021445892402157884,6
0.697669867384766,0.010130854983402684,0.01953989994498997,0.1524910539185271,0.005645013587617191,0.020180047714829903,0.068530856154878,0.010422719348628486,0.01455088849942967,0.0008387984629314616,0
0.00015383382871497737,0.0002929708179823444,0.9498987156990377,0.00015345091203469133,0.045724095565132176,7.349041505836354e-05,0.0004049204234031603,0.00047043786294188514,8.787749593649799e-05,0.0027402069797584977,2
0.7372708190154604,0.00714071605850175,0.015074597542018108,0.2117653426382633,0.003464104635221551,0.0014684977222006635,0.005892419469945149,0.013149184783076369,0.004407605251172814,0.0003667128841401388,0
8.498262433169518e-05,0.00011228330193767157,0.0004270477665883124,1.5138715527467483e-05,8.291940606272345e-06,0.0004246296898677393,3.256584094027849e-05,0.9891825819963853,3.3940860011483554e-05,0.009678537263803662,7
0.6730469366131238,0.09462205586414925,0.04898891158274975,0.040214963299501645,0.007623350996162001,0.010724341295490268,0.03933177014725245,0.07159937056119109,0.012698589185659423,0.0011497104547212524,7
0.005666370405066631,0.004314218194500807,0.00399939143099147,0.00014598729102759917,0.003088218509245747,0.9489524734351843,0.0017202969052328323,0.0009068459361942352,0.002031552655536603,0.02917464523701968,5
0.009374258835373225,0.012489059829930368,0.007375273445624121,0.0005753462140214126,0.0061558658855827226,0.00038659652609428615,0.0001706602871453743,0.9608601777709126,0.0003379147456792069,0.002274846459637117,7
0.003594713976037153,0.0013341285972859034,0.0069576649791365675,0.9650583251652665,0.0053224718112784624,0.00445379325581816,0.005282744646281077,0.004606254832619616,0.002668651938130488,0.0007212507981465715,3
1.9775932049713596e-07,2.9904084405882914e-07,0.9997430287486373,8.77914777817695e-08,4.369465090576878e-05,3.624901229586767e-05,1.115944124162077e-05,3.8779147537971995e-05,1.1807423149451211e-05,0.00011469698458978381,2
0.8305949831300706,0.020149024837896868,0.0020248465382321293,0.0011379923295317485,0.016723277100446736,0.07094944801532083,0.006086654300683743,0.009804836532006854,0.009402312236140376,0.03312662497966985,0
0.834009878277981,0.0015099846314195794,0.0005707034716380184,0.0005418759694304149,0.05771864824120412,0.09684741137114755,0.0014440122862642499,0.0019225159511122238,0.001713017146033877,0.0037219526537687064,0
2.2198428005513983e-09,0.999925934155565,5.8104937236057355e-08,1.313335761101639e-08,7.042863765771409e-05,5.844225712571453e-07,7.059423276355932e-08,1.8219930136336144e-06,6.869594370742069e-08,1.0180428782932404e-06,1
2.833666800452916e-09,5.857499769496783e-09,1.1741811263736787e-08,1.5352532068409835e-09,0.9999843651321327,2.52549937831878e-08,5.800213677331294e-08,4.321870739430534e-08,1.82347963936711e-08,1.546818900195582e-05,4
0.00029149104474990984,9.874000575101088e-05,0.0005514832490994708,9.935335589005908e-05,0.9969211188798726,0.0001835684768604978,0.0012535829487762924,0.00048453026529822474,7.886928795890934e-05,3.7262485742961936e-05,4
0.9947772784966955,0.0007110566374096695,3.944046305830846e-05,1.9892052304694096e-06,0.0008869324475495528,0.001959426273638161,3.5735854687453396e-05,0.0015349230816075494,2.0974484891333665e-05,3.224305523164411e-05,0
0.21755950039717373,0.04886679691451215,0.29788011565997075,0.16736723159096004,0.03465999680599876,0.1035313206363465,0.05733934817854542,0.06537902498572687,0.004120185680025275,0.0032964791507407464,0
5.3854774157211336e-08,0.9998156184998362,6.806417131819683e-06,2.4248382385868512e-08,5.7069922368504185e-05,6.882567809761985e-05,1.278960461271507e-06,1.9685187023660883e-05,2.3508616654000405e-06,2.8286370258862744e-05,1
0.051852444606670295,0.00022298521381489063,0.002148434679744377,0.00010660280517232774,0.936432997897093,0.00039174203157274056,0.00024939792761569535,0.006386717720952089,0.002125321833792443,8.335528357189317e-05,0
0.02587088643757479,0.8543169641212476,0.0013325722971574369,0.00028769706936448855,0.003893372043088484,0.00525526322486401,0.00030598813220122657,0.00046446120868458204,0.10777109170191318,0.000501703763904736,1
0.1685282009721364,0.03312811945328158,0.06920344900451085,0.08223393042970434,0.03814920417843015,0.07045719352809215,0.5003906310850693,0.008239798461029863,0.023418299262511617,0.006251173625233438,6
0.003065877063558825,0.9786682799369818,0.008334271020492341,8.414159066104012e-05,0.0020573599907035274,0.0024627820431588916,0.0005683082216252454,0.0021539143900237705,0.0022540609821369863,0.0003510047606576559,1
0.07133218079360339,0.002761105037517657,0.012001544004738664,0.0027821716363845665,0.008382398956088307,0.8350281378292768,0.045556972952137405,0.013071761806112005,0.004278522940568408,0.004805204043573046,5
0.13460307407355754,0.025324231637581365,0.020257273330597583,0.0045271697667528974,0.002461401565873967,0.7574317546188004,0.0075708922189266226,0.004382601000674621,0.0373280249912236,0.006113576796011264,5
0.869580381237678,0.006764864590286412,0.039595645858499715,0.00047987284043637653,0.03515352051910663,0.019184279307793865,0.02114522139809943,0.005672404851144826,0.001139111174596774,0.0012846982223576043,0
0.004584099113274611,0.0012286697449090881,0.9189557871359998,5.1007902516551464e-05,0.0652954509448877,0.004105166820020315,0.002499101878495015,7.107774995954204e-05,0.0006861537157737755,0.002523484994163665,2
5.057211353765454e-08,5.336734504072897e-08,0.9994526245530782,5.5118828734900625e-08,1.9918821213830656e-07,1.1308985259040872e-07,6.570270729306709e-08,1.378580004464021e-07,5.810364195341149e-08,0.0005466424462203303,2
0.00013108526046190196,0.0005459968064181061,0.0009899053630854446,7.38683206874152e-05,0.993537973917125,0.00019885509991523267,0.003996045201762384,0.00045870085403090376,1.4189720662659071e-05,5.337945585098645e-05,4
0.5509051305322124,0.026896673369282472,0.01511963424997923,0.01000108575433873,0.017332028603794215,0.005934110810663759,0.015639461359493977,0.3572060760067533,0.0006594254124279061,0.00030637390105443574,7
0.0002552487312016105,0.9899619897779673,0.000176022196125374,1.7580827608168196e-05,0.0005781764921013289,0.0009207865158560923,2.4698748416344414e-05,0.00013272482760334214,0.007494444292180886,0.00043832759093911635,1
0.00025276357138119353,0.00016068620841716357,0.0005449082358656168,8.226523566141994e-05,0.013638836343281172,0.00015524141611184398,0.9798275098434106,0.0004705172062357534,5.186484550378133e-05,0.0048154070941318974,6
0.40794660744030115,0.009460962251810572,0.061994125350977376,0.04320282177873176,0.014002499722922836,0.36834917698557135,0.06235496535813065,0.01375973416376052,0.016442853895537998,0.0024862530522553657,5
1.6613707237299152e-05,5.3791796113832425e-06,0.9982050379453553,2.4781741822563744e-06,0.0001575571181722773,3.082771624088033e-05,1.2217370227526801e-05,1.1828125210420678e-05,3.8056398937277155e-06,0.0015542550238691832,2
0.5568655602607603,0.013534147258514349,0.054759289618607224,0.020852884786047163,0.012423443527705922,0.10973232049246223,0.0066987367009974244,0.013702880002771079,0.20997650352655312,0.0014542338255806846,8
0.967200269695621,0.007330052036235563,0.00043732847235961254,2.8625826838556557e-05,0.0016167477444109036,0.013933210117499843,7.668427361547082e-05,0.0017838070948227903,0.00011062386492411311,0.007482650873672377,0
0.9075017155388053,0.006356104405826039,0.05399376525279417,0.004177829535052183,0.007914821036035503,0.0040039187134781155,0.00624909038163007,0.0020010040389953107,0.00764688965336211,0.0001548614440213621,0
0.004222067658783988,0.00042147692757378715,0.8417764445654101,0.0001052195411130473,0.021584329280430945,0.0008688103460541312,0.0003564714502646191,0.11968372125517068,8.765364475229427e-05,0.010893805330445832,2
5.797114505483354e-10,2.4132203744164842e-09,9.665639045485088e-10,3.33371804691225e-10,0.9999750584042344,2.1379127937801898e-08,1.9906253555647726e-05,9.437910676369142e-07,1.0285115460345e-06,3.037367600634975e-06,4
0.0004599490864624177,0.00026653940778391426,0.003445620404611609,0.9906827100527377,0.0007509056719531901,0.0004953334163955977,0.002412516130094399,0.0006515337328627668,0.0005752400799639957,0.00025965201713454815,3
0.6789934461416419,0.010025940980868585,0.01978069348467281,0.11852870390943736,0.007099283497602348,0.0184837216904428,0.11759522108193236,0.02300712812922983,0.005738296058097906,0.0007475650260740622,0
0.0002685903061570998,0.928305314386306,0.06932306152147948,3.681241438865836e-05,0.001270601926764438,4.754960917390894e-05,9.180121797879453e-05,0.00011079952567245929,2.7502071680107422e-05,0.0005179670203988118,1
6.543303974654255e-06,1.5341671285916513e-05,0.9942345064061484,4.364530790511391e-06,0.005511319173975538,4.543696949998262e-06,0.00010525265562015642,0.00010323726028153779,2.5134621922938313e-06,1.2377838780995874e-05,2
0.9809597153746648,0.0003106528399637448,3.635185377060646e-05,1.8241673683599778e-05,0.003616588596067915,0.01152919840662876,5.3031065626406566e-05,6.511809026620577e-05,0.003168592788010723,0.0002425093113170576,0
0.8986212487959754,0.005691135432621706,0.0352715168079168,0.0015670628498781344,0.0044743526745317595,0.005548326331375154,0.0468733558125963,0.0007866191812233047,0.0009323542345206568,0.00023402787936013572,0
0.0012723953932432966,0.0002279191687514734,0.9883099561329841,3.832751172082115e-05,0.00023125603406787273,0.00014521958507300185,7.303043693098565e-05,0.000540777504626654,7.234647959055133e-05,0.009088771753011373,2
0.8941029734130184,0.015304810545607277,0.01645371742120709,0.021333300815091,0.0029761729537231235,0.009042396373746292,0.015236388333670749,0.017580602015322872,0.007250409703870538,0.0007192284247424988,0
0.02522372404590239,0.020343170593192572,0.19098953286333695,0.0011794869616339402,0.6349041687229727,0.0031888318857556533,0.04136562391009457,0.04735562791705499,0.03402932517526342,0.0014205079247934607,4
0.631265658341008,0.011143241411091706,0.041893867905539416,0.07277580937286089,0.008116867617188075,0.09541084555890338,0.10767308878823834,0.016090116220389687,0.014702397194534922,0.0009281075902452724,5
2.496632744602683e-07,4.751249506301785e-07,7.20141503978634e-07,1.6704009856533653e-07,0.9997652838360214,2.9313272123077725e-07,4.3740497084446995e-07,4.5392686820806704e-07,6.603125931596979e-06,0.00022531660365911432,4
0.008201404060969515,0.0018576698010672,0.0003781869981884102,0.00026244139061600794,0.002646680598420408,0.00620555023302762,0.0006583779895997191,0.00033230147270233194,0.9768470241683598,0.0026103632870488483,8
0.01423742917196381,0.01597077071337801,0.008352027569758261,0.0012895082476140156,0.9173443376453492,0.001993226791427677,0.0026700603668585892,0.003440539441186913,0.003871438727373718,0.030830661325090217,0
0.0013101454259776084,0.0006175856163671378,0.002404824884913007,0.00016419980703934886,0.9931668321298537,0.0005139301273544584,0.0012666393069663104,0.00034419145093484137,0.00018753765779175752,2.4113592801625182e-05,4
0.5088278250228825,0.013011992457203404,0.03710455323021892,0.3487890327669094,0.02870597345630754,0.021899604766110272,0.015539321387637426,0.013948124012186711,0.010945003481039838,0.0012285694195043459,3
0.002077419752651255,0.002049014331294977,0.0267296891440277,0.0014358033147180268,0.9091614813566945,0.001587548739444358,0.05475480187722406,0.0014173547796006254,0.00029127578780468696,0.0004956109165402738,4
0.014023053724506322,0.9275156682488844,0.02763408059718002,0.0003260819848975719,0.006458142291473883,0.0006319011289155526,0.0015835086133384117,0.0064729927117765105,0.014334796781704027,0.0010197739173233484,1
0.02361648863505511,0.034873013024742015,0.8164258004159254,0.0015603169402467923,0.013170601438837398,0.08860122856976257,0.004369332756304563,0.005930146597051894,0.009657353677294575,0.001795717944779371,2
0.0016384996123244436,0.9374457724343411,0.05161033424891299,8.871416054512687e-05,0.00310739639517327,0.002902954526683945,0.00025472278707312985,0.0014121198568522984,0.0011506495234853123,0.0003888364546083242,1
0.0032958245417555373,0.002473135974365053,0.018708254795051664,6.721767108050116e-05,0.003159816882404605,0.0036681693904139947,0.00022824253412861777,0.9658228031889594,0.0015504150224373325,0.0010261199994036749,7
0.9614275985846826,0.0006206338517925924,0.003635350817949159,2.6313216159247745e-05,0.0033284010555486077,0.005306666844359159,0.0004966200045293693,0.023950380501113196,0.00018913511647272274,0.001018900007393058,0
0.00019597046024312864,0.00014157472163596002,0.9846200246137031,9.998233902657017e-05,0.012502034498248958,0.0007356612150116168,0.00015259171861276537,0.00038790880266061084,6.872056960683118e-05,0.0010955310612502955,2
0.012533280283268694,0.908258657056656,0.03595985084506556,0.00026194520496283406,0.013808378227070806,0.01904741431701572,0.0008993914918333364,0.0008561599881516471,0.0023026806401176534,0.006072241945857966,1
2.746759135324804e-08,3.146072044139153e-08,0.9997683880785193,3.667190813645406e-08,0.00011268238224108011,1.7028331882277163e-06,3.4184284965845625e-08,9.331690861366107e-06,3.991647364593923e-08,0.00010772531421129369,2
0.5351820541905318,0.011739144238032346,0.14620050044738445,0.0015599376657162997,0.04270680776056247,0.015877062170488402,0.0013777457847809862,0.23582723573191533,0.002126241041639151,0.0074032709689484015,0
0.02495480599385219,0.8570102183012055,0.0063216493371519265,0.0009850801596683867,0.06493262581933026,0.025093213168732753,0.0011547767343250918,0.01647054225241521,0.002165827150437737,0.0009112610828807988,1
0.6709113519215709,0.0632625010254004,0.18366547048419252,0.0031716124464037207,0.0047066011398507555,0.029268460395599556,0.0018462275396269514,0.006899710023178658,0.03538946889704229,0.0008785961271339792,0
0.011497718745655389,0.013811866602544836,0.01691418570633,0.8097161504226391,0.004121396245027475,0.002882436494338456,0.132436566814981,0.001965768650189648,0.005905099775481746,0.0007488105428119921,3
0.022643218480119666,0.04662225679254348,0.1444600823110649,0.0013520433211726033,0.014801759445617652,0.7464929027040662,0.006346193635267786,0.008430135742221468,0.0070350707971140805,0.0018163367708125273,5
0.9276061034474069,0.006728865539179417,0.003520539186982909,0.0015770394885538472,0.014342086057585494,0.0016549176280519385,0.0025971965768773475,0.03457552774502104,0.0006772152404556463,0.006720509089885426,0
0.030462206439786185,0.1377406346112965,0.00032268597741786704,0.00014459555348093697,0.008449017952018691,0.8048930780386678,0.00013575089692128425,0.0011981530951633474,0.015888956061836327,0.0007649213734108298,5
6.157422396403014e-07,9.23359208613576e-07,0.999286550750405,1.5326196227001908e-07,0.00022105408038549767,6.105882140289485e-06,1.4137274731766725e-05,2.819540005727012e-05,1.2272595771172674e-06,0.0004410369892927891,2
0.0012130228552463377,0.00034231427300454576,0.9817805480513204,0.00011629567493140406,0.008064849555886664,0.0005370356302531591,0.0001914248996392481,0.004355222998593605,3.263316969259169e-05,0.003366652891432128,2
0.01427412171881259,0.0022912932252007186,0.005131917084850815,0.0003663218757127302,0.14666658833467497,0.00030263635849079814,0.004879992158094835,0.8249538781573089,0.00020957431857989627,0.0009236767682740484,7
0.00014436894667854065,0.00023085968647403233,0.0003959184152736766,8.710783690206459e-06,0.0008370836401776563,4.492957374368837e-05,6.915000733877076e-05,0.995579951978725,0.0005950853986955647,0.0020939415692030044,7
0.0026607386330190544,0.9896355922707853,0.00034765324947699366,8.046240233458859e-06,0.0004469965739593894,0.005027077088654173,8.70531924882706e-05,0.0014960874831097186,0.00018878111035058707,0.00010197415792279998,1
0.0001031766886164061,0.0015186885232608114,0.0013385033344310965,0.00013572407447957725,0.006103959249683953,0.00021961119806831745,0.9893094780665247,3.7799007782588764e-05,0.0005593651042458863,0.0006736947529068093,6
0.8324361358048756,0.014506327369842191,0.014786079362279334,0.06314668910554293,0.003691907637694271,0.014412474954562894,0.02972409457972693,0.011965194174474196,0.014132153327179051,0.0011989436838226117,0
0.9999856534426746,9.499025822368482e-08,2.3778262512901267e-08,1.3398348788695226e-08,1.9204230464949366e-08,1.7369390191616738e-07,1.2667057409370646e-08,1.3604093039173409e-05,2.242705579504131e-08,3.823051710700616e-07,0
2.5467535340577747e-05,2.014944457931273e-05,0.0007590385022394895,0.9775406369765708,0.016773235354637407,0.0005547215730590569,0.004081110208992025,2.3308990880442623e-05,1.2965780709297139e-05,0.0002093656329914755,3
0.019829141177429316,0.003650371404205117,0.0030337024359585116,0.012908163711215144,0.0035342094791206966,0.0008039647904622425,0.0006110787777865808,0.9502556882036652,0.004737376143429908,0.0006363038767276208,7
0.2731492617588198,0.051736861127901795,0.19250407520418544,0.3762272770739902,0.020602644669304077,0.022731154533923367,0.023869257628397582,0.0189506828536181,0.015776091131961077,0.004452694017898717,0
0.32466796572209583,0.36074055014964146,0.11617864543934737,0.04758918778103929,0.014259749334698448,0.05501279909675693,0.020118800289903736,0.038154209085188885,0.02178504693829661,0.0014930461630315985,2
0.6424760909918271,0.020502312356465543,0.05776087647310446,0.07451520748962183,0.0139563392084765,0.012284938590138732,0.13590518212729674,0.03247129106393207,0.009158727739738876,0.0009690339593978215,2
0.011901761048295895,0.03270225741850806,0.2971597370690217,0.13294140925672826,0.030355698086002695,0.007188232498535463,0.4565859502749971,0.02417087299898339,0.003608163890105565,0.0033859174588216517,6
0.04893985606393013,0.7441338219416948,0.10879488560998385,0.002955158818954664,0.020508297783347628,0.005205508751234451,0.007442764137633012,0.040774380128866985,0.019826407362691652,0.001418919401662777,1
6.282954223604901e-10,3.5999715348681347e-10,1.4352591942730488e-09,2.2465454358113606e-10,0.999993274256483,5.8938286403284655e-08,1.636024485068634e-06,7.972458647311495e-08,6.315093678235699e-08,4.885257016037398e-06,4
0.032806682774315185,0.5648112926362017,0.2090750579518556,0.005741862747807204,0.02626139813618797,0.10681330090866793,0.010759665574304089,0.02957746394085449,0.011202728805023219,0.0029505465247825313,1
0.020406092066214982,0.9021678204198482,0.003504495111267858,0.00043855474780640113,0.0005588937892999434,0.002933963956725395,0.0003963886132184006,0.002525421368598065,0.06666924388098619,0.00039912604603448956,1
0.9965734412496172,0.00024431411178299587,0.00025945491776513705,1.258079932806735e-05,0.0012361591454436898,0.0012504948506737552,7.153614066466961e-05,3.574433922931206e-05,0.00018353515026181967,0.0001327392952330288,0
0.24106702105738537,0.03682251296476823,0.048956552326348844,0.5915209150202407,0.00983051083269162,0.011921041765578833,0.018668749854187355,0.020053046266661895,0.020229553227480622,0.0009300966846558659,3
0.04247465231025363,0.02282846651487691,0.10679299576592975,0.017141911581120432,0.10173548215505729,0.0967368583900423,0.3346853872478472,0.08257949994557792,0.05063000331016763,0.14439474277912684,6
0.00714959174145902,0.000691536452457699,0.002063195637982591,4.27336773675351e-05,0.003069430507998143,0.00012521024560545714,0.00012341412689653375,0.985162788800587,0.0009280287742674253,0.00064407003537861,7
0.9716977211661059,0.0002988570137317523,0.009746882875707269,3.841506296114804e-05,0.010157164593729968,0.003582986816936612,0.002582598037251764,0.0017505444072960525,2.870903033024432e-05,0.00011612099594943961,0
0.9837304544193277,0.006813537352016677,0.0005074602556657201,4.9995252985911433e-05,0.00021230344828271022,0.003425907145792919,0.00010380838987061155,8.864636175190642e-05,0.0049464937173879665,0.00012139365691803503,0
0.19343409853725382,0.011887265297554062,0.02399786711587367,0.7042402274226945,0.00901325948486218,0.00900042114158232,0.019146620271561568,0.02123136406071771,0.006319987500276677,0.0017288891676232882,3
0.0053975514851371306,0.0008466294629665994,0.009079391419305484,0.001412071985404829,0.008042592988839017,0.0019032898194880068,0.9669019543820102,0.0005584885792985387,0.0024093686803118774,0.003448661197237808,6
6.632640490187444e-05,7.13189127232231e-05,0.0028245491847561865,5.9434602297187765e-05,0.967969897754909,0.001023047553821615,0.0017627024281005252,0.0045899742713531875,5.5040776569304726e-05,0.021577708110568233,4
0.35840652428751,0.005568447924964216,0.006406660786601521,0.02310450581369386,0.00491109554054742,0.5155138235921343,0.026958195360540137,0.0156241715728816,0.03343128391945897,0.01007529120166843,5
0.04783814413253849,0.004605469085500196,0.0008153582612027517,0.0023084383056310672,0.0009039181927402135,0.0615599683638912,0.002409260399289251,0.0007999431276280766,0.8727069126705685,0.0060525874610102,8
0.003449702404400266,0.0011347125027569556,0.0004671092126785268,0.00019896830685116546,0.0016399414680063767,0.009369278361322262,0.0005971625132004764,0.0008672257617454931,0.9782011628396117,0.004074736629426901,8
8.073697858510012e-06,1.4070060227656232e-06,6.56938434260982e-06,0.9985671691217199,0.0009030270018586991,5.038653857297158e-05,6.645704612173305e-05,7.906878934131458e-05,0.00012436088776266046,0.00019348052639835646,3
9.30511685561251e-06,4.23737214255251e-05,0.00165219461413109,2.212448410637811e-05,0.9971419809994126,6.742479054031976e-06,0.0008840553296479326,0.00019477367105207906,1.745509776233283e-05,2.8994486551934753e-05,4
0.00029886620836183246,0.9935144254358135,0.0008576450845779318,0.0003930217203472362,0.0014777974654382041,0.0004199115701237965,0.001827557844957692,0.0007632331631757937,0.00028874408260774157,0.00015879742459603793,1
0.0009183218284460355,0.003335147326069432,0.0023129462919225527,0.9858802064273906,0.0020896187425428567,0.0005592627140978263,0.0012139026123394309,0.0013977091857804462,0.0009587018435429655,0.0013341830278681818,3
0.09514473224633141,0.06003932651971163,0.6388516135915415,0.07990100437402994,0.08540743548443477,0.007404132813500246,0.015937791671940146,0.008824394010972165,0.005779003329365953,0.0027105659581720624,2
0.0008578099769753305,0.9329037383177702,0.00013197292243133935,5.858883161577903e-06,0.06383775078515379,0.0004176640405276495,5.349524205152827e-05,6.232927721221276e-05,0.00017835543861417105,0.001551025116101908,1
7.090002847525787e-05,5.3103875389486305e-05,0.0001369340561062472,2.7636290404966243e-05,0.27616420751976906,9.043492669802847e-06,0.7235262834964623,7.829505960455005e-06,2.460837687909855e-06,1.6008970742130188e-06,6
0.0048523924367202065,0.005283464286520811,0.010181538563764215,0.0005667726275919078,0.009669526516349418,0.9171810811397042,0.0018322791251123244,0.031177839189102483,0.0010261656545401208,0.018228940460594686,5
0.008617975261188742,0.002589371746352028,0.0025818518383994367,0.0052541617309564415,0.0028187320837027166,0.0003845037086568369,0.9684780681350144,0.0007245970957502261,0.007948112225363095,0.0006026261746162207,6
0.00037149936806342676,0.0004776873952260642,0.00561619415694662,0.0003868825928952006,0.9657566178927368,0.0016985676853224856,0.02308317848161983,0.0007563230962684109,0.0008179462057598581,0.001035103125161207,4
0.0017553999071816336,0.0003549889421663402,0.001042958206040148,2.973794187645889e-05,0.002295795085613581,0.9911610844339486,0.00030772176947343994,0.0004840895349562561,0.00010094013710099698,0.002467284041642916,5
8.487975751885454e-10,0.9999906068186502,2.2283814513227768e-08,1.1409502767389003e-08,1.6265234452639682e-08,5.736876813712517e-08,1.400719096324201e-08,3.894626834078986e-07,8.559813759635266e-08,8.795937220439726e-06,1
0.03188050202539321,0.02437593965487995,0.0901818654569893,0.5857024880807181,0.052676142058564565,0.004473007087501891,0.18612323650751347,0.014373424678879419,0.008681671440969938,0.001531723008590045,3
0.00039217197728806305,0.00022801173793752459,0.001253933605703207,0.00019867669037724943,0.024804461841173766,0.0018632725605810514,0.9591271663107988,0.0006494769375914023,0.001956231400553162,0.009526596937995646,6
0.27903054286826423,0.01380671988456085,0.000542379154172975,0.00018023523484921714,0.00011920574051215594,0.6875375617255887,0.0005900412837862333,0.0035085542118790153,0.0077453904501534245,0.0069393694462338475,0
6.82922708728052e-08,0.9998294767444432,9.413818192126277e-08,3.287945300121655e-08,6.68355811510541e-05,3.8325250949758987e-08,3.9698771049312317e-07,1.627743492100146e-07,3.035881585697024e-05,7.253546133227685e-05,1
0.8967609009194906,0.004571126066000912,0.03542062361448743,0.015368842423275315,0.0029297412724772496,0.019722379106825776,0.008881301095504428,0.0062533365138764474,0.009785233119550183,0.0003065158685110217,0
0.009153940124887542,0.020014937654058994,0.02209490538021434,0.0009364671645998465,0.08779517983011341,0.009081354548126832,0.009273775377831674,0.006932513087640307,0.8299683123315649,0.0047486145009621875,8
0.019296987262967004,0.9264567253110773,0.005430891195006089,0.0006664921296386662,0.01358389982378791,0.016151087721040586,0.0006567818258944773,0.007678376330488736,0.0008792343995596797,0.009199524000539343,1
0.3250541964248598,0.009440298925303922,0.5202374819276289,0.02721896216680954,0.011020829819281078,0.032765477292140334,0.021225244078434506,0.030395923266576936,0.02149834948270819,0.001143236616257282,2
0.19692308348733525,0.020794025386153502,0.022160214148333197,0.016035614404763133,0.07333441045589502,0.00749325733209138,0.015573295923946434,0.6343880136130361,0.012165647944666205,0.0011324373037791262,7
0.29750809040591175,0.08954709711980864,0.005540828920849684,0.0030252196505548604,0.07002596222016944,0.003132147378254551,0.001956120446308889,0.5103930030530563,0.011864577576551755,0.0070069532285340404,0
3.2220075835671417e-07,2.485641857399328e-07,0.9994934456358903,6.854989826403805e-08,3.5659247453724414e-05,2.121917885010494e-07,2.1359037253785547e-06,1.3492034678036315e-06,2.3273804378472632e-07,0.0004663257647884042,2
0.4866923082532439,0.13323444431300538,0.04046525774243786,0.12089348261384629,0.05938510549926027,0.04655148148774164,0.06954965469671329,0.03115500884127847,0.010669584108988356,0.0014036724434852892,1
0.07124996086275828,0.06294853219849128,0.008309181088401377,0.0408840460290737,0.015229162312121906,0.004443677853175196,0.002388921625246196,0.7865376163760398,0.006519510476115241,0.001489391178576885,7
0.21459980258217587,0.44985540252651296,0.04357456454858824,0.11657157921574957,0.08892096140508968,0.00474704509431128,0.07048803031210873,0.005028695050739558,0.004673459255129184,0.00154046000959479,1
5.344517024071134e-07,3.924691057701698e-07,1.3921553503423332e-06,0.9995276228454498,0.00021131903168662038,8.513923260133758e-06,3.388692498961868e-05,5.659047965614552e-05,5.4377488650463474e-05,0.00010537023014902068,3
0.030791703231662235,0.030388489715714298,0.006568313511921617,0.0019762695815470563,0.011333006628948572,0.0038069887867610585,0.0006507582299210734,0.9135144843148091,0.0006660400758997184,0.00030394592281538104,7
0.00034929993261064655,0.0002103754129484461,0.00015649292107973868,9.949396773026883e-05,7.781550301329035e-05,0.0012102763741168015,0.00012678456095966168,0.00017386293234381334,0.995139020070977,0.0024565783242205715,8
0.005114340910421095,0.0014234842451726732,0.9870920903924338,0.0006172273957763459,0.0028510131697640955,0.00010620809747713655,0.0008492633559834166,0.0018068409854404006,5.972111659868588e-05,7.981033093255813e-05,2
0.0038296587595854806,0.3795265846901835,0.0020092024680197,0.0007221393955351302,0.007423456196567216,0.00016928584206793592,0.0002611761955267516,0.6052504422003568,0.0005039931936967207,0.0003040610584610941,1
0.005604482246367281,0.003145768105231444,0.0025449063654531365,0.0003111504241169233,0.06620813712954919,0.0037519369871579604,0.004148241417442446,0.0008374393968992304,0.9130795475941114,0.00036839033367110877,8
