0,1,2,3,4,5,6,7,8,9,Y
0.012828626360816723,0.07006562803249157,0.017342604737092454,0.1295589945883398,0.42013732241760676,0.17832126699191053,0.0013856755202314307,0.08056255162108772,0.03451136644837624,0.05528596328204648,7
0.9999862574878191,8.421164612190292e-08,2.8549348543635855e-08,1.1107024341202754e-07,3.2207446733460184e-08,1.1892587491719332e-05,2.2806569954130534e-07,1.1327435040683592e-06,5.223122692321824e-08,1.808455736429533e-07,0
0.0005799216445081341,0.9946081290321704,0.00037359510688620546,0.0005230082117664759,0.000293988405411797,0.0033687803086317387,6.244428765069535e-05,2.534184954204134e-05,5.834385200900366e-05,0.00010644730142381523,1
0.0016084533691765406,0.002476283753858464,0.9639858578563961,0.007162185257434302,0.008344881805508676,0.010992721535486642,0.000633512933158965,0.002048218439132239,0.0019695603439081654,0.0007783247059398153,2
0.04344700717957672,0.5146420116994301,0.15835632606215336,0.044685131070272326,0.03768245090726066,0.08747137656456631,0.024736372970571303,0.0768197683833561,0.003946591072140487,0.008212964090672134,0
0.9982706956548612,8.450070040754134e-05,2.3422713497198913e-06,0.0009747159804808295,1.9328521588944033e-06,0.00035456897081763606,2.2820908227131098e-05,0.00025648813499156185,1.4683509985128876e-05,1.725101672068779e-05,0
0.05476653503165972,0.003989707017576013,0.0007375369006721081,0.009116671936542241,0.8629089725467164,0.03389721119614223,0.0003587866058901729,0.02152701500512046,0.010145708365878909,0.002551855393801944,4
1.8548896040496956e-07,6.250979635129178e-08,3.2604672803933205e-08,3.611274301900701e-08,6.817199663741921e-08,0.9995403910591193,3.5820415950694714e-08,0.00040234303682661396,3.566431848408783e-05,2.1180876984705617e-05,5
0.007673424735840145,0.008412566728964479,0.0009162121062125785,0.00015505010228434655,0.04272915082873355,0.9252972841030248,0.00011213955046288477,0.01295681006896415,0.00044251186947548296,0.0013048499060375098,5
0.12822153935082492,0.05783206157339059,0.007558593561930161,0.7199441699917603,0.005659670520941157,0.0228938996600241,0.0011512738082142412,0.0459976713241153,0.006887490413266589,0.0038536297955328474,3
0.016845825214464278,0.03996976446491866,0.0018454685613122212,0.0082240343832493,0.760967664786335,0.0642002947637842,0.0024288558620924224,0.06967152728270905,0.024619246521733352,0.011227318159401726,4
0.5924112485554699,0.036868379868521026,0.0034571954559295954,0.009087014011634064,0.007380883156976705,0.2523791927928071,0.0005099531412731352,0.0736601770996423,0.010245952594970152,0.014000003322775848,0
0.0076926657592939285,0.013399046921720937,0.910316116682657,0.004450593556744583,0.004815890943810949,0.020264094087803268,0.0014692974067715893,0.01897981499266824,0.015165031248365426,0.0034474484001634884,2
0.026010152375269564,0.048683471102011544,0.0022223096113303423,0.023862934724619197,0.19915601712827646,0.6423799165924572,0.001505362180395679,0.04094922992207,0.0054583505373247704,0.009772255826245163,5
0.9932773340678169,0.00027130077510249936,0.0007377140567827534,0.00023134341134424034,0.0002600470391420663,0.0017953399264672041,2.9526049445595958e-06,0.00041901190235263803,0.002979605705976322,2.5350510070258864e-05,0
0.002548580669755831,0.9933606944874562,2.1968293591162826e-05,8.561088476192952e-05,0.00048118383184120463,0.000578155624540891,1.1909527582326614e-06,0.00023584772070192053,0.0022589128498479508,0.000427854684744984,1
0.9999601824739897,2.911417501736621e-07,1.2275722317860646e-07,1.0327821311944232e-07,2.565311584566453e-08,2.1890776841338922e-05,1.5457638146401438e-08,3.8262066158523335e-06,1.2098694019943574e-05,1.4435605926045772e-06,0
0.00048618373175520694,0.9652165015160274,1.6175057181018973e-05,0.0006890654551118799,0.021124690625114247,0.0039861021256374736,1.0797111909271856e-05,0.00562398528295861,0.0025946035143006377,0.0002518955800045573,1
0.9999730286179817,5.387074411102398e-08,2.311904645848125e-08,2.680893908230045e-07,8.689609957785267e-08,1.8484670574524685e-05,5.557428311815522e-07,1.7975581333767213e-06,2.0808754422656937e-07,5.493347653774008e-06,0
4.954144311757408e-10,5.44282076786052e-10,2.3214758785349613e-10,0.9999916585400266,4.924418206549423e-08,1.1766268745607445e-06,1.736516702780295e-08,3.0485195290388273e-06,3.815097732285525e-06,2.3333464417322101e-07,3
0.03925135361403869,0.007544287643799265,0.0024679882201774955,0.8270931684578336,0.011799737269627134,0.07968279525932817,0.023545651303018767,0.0011185296718619257,0.0015672053944038164,0.005929283165910977,3
0.000269431229094784,0.9938867106601024,2.1313382573703224e-05,9.61416298879966e-05,0.00022381408417307194,0.004971915091352243,1.587131674664798e-07,0.0003049823051799546,0.00018941421363256127,3.6118690835868866e-05,1
0.38466173778133333,0.03070485515004061,0.5588408628546111,0.017196567195523083,0.002023657401948212,0.0034974494836153024,0.00023954087243479837,0.001433537907281688,0.0010596399471566734,0.00034215140605500864,3
1.731472090377746e-05,0.9986721191182477,3.8152009055750944e-05,8.386077055565276e-06,1.1803640657643324e-05,0.0011282293485024575,1.7075112030553852e-06,1.6508627037828495e-05,8.326569245493266e-05,2.2513254881595487e-05,1
0.9909107603217082,0.0007805366548531554,0.000893870741888276,0.0009482265692138106,0.0003166624965094026,0.005338627612713503,0.0006077396095745252,3.513372252550367e-05,4.0999465097997704e-05,0.00012744280591564083,0
0.10020253219629133,0.8914477141661041,0.0006414407354445107,0.0005643375615240285,0.001641404370596264,0.0017089038319934994,0.00015443753432225164,0.0031370873072603506,0.00013645631279423766,0.00036568598366953215,1
0.0482616124429093,0.7621712424179475,0.15638058631744645,0.01613016153392639,0.000753447097464051,0.01459473277939837,0.00025967671795064097,0.00043617187803077163,0.0006286486365554524,0.00038372017837105506,1
0.987861587882235,0.0018565795909495817,0.00043082151339402625,0.002274768053325004,0.00021359714589355008,0.006934719878261278,9.286657358725122e-05,0.00011308127319828505,0.00013072026998947877,9.125781916612196e-05,2
0.010521800662881492,0.9631749992602766,0.0010576849008503153,0.0026650922472529607,0.00411655288238817,0.016476551855021,6.274854062332576e-05,0.0004305095081434971,0.0014052090483949703,8.88510941670986e-05,1
1.5392970344010814e-06,3.0281381275626554e-06,0.9993246976852072,1.016572943146701e-06,6.657511178584403e-07,1.81226281421641e-05,8.855852176043543e-07,2.9824689144170828e-06,2.7010106615437643e-06,0.0006443608626341965,2
0.9999976162045787,2.2329824468907343e-07,3.3003849129837337e-08,5.201848832735793e-08,2.4631934929014044e-08,1.9416267678430057e-06,3.403516513764984e-08,2.4553589774630527e-08,3.6949429991481224e-08,1.3677951213669037e-08,0
0.03150623546960375,0.06729879529720109,0.019273996198463303,0.05088280142861406,0.09598613296443938,0.4888729997653814,0.0035744546340946053,0.19839240176013237,0.012797314627852333,0.0314148678542179,5
0.9657345144439359,0.002236239250495302,0.00024380538337452897,0.002358689790987232,0.005296898007312727,0.0207209664091593,0.002827079165416681,0.00022698195754598677,9.787977873390836e-05,0.0002569458130380333,0
0.9958598062857575,0.0002540439101468082,1.6887651550639626e-05,0.0006363897317356211,0.00016507277534073603,0.0006372924268915644,0.002275006802348064,9.630755508651298e-05,1.582730963056908e-05,4.3365551512095706e-05,0
0.00561882534013949,0.070588391655574,0.0395956421433314,0.0031324327499293383,0.3161375355432276,0.14217297639583906,0.00221320805941304,0.12405872750206064,0.279584708451226,0.016897552159259945,4
4.48895672963203e-14,3.30442806929414e-14,0.999999779328839,9.905221703041188e-08,2.0464146700958715e-08,1.1121090552760754e-08,1.2500702342241488e-08,3.998947273688384e-08,1.815823246499008e-08,1.9385221183616767e-08,2
0.0008567924358679912,0.00020506281604488848,0.9975562927597242,0.0013664388973623834,8.012456862586957e-07,8.221381839642368e-06,1.05330405517854e-06,1.070736119415758e-06,3.8455611231589964e-07,3.881867188096768e-06,2
0.9992816291941344,0.0001349596319825186,0.00014400205195843637,0.0003165273354677675,1.7772677619230456e-06,7.816507355403149e-05,2.641521708195166e-06,3.2875654228109444e-05,4.7995292755066985e-06,2.622739929239957e-06,0
0.00889304963172318,0.010302672772588351,0.0006543406154500022,0.004095906893692755,0.8649357687239595,0.017596491269567027,0.0017704129932595018,0.07552271832966491,0.011901852313009775,0.004326786457085189,4
0.9999958402536631,2.7195566777248946e-07,1.8803507318077726e-08,5.184714263741121e-08,2.9977100145707617e-08,3.6627765095631695e-06,6.818356286485223e-08,2.338963858669111e-08,1.4609642389856236e-08,1.8203565301621513e-08,0
0.2931879920616665,0.22198794946984668,0.01406268172522839,0.05031424218292657,0.21833222826486573,0.10816943254459954,0.008154433832831279,0.027911013230447066,0.018187040155139465,0.039692986532448946,0
0.014935201099912148,0.05144013944937641,0.019494179530973578,0.03919378516343617,0.1544505053461993,0.6320523727186349,0.04847325721881217,0.010599578921641224,0.011571021344894898,0.01778995920611857,3
0.99933037954162,2.4594904109188415e-06,1.9257103110675642e-07,4.675971015828126e-07,1.7960542897959958e-06,5.8827687431946766e-05,2.8076605208017253e-07,0.0005418264934362711,1.7911236264793623e-05,4.585856236131068e-05,0
0.0021830961572293713,0.0006844918249581691,0.9970208717854981,1.7068149271857163e-05,6.7693668371244484e-06,7.485042004522667e-05,1.2265363927551332e-06,8.594549144218282e-06,9.950840236659762e-07,2.0361265992849706e-06,2
0.004602345189674119,0.4506233198273719,0.1290127084192186,0.3035440780778249,0.08451755825404915,0.01618822008865006,0.0012050914841117977,0.003588303979185504,0.001832011972788752,0.004886362707125141,1
0.5536358406020786,0.1600503300564991,0.015519206374944756,0.020954288332539206,0.15436389557846603,0.0514081431255105,0.011354212754114492,0.00806307781098788,0.016583259579579932,0.008067745785279244,0
1.0999833439286276e-07,0.9999182119911859,8.384178042837287e-08,1.1282275455866186e-07,5.659148343166624e-08,8.112817347810205e-05,2.8006992614793376e-08,6.950332591501335e-08,1.5667709399242805e-07,4.239357036860713e-08,1
2.688311258744552e-10,9.059414380614151e-11,1.5131113510799332e-10,0.9999943063037958,2.2020206280672174e-07,4.641498152095333e-06,1.1256182749648231e-08,1.6972022417633993e-07,5.671781030879156e-07,8.333074273668307e-08,3
0.25426467818679405,0.14445682556360268,0.0028908822031923644,0.04421236049999605,0.010956618081976809,0.4719316777534858,0.0011829183007595033,0.037777133880782264,0.028567084311943786,0.003759821217466931,5
0.0005458602216565978,7.671190627362241e-05,1.1945308761748203e-05,0.0004393638733403642,0.9889556246911945,5.429929320035557e-05,9.031214822814634e-07,0.003177726738387809,0.006672151238471024,6.541360723141533e-05,4
0.004840352025714379,0.3309176709453935,0.0009280204515637492,0.006405222111880525,0.6129511251189476,0.006012236133498701,8.957960323089371e-05,0.01869952781489877,0.015982498796476074,0.003173766998395833,4
0.023229222265294638,0.9016255278960182,0.018971413360582546,0.035810691240828134,0.001704645595707297,0.01707570518449731,0.00023265224880657782,0.000615335159251587,0.0003794581746817719,0.0003553488743321962,1
0.0012805968813745837,0.0041305280264346,0.9885310644551178,0.0016859848370327074,0.00042861134692406166,0.0031802810112391733,0.00021789612949144177,9.157759046806251e-05,0.00025521770241411376,0.00019824201950419118,2
0.40023554551337187,0.08759923416441684,0.01083305464138488,0.007114816269185029,0.11434970551038554,0.17066861904141162,0.001965192270770781,0.15652951140222457,0.009068213046482433,0.04163610814036676,5
0.054515988485214766,0.19425807412933868,0.10201463362940215,0.04413105351020448,0.08812350253484477,0.41375697881177675,0.06305682299118658,0.008345381415841454,0.009518654631854374,0.022278909860335653,5
0.012503676589934374,0.039545705851889976,0.01003677821859513,0.7345457644226,0.06279658688027363,0.06409950141571992,0.0032044298890237526,0.015092883064622158,0.05514940728442546,0.0030252663829154216,3
1.39984034566471e-08,2.028302520281052e-08,0.9999365357386854,2.450490107275284e-06,2.1524758201606347e-07,3.537560825700206e-05,7.981171439693172e-07,8.433696027975007e-06,1.5117257537879624e-05,1.03956322999204e-06,2
0.007556715765035106,0.0008308055177224369,0.9856780567690524,0.0028503592149475574,0.00013693990799855792,0.0009946261058036171,4.146462568428231e-05,0.0008403532300588591,0.0009996388634506595,7.104000024655539e-05,2
0.0040827684856420245,0.9512970971248392,0.027602368847203605,0.007921503430184426,0.0030548241662132092,0.00043251286715469264,9.233818133418e-05,0.004595758418365113,0.00020797961535711965,0.0007128488637062003,1
0.1229775765013928,0.007210412748886843,0.006304669554886218,0.024022638879179384,0.0014687456757164863,0.0014044875614936316,0.8346789233493956,0.0013246677496756537,0.000376648342735461,0.00023122963663836036,6
0.7768330386842599,0.07044720485483316,0.01406346711907005,0.01641988959979028,0.0008771721541381247,0.002023847951055859,0.00032686885489016676,0.11349657175364654,0.005141921282408527,0.0003700177459079323,0
0.016202481184041124,0.04999609492361869,0.020472992507699028,0.0356977670894395,0.20575915593233804,0.5536068147111279,0.029931875696706193,0.012634806829240071,0.0328502784366913,0.042847732689098174,5
0.07268181030006028,0.06447156691614815,0.022974825499099842,0.37211289022492133,0.0726130321588788,0.3198984073257667,0.022224623589545224,0.005853423101260596,0.019809914851059342,0.027359506033259602,3
0.9099527544691933,0.00017551630108515693,0.08933142291440518,8.062830643322763e-05,2.5397274273007342e-05,0.00016668016625490616,0.00021999915121841736,3.7546278595958073e-05,6.525661413589816e-06,3.5294771273652135e-06,0
0.00643535047138688,0.9839517313805693,0.006859281451792393,0.0001895025755871217,0.0001653951480102798,0.0020023551665611238,8.700138430740421e-05,0.00010297688516142651,0.00012716964572128802,7.923589090256927e-05,1
0.02083421831415201,0.024069159876639313,0.022835668800487582,0.7749147535638401,0.014242512483659351,0.128249159928675,0.005927969662068689,0.002092382032969609,0.0057564532658481915,0.0010777220716596829,3
0.05735484787428626,0.5563118766790964,0.018672445429595265,0.01785646392730568,0.2601650203278136,0.05382885093118441,0.00456080334626269,0.008838854912497028,0.017141879015419144,0.005268957556539266,1
0.9207959500503999,0.019161277465860993,0.0022282527635129174,0.0026565996872218328,0.004931836746860386,0.04175770812248151,0.002407614928720488,0.0037230071989953722,0.0004452741852271245,0.0018924788507193421,0
0.22426025135196484,0.009026034730098784,0.5156314430371086,0.23886846481268303,0.002938296956884126,0.002947448355275837,0.0027373110836316997,0.0012772880382113524,0.0009819204452313148,0.0013315411889104072,2
9.11890332959141e-05,0.0007327659545749113,0.0002586434765964941,0.9977518649154407,0.00012413876435248843,0.0008819668144775586,6.721531141619439e-05,5.72298257692879e-05,2.129853893737067e-05,1.3687365139283063e-05,3
0.0013410362263572239,0.002032714754996989,0.0014684850040074264,0.014240952058103568,0.973518461459478,0.0014821473698657698,4.217467216125186e-05,0.002104757006126359,0.003327480660274249,0.0004417907886294124,4
0.9985017164899571,0.000142153190507006,0.0004316124516454376,0.00023777374168186397,0.00017440685956202098,0.00016845745465301554,6.6954428853731205e-06,0.0002368544170323972,4.9201599879901814e-05,5.1128352195811356e-05,0
0.06899044063523736,0.009076249792845874,0.0035270253872274997,0.08018704626220748,0.8168935256442869,0.008868209059338206,0.0006076400405801648,0.008074383877987716,0.001517733920551565,0.00225774537973682,4
0.018827682335132212,0.0020523359251030555,0.0005063218600385709,0.003934658464516975,0.5154608921269317,0.4016421751764007,0.0015803776959631983,0.025768667021690155,0.02838174181028043,0.001845147583943128,5
2.457426824051371e-08,1.349804557870985e-08,2.1280535922487533e-08,0.9999503639928543,1.693064782783958e-07,4.106423619646227e-05,4.0172712888150606e-08,3.230131718014482e-06,4.742921201318788e-06,3.2988598927366253e-07,3
0.03427684714038582,0.06123473254797991,0.6080173512227699,0.02314243007076951,0.053324165587448784,0.1436629172302185,0.03668402404118835,0.01590912419690473,0.01600367878287847,0.007744729179455838,2
0.05243471000101878,0.09332027183883701,0.01691090648488372,0.1637051141623046,0.011740444189648107,0.06280869722559483,0.5764890659144283,0.004042258911813204,0.00677451978476297,0.011774011486708704,6
0.02670455916214136,0.08454376155036226,0.42750495824614404,0.04165036551487744,0.03865352817560014,0.16345478696851182,0.179641056999887,0.008228015182673902,0.02416217091382975,0.005456797285972259,2
0.013792844821742823,0.03401245945776655,0.01069372290498002,0.02581223714162591,0.44673209989137574,0.39265870027737815,0.03423858900808689,0.01107610276762894,0.013781371673744987,0.017201872055669615,4
8.043696095778254e-14,4.4376457044107425e-14,3.510285996370117e-14,0.9999998813484882,2.689323612438097e-08,1.681210710735284e-08,1.663278848426077e-08,2.7456599269590622e-08,1.6993710122356073e-08,1.3862911018377843e-08,3
0.9971880412083132,0.0024546612170906813,6.844015361206428e-06,0.00016378339201211884,1.0943784789593325e-06,0.00011504329750185386,5.762520316094015e-06,4.1734773613228876e-06,4.914065451512203e-06,5.568242811298714e-05,0
7.2181776692859354e-06,1.0182286027451438e-07,9.489193841677096e-07,0.00038301467667406296,0.9996084257296618,3.651953440411832e-08,2.8140037853863892e-08,1.5867307330820748e-07,2.1901564529583213e-08,4.543954012744958e-08,4
0.45539033417603964,0.32872338059530776,0.13344467121034298,0.021134274866590655,0.00973096046317937,0.0169230269180608,0.0024809131331681973,0.024659824266388707,0.003718827312383582,0.0037937870585377847,1
8.08968086312547e-05,0.00029187065823601854,1.3949756735422285e-05,3.629178352763881e-05,0.9317171463228968,0.0014486460160520577,6.754083626128754e-06,0.017023728707245445,0.03552057616174774,0.01386013970130176,4
0.9999993579110945,5.272766917851066e-08,3.2985968241120976e-08,1.0239877729871999e-07,1.936928873810291e-08,3.323946571987068e-07,2.8353505020643432e-08,4.4409453344088586e-08,1.788305395446465e-08,1.156653224970025e-08,0
0.012561545160550731,0.0021123202785559903,0.0002667941723877415,0.001968828286305778,0.9567278946907111,0.019136739480842414,0.0017996933690888725,0.002045390873981325,0.00029821637882011755,0.0030825773087559617,4
0.03619984442678932,0.14031178482539666,0.003818080095595046,0.023684743823910902,0.26181891036345967,0.10055239862212802,0.0025556310422882767,0.22764402406322196,0.13727340186090725,0.06614118087630318,8
0.9996626183907138,1.0127170160357035e-05,9.055834398575841e-07,2.3887683576963826e-07,1.2789567762741932e-07,0.0002450477738527716,3.818527887039988e-06,3.0386009183150795e-05,4.758604264209995e-06,4.197116798552259e-05,0
0.11432176164582858,0.12852988933246579,0.07668220111158348,0.07991189059343598,0.06337741298666802,0.13311507539686557,0.3767782950884859,0.009374327410693654,0.009979448000447373,0.007929698433525425,6
0.002486644748375658,0.0001384908738161953,0.9967958671365662,0.00012384232877629616,1.1022530601082796e-05,4.3554110567534434e-05,1.2497992483381693e-06,0.000379398857210183,1.683038207409045e-05,3.0992327641915834e-06,2
0.00015059632072287411,0.00011588216888143114,1.741140798022962e-06,0.00022866256358063488,0.9957426588872423,0.0020850496267077745,9.937307439042567e-07,0.0014904152514694754,0.00015702889652478665,2.6971413328829445e-05,4
0.9999847398933418,3.330747859267421e-06,4.6452787183548386e-07,3.422675106782645e-08,2.3764059050466993e-08,9.445688180954524e-06,3.1647828673456906e-07,1.494587230911605e-06,1.1568382945797784e-07,3.440258880565056e-08,0
8.405709574136838e-08,1.1160809977789673e-07,0.9998970041357631,6.917305392709887e-07,5.0585132552280194e-08,5.896461874403656e-06,2.3999578809945773e-08,8.463351263787882e-07,9.391770822245033e-05,1.3733785672740837e-06,2
0.004300402020011185,0.9772471401474876,0.0019297408009928169,0.0022841176883395065,0.0020656430903181603,0.002201676289366205,9.406226745332951e-05,0.0024141426499409515,0.006679354567859265,0.0007837204782309751,1
0.007182242968994026,0.013912742744318717,0.0012837392541213475,0.0015261029860670074,0.04834799515263821,0.8929723701576294,0.0011607696985447718,0.018355789165408164,0.009789926620537915,0.0054683212517405945,5
0.025541868883707484,0.0614106516948979,0.007484527252863713,0.045438288117257745,0.3345501878255846,0.4289389725639424,0.01684274503138845,0.018503355266733027,0.03682590263426818,0.02446350072935643,7
0.9966199496045515,0.00021292701217563462,4.357807031757041e-06,0.0004218680713139296,0.0003414292970656055,0.002243495377605918,7.423158402392887e-05,6.322141542112702e-05,7.325361002731187e-06,1.1194469807976776e-05,0
0.06555552672451474,0.8947984591035832,0.022904642186387554,0.005768904294184161,0.001772634583974165,0.003822766850008643,0.0009141654785699909,0.0014701304974655465,0.0015978249757996482,0.001394945305512317,2
0.9609394094786535,0.005648603857453492,0.003703477562794369,0.00933593087094087,0.0007666763519114145,0.007189591866681649,0.011603084825961578,0.0003525815398496058,0.00026745813893622135,0.0001931855068172009,0
0.9302787032800859,0.014764516219118675,0.0008186297032326221,0.0016406235386842833,0.002040966327645593,0.005087061591330868,0.00012127989014851748,0.009843987076735053,0.03437051827720074,0.0010337140958176542,0
0.004488692588629153,0.9796688948370003,0.0005227250386577655,0.0001383127865341854,0.0005748683445087655,0.001784461809234743,1.4014315354109218e-05,0.0023665581510804953,0.009822988579257615,0.0006184835497430668,1
0.0011442889557186648,0.9860152099556249,0.0001857793378434217,0.0005564972333737664,0.002774662077502816,0.002406444585038796,9.926997867696902e-06,0.003754773562043951,0.003067954325320608,8.4462969665298e-05,1
0.006858175526785905,0.0024348449528109463,0.04420865912250703,0.9344032756153793,0.0007359474897101282,0.008353975168401813,0.0020875465997522644,0.00030664633548004976,0.0003487841224787669,0.0002621450666939602,3
0.030663039632750046,0.010551863849321252,0.0016436424265998278,0.8102994923301527,0.11219487832460545,0.020367432925885727,0.00032425781595504365,0.002468668480622739,0.010024932883820458,0.0014617913302865653,3
0.04828938659194714,0.06728185014696374,0.002722611279307697,0.013224352520356027,0.021080988216212335,0.8394770010707727,0.0007568439589870506,0.0017011892968226722,0.0033091972148365694,0.002156579703794423,5
0.03933980346895963,0.0904730479868423,0.04976902940517727,0.10625735716636373,0.17149754689427368,0.35679626467020104,0.0427938109416121,0.05249208296285656,0.06773151920022913,0.022849537303484328,7
0.9999981841263534,4.5135678938808105e-08,1.0003056942393577e-07,3.965258299807016e-08,1.557159942239331e-08,1.6328080855195042e-07,1.3354675221830671e-08,1.339722480742802e-06,7.603509573140867e-08,2.3090155265428326e-08,0
0.9998321342192468,5.649800709473214e-05,5.229758397723136e-08,1.2630469499737512e-07,1.1495433724455287e-06,9.627225732809339e-05,1.0685685685063259e-05,1.093015846989092e-06,2.4753006319488837e-07,1.74113908382661e-06,0
0.007275959928078772,0.989888588935884,0.00010282457117448449,0.00016893151651293023,3.794212588017488e-05,7.255138590597873e-05,1.2702683736211706e-06,0.00010641873815512346,1.0414196800408896e-05,0.00233509833323512,1
0.9999799221244664,9.769028161361173e-06,1.3202231524463764e-06,9.839638053039736e-07,2.416927488982785e-08,5.651185341787716e-06,1.0459938203096499e-07,1.2730818748918785e-06,2.865441651777239e-07,6.650803755812372e-07,0
9.689770937309811e-12,2.1886063012983463e-11,0.9999981402713296,4.434787537220514e-08,2.0895913619468407e-08,4.113888497134818e-08,1.2970271042297272e-08,6.139910544584863e-08,1.5270750585382345e-06,1.5186998553560534e-07,2
0.00012742338279318942,0.00048051615538920444,0.00019119406001225767,0.00045209212032306046,0.9715781277723112,0.003373691827553711,8.681174875110009e-06,0.021688311043333155,0.0019002970775519206,0.00019966538585651514,4
0.3085135993407803,0.038341603222486094,0.008635037699250942,0.01740592263147094,0.18735681220874495,0.041355404059716216,0.005451961528985151,0.28571022631811227,0.09334905597157406,0.013880377018878634,4
9.110583052280901e-07,2.4741632697378475e-07,3.2853154860769214e-07,0.9993814940345803,2.3196595317544664e-07,1.7230749297379411e-06,1.9316739579312915e-07,0.000612845569726798,1.918260428056648e-06,1.0692080524258958e-07,3
0.9999949933665246,4.995660688620688e-08,1.0043925417486343e-07,3.7692389151874376e-08,1.7609511927935913e-08,4.382989703987907e-06,1.366681479456588e-07,1.567039848272683e-07,5.750314999968254e-08,6.707072623279043e-08,0
0.0072247916773318915,0.0026517922289777,0.0003932299208117232,0.0020707628747145502,0.8877394454438543,0.05148942570967245,0.0005736360162694067,0.04064159511666952,0.0031124850534956405,0.004102835958202941,4
0.9999643862400622,9.689454768411481e-07,1.4417088989378766e-06,3.771770593247339e-08,2.156027701013478e-07,2.2513113894134117e-05,5.026400459703062e-08,1.6644932416960437e-06,8.383761755773495e-06,3.381521896997247e-07,0
0.00803084927522111,0.002226875048420678,0.9654923124442788,0.00037274225416626775,0.00030926783487023285,0.0010568279666630027,0.00018566165366983516,0.021373519472478977,0.0007771540224503765,0.00017479002778080256,2
0.2931153748543311,0.017827653788153888,0.0036591541389771154,0.0027211197876319464,0.609255902733819,0.02202545963918469,0.0005158590698584446,0.0215403832487707,0.025464044592066765,0.0038750481472069483,4
0.04391749227417788,0.04810276325779154,0.013179350317599137,0.011293092995571224,0.04627521619872075,0.7765199018295993,0.01967178120302692,0.015109481990983154,0.0045037105579901785,0.02142720937454043,5
0.0781065983696464,0.057706219382665735,0.659150185121261,0.05790030730871645,0.011988047926346992,0.08654467368805574,0.012646565964096306,0.01340458368155613,0.005520329406795484,0.017032489150859583,2
0.9471486409943041,0.006999065417417218,0.004900193489302486,0.008975652953118186,0.001999156964980796,0.028119589765581935,0.00030429816012846257,0.0008536373540382975,0.0004485901518959321,0.00025117474923235016,0
0.02157669089138526,0.10555949863748351,0.43668101083623356,0.10187392965615184,0.13977127048884416,0.06397812888187468,0.0038060265427382594,0.032900137716639126,0.08677486839053393,0.00707843795811568,2
0.032303242669543444,0.5985630007100265,0.009015196392039935,0.022545877298105914,0.09548415033475488,0.05894292439153174,0.0020631552571854436,0.10995952490077239,0.03388342231329539,0.037239505732744774,1
0.008083735752832841,0.013776128358929938,0.0019077149896472728,0.0044607369679180815,0.8664496546369752,0.08162269074047133,0.006979093808929682,0.00237534278767816,0.004743666197501864,0.00960123575911543,4
0.9128361880705037,0.018217608918162147,0.013150726513737158,0.014259548935273123,0.004964276504968714,0.020608758762768572,0.0009653954106913126,0.0026431747902818576,0.006157207185198711,0.006197114908414249,0
0.0004030997157901886,5.0185315731318445e-05,9.779312637989565e-06,0.00010621335140121015,0.987501706198924,7.623599626698681e-05,1.456991132140648e-06,0.009352259636095546,0.0022109121688521963,0.00028815131316855446,4
0.00025829092908384967,5.453183090685575e-05,7.0694654578001965e-06,1.7024889932424738e-05,0.9917382290047044,0.0002846170015920888,3.5590175512065997e-07,0.007526850179785535,2.938629008191776e-05,8.364450670010512e-05,4
0.9958762236339755,0.0009666191763516082,4.739993398795158e-05,0.0002917813416159628,2.9868182583375403e-05,0.00046933353961535576,0.0021996591475803204,7.872901631364099e-05,2.445173432950671e-05,1.593429364618453e-05,0
0.030115613668432524,0.061477697743419164,0.017551861821285774,0.04644548746527603,0.19122625499174117,0.5755312539736515,0.03195648331700236,0.012626488814677077,0.011711554111998531,0.021357304092516148,4
0.03785522734491217,0.9364188823502106,0.003062382372117049,0.008548803618953684,0.000763792837900622,0.00836689366685358,0.00011498456686705473,0.0013752636144688274,0.0028597811961783856,0.0006339884315382607,1
0.06208773347532596,0.7741285346345206,0.0005855409654552977,0.15641663584123341,0.0006524920182110368,0.003988199862242179,0.00023668396982142056,0.0009828151376178923,0.0007862937526864475,0.00013507034288560619,1
0.9919609069371095,0.0005231693667328104,0.0009928252139312377,0.00041233797596590497,0.00023115321234556073,0.004574273407810406,1.4809698785615069e-05,0.0004649187654792406,0.00015956694505429636,0.0006660384767854558,0
0.5715657210448122,0.36858992014096875,0.0032644814721786704,0.04114135430649484,0.0015619241588147837,0.005287938244328237,0.0008451645364322677,0.0059029483817629805,0.00024933163419018614,0.0015912160800169823,1
0.0005486849774948931,0.9940946907301368,0.00026332746650226563,0.0009947819075082104,0.00017308175139866354,0.000269766595785427,2.0830396498019e-05,0.0029015970129899205,0.0005673238124673923,0.00016591534921857264,1
0.9762427406566222,0.008080906536401974,0.0009251321805756085,0.0009773238313195711,0.001591126430498902,0.0004389726744708679,1.924526552058853e-05,0.011243870222287409,0.00012194163076223124,0.00035874057154005977,1
0.005782485397507388,0.05068923798894018,0.9339976257146755,0.0025974456591114073,0.0004912234692578892,0.0018134070285370433,0.0001259822053231955,0.001778303773973163,0.0023350633336395106,0.0003892254290347248,2
0.22574496920185722,0.03425858900791135,0.0034982257180365653,0.027164714334684793,0.09557745457285481,0.011850950319493934,0.001291352691807658,0.5922980562333477,0.002882736865853828,0.005432951054152035,7
0.044942560539704135,0.0593036582686425,0.0027829336059386326,0.003894315626189974,0.10506213254160504,0.010383686101330848,0.0013768108796787563,0.3847571570493003,0.382869085526829,0.004627659860780629,8
0.00040877137184985006,0.00013533317939880477,0.9948503804743826,0.0026968539950660425,0.00015688020020456314,0.0014224446728231923,7.01451432119249e-05,7.930165654486144e-05,4.363091450958264e-05,0.00013625839200932075,2
0.23834150735581403,0.020293122301833916,0.007994427044570627,0.64441231571213,0.021711238259746753,0.027208853654366382,0.016529333585377615,0.0013720229327907688,0.004287162021313745,0.017850017132056258,3
0.0871179258108895,0.03978947696459913,0.010906500510791499,0.8540870191823949,0.002059392644821345,0.004291183964315749,0.000871602055857076,0.0002904282709283882,0.00043923969933397583,0.00014723089606848895,3
0.00039371903582347066,0.00034813192172299736,0.994015197297899,0.0005714727020798409,0.00015629937595162916,0.0016364450369679051,4.657345916300554e-05,0.0008081565926469589,5.927398145697743e-05,0.001964730596288442,2
0.003931998934917048,1.9863258586828632e-05,6.297750464617737e-06,0.9959138255016643,3.7236744174532375e-06,1.212882767851373e-05,4.589570656115147e-06,4.0490547814479535e-06,9.970810114313834e-05,3.815325690756626e-06,3
0.0018757774132379965,7.646073546293988e-06,0.0007334574049853655,0.9973007535260936,1.7878833352704007e-06,5.832282432910466e-05,9.87961001865249e-07,1.0956923971660806e-05,4.762889115327503e-06,5.54710038342298e-06,3
0.9472628300575531,0.020587370633172942,0.0038336652904083644,0.001923173216973897,0.0015313969588220935,0.006949612886236442,0.00017377929935614444,0.0014628630956798933,0.015189224878390403,0.0010860836834072011,0
0.06660063479695974,0.13633875259693695,0.009218186865249035,0.026112564273528698,0.09550558615917515,0.6009004625541903,0.027290191480628306,0.011541405976941586,0.008173838262950003,0.018318377033440317,1
6.115436313725054e-09,3.594179303561459e-09,1.213937886719805e-09,1.9346854203798764e-09,0.9999229524032669,2.0765133792656844e-08,1.205579499776889e-08,1.2186355439360239e-06,7.570205948643966e-05,8.122253509263142e-08,4
0.06884618813436,0.01619675888667457,0.08122731034742363,0.6139071594001435,0.02779650000500484,0.05260229072718786,0.12970015243992844,0.003603725926230166,0.0025297394339726226,0.003590174699073857,3
0.011506178553914066,0.015352615013189365,0.002887280233040905,0.004222353931132803,0.559460739683695,0.03641462979779884,0.00031492272488359036,0.21725662637995324,0.1487263159998359,0.0038583376825562093,4
0.9868019415970828,0.0011679809576366888,0.0005848255070248682,0.0032188006800786617,0.00032525269194304496,0.007010566798403369,0.00015098203840060819,0.0004324901210226855,0.00013775874204336345,0.00016940086636350104,0
0.03332267847138805,0.01670868443240866,0.0001031585843788822,0.0006955141899774129,0.004637220092224979,0.9405947031413615,0.0002976102129162541,0.0012433186592643885,0.0019578950159708985,0.0004392172001090472,5
0.00932224405723805,0.0030402336285706945,0.0009440045681056392,0.0015295491292033393,0.9689555822696541,0.007464980655750541,0.00012165031365651884,0.0016019250807437133,0.005292296615477693,0.0017275336815999191,4
3.190721296623334e-06,3.0664575837229127e-06,0.998150415816739,0.0010645790411407765,2.2627183216410825e-05,0.00038282695548509085,2.093897218516989e-05,0.00012024213564429889,0.00017055377271438105,6.155894399403115e-05,2
0.020586464940793844,0.01629966620185208,0.0005749615812849565,0.001759477581213666,0.005534064657994396,0.011893441574717233,0.00045807725724299333,0.026552806293984065,0.020845161972545597,0.895495877938371,5
0.99997756445028,9.798826587248631e-08,1.4845464510391727e-08,7.219558947838042e-08,2.8460413066610698e-08,1.8908918148914373e-05,1.6620068430214702e-08,2.011874064497857e-06,6.34272037765908e-08,1.2212205011859438e-06,0
0.9262888859354695,0.016380512584940797,0.006185285815427559,0.005900999215375221,0.0017102837476611903,0.0027481914798267284,0.0004783590657190904,0.0014360863071820494,0.0009974142456875344,0.037873981602709904,0
1.8973986031186973e-08,0.9999841960425652,4.551473562940893e-08,2.5047420856282578e-08,4.826200398316454e-08,1.7190875914841476e-08,1.5399351739647054e-08,1.5469768124455176e-05,1.2661903369808124e-07,3.7181902542935715e-08,1
0.003128932334453369,0.002722259821233751,0.003939535314017289,0.9760446806696104,0.0011285116813126218,0.012253044436531559,8.521687782634053e-05,0.00018932477564018797,0.0003687526614055194,0.0001397414279692708,3
0.06653344332771247,0.6561627979188698,0.004161438706173774,0.026696918099358542,0.0583795551035935,0.10504581023750262,0.004181291101928852,0.018036855381626197,0.05470894632006476,0.00609294380316936,1
0.0672873329801331,0.06406416826803468,0.04417352125759925,0.07764516902843772,0.1740075346465053,0.45603866670308085,0.035582007181947484,0.019062052797298872,0.03475586911042664,0.027383678026535928,2
0.01183668596787925,0.9563769399641577,0.0034534430476824444,0.0026394143044172307,0.0029144050363502866,0.01835231991493365,0.002044826100419415,0.0010745959964994672,0.0010339665699100563,0.0002734030977503911,1
0.9718791519792173,0.0100425414784916,0.000688451713705,0.0007576696429431117,0.00240216612878239,0.013045794764386203,0.0002009727092625499,0.0005076149414392348,0.00027061300829669146,0.00020502363347593358,0
0.9980047933148646,0.0013000050156733406,0.0001993457121457292,1.9207035489118715e-06,4.657361134327324e-05,1.9386019689861382e-05,1.2216074670534808e-06,0.0004128193857729903,1.0078456794682062e-05,3.856172699369289e-06,0
0.002179362236587192,0.016674044493313483,0.00397601651026241,0.010397613048303951,0.04664471847970902,0.8776788706598155,0.00360619139941869,0.005013155679843226,0.008792752194961648,0.025037275297785176,5
0.0593054112213219,0.4462164555536597,0.05011321535349181,0.054971037130021785,0.1484267347690479,0.09067028214658476,0.02565891518482598,0.022834496340029473,0.052355427953920085,0.0494480243470962,1
0.9999985977938309,5.420347279232982e-08,1.5534688736356264e-08,1.0341407297545754e-07,3.554444153034446e-08,4.5878086645379e-07,1.8988276977640686e-08,1.7090679460660244e-07,1.46570900804689e-08,5.301764644238774e-07,0
0.9976160625144347,5.566993475203637e-05,9.946418414806032e-06,3.735207344507071e-05,9.482557546939637e-06,0.0020745075305923593,0.00011719310953662815,1.5020625738822725e-05,1.65705731634611e-05,4.8194662375422564e-05,0
0.04284581838514654,0.9544526126580365,0.0005690166920462529,0.00032207379378242226,9.507113636239727e-05,0.0005855226512246342,4.1646493473184466e-06,0.00016374369506117847,0.00019903828773412427,0.0007629380512583276,1
0.006049667035295408,0.9504795999493262,0.0009038282283478161,0.0036805635272149375,0.0006414082749214715,0.0008123912349469344,0.00020983443710326198,0.002624348889266074,0.00035414179180297533,0.03424421663177505,1
0.02947538871462078,0.07295041647548059,0.011499511039637783,0.023426770320967863,0.20271385556724208,0.5898752567376874,0.01652648780377213,0.030800195450692507,0.013780764556959252,0.008951353332939489,4
0.9983927736286616,0.0009939067981116203,0.00017502622223549032,1.5262884247000105e-06,2.3153834057041073e-06,0.0003307895037893088,2.4874669946463363e-05,2.2106772785144448e-05,2.6502416293365246e-05,3.0178316346326428e-05,0
0.011111983805448415,0.9844078010912046,0.002289974894217314,0.0007216591261998665,0.0001253043774494034,0.001046793159662555,6.423634619250248e-05,5.757611605997979e-05,9.668930365222112e-05,7.79817799128315e-05,1
0.0014662682918208383,6.298832189838769e-05,6.30691739045527e-05,2.3020031070164026e-05,0.002886207295475134,0.0005835282889683354,5.965785602427284e-06,0.850066359949146,0.14407248423377442,0.0007701086283398158,7
0.9995123103382991,0.00015857794510338737,0.00012753210897639708,5.8061528863397135e-06,1.6429118278801235e-07,0.00019136616913924072,1.740945827620209e-07,1.2436067637106667e-06,2.442770197027333e-06,3.825228693275417e-07,0
0.9948291243607315,0.00044663477098406636,2.123462970298924e-05,0.0006297101310688274,5.8298897198885515e-05,0.003725370465773217,3.4971296631643024e-05,0.00013004421308070562,9.004007056961249e-05,3.4571164258313356e-05,0
0.03598767142522546,0.04198013114158631,0.009311695669453689,0.029013271089005095,0.3037525394523508,0.4388143729339397,0.06720253787603844,0.017350033860107767,0.030200061706661792,0.026387684845630678,4
0.004414663592377429,0.0012756950397923511,0.001498077790952451,0.0011707799360085652,0.012960136883966872,0.00642914975388036,0.00022661007986984988,0.41601743257214024,0.51851208439287,0.037495369958142316,8
0.03703126177155062,0.10713315980406493,0.017292161331603353,0.025678011694524647,0.10361629994097372,0.6191462817379291,0.044245825097440655,0.012240139834736043,0.012726344949390693,0.020890513837786232,1
2.6663110851068702e-08,1.0484990762555495e-08,7.333124053557023e-09,6.431416442814041e-09,0.9998985545710033,2.0487139584667507e-08,1.429028975366048e-08,9.948043555051479e-05,1.6824644858962672e-06,1.9683888890527459e-07,4
0.725090137717322,0.0032648047898959955,0.016074744457023227,0.008961901825344109,0.009453010140942493,0.01106585331311235,0.00017895680586523156,0.20773916817625362,0.01559166475767161,0.0025797580165693806,7
0.0506319348303753,0.16477685243896523,0.050922242950823,0.023246192460039592,0.11737082264325052,0.4617680154070362,0.01376862659941752,0.03430725812414946,0.05864556696024119,0.02456248758570199,7
0.0054572151363275105,0.024005474369794128,0.043261252835396675,0.0026980611985294237,0.715696233046241,0.005811930842195175,0.00032347324307486504,0.06866302314122312,0.12945276116744858,0.004630575019769761,4
5.238330129166435e-08,5.1985899097410705e-08,0.9999409583346502,5.382959528237794e-08,1.3022180888436516e-07,5.514465807208076e-05,1.3089408584525492e-06,1.492511104566446e-06,6.78282225433034e-07,1.288524847395225e-07,2
0.008224483602985699,0.004777140406041161,0.013571495511489349,0.011748187717247999,0.005899302119905304,0.03157543261532975,0.919113542455323,0.0010092020157199838,0.0017699084638657095,0.00231130509209219,6
