0,1,2,3,4,5,6,7,8,9,Y
5.327265609270255e-05,0.00022134544648921668,0.0005087356350920962,0.00013143222603071952,0.9974898060847698,5.925281307520687e-05,0.0007082748078971404,0.0001668761326581222,0.00024142262370811687,0.00041958157418697426,4
0.031184163952007213,0.0033348082697711146,0.0400237901135252,0.002899495383017984,0.020795249484161477,0.002723401564065364,0.001975974509524396,0.013434369144014328,0.03251828763461385,0.8511104599453,9
0.15282174568318077,0.0071279877931114686,0.3152419928712741,0.045115581013476194,0.048993054949581526,0.010422775392898015,0.002818918685164469,0.007706836901970345,0.11147611371771411,0.298274992991629,0
0.04160915876512362,9.041639641145299e-05,5.030379856662547e-05,0.0004987172078186886,6.2756872617472e-05,5.820915505494446e-05,0.0030083767755691784,0.9471624109171125,0.007357948393314982,0.00010170171841048355,7
0.0002324551871208781,8.007492096225912e-05,2.1723696360491882e-05,0.9991113266320852,0.00030255040610881526,1.684546496756887e-06,1.4568104026167477e-05,0.0001622598450119624,2.1032495952077964e-05,5.232416587554027e-05,3
0.03540633323876177,0.017608087780371352,0.3113708776517886,0.04669299332523805,0.19342921876388952,0.008670767112269825,0.004299001488260645,0.010053072826863211,0.24599512876193858,0.12647451905061805,2
0.0829557619975801,0.007436583157431137,0.014623000236827036,0.029447068720815785,0.0069966682576915904,0.6471593826644474,0.009698099808928086,0.15156868085296907,0.03867031046472,0.011444443838589757,5
0.02120331741221014,0.004211042339535721,0.4236501565887574,0.024701357103653083,0.01676318865201707,0.005743378582318515,0.00171832341578831,0.006915256828282211,0.03648693692683793,0.4586070421505997,2
1.2208346898856291e-07,0.9998739861402796,9.564631582423617e-06,2.0476515192788063e-06,2.923430332848513e-07,1.9041770206555105e-06,5.916280872049911e-06,7.923848196011393e-06,6.567339292174205e-06,9.167550473588959e-05,1
0.023348375711239936,0.9318168155402955,0.019769118566305005,0.006370046087832136,0.0009384771081411639,0.0012235028078599228,0.0020356039930076297,0.004483665712100179,0.00309311605561603,0.00692127841760232,1
9.492712331855573e-11,0.9999911726044202,7.094746483185528e-08,2.5163689000647378e-08,1.1882089880057465e-08,1.2265273291060131e-06,4.0881687953128115e-06,1.027164267735894e-06,8.21017292778317e-08,2.2953452875173816e-06,1
0.2718435688484155,0.006750357533033238,0.014581260001876213,0.26888708065427547,0.03217517092181096,0.003008424569372724,0.03151548167205637,0.303995975930018,0.05688677590234137,0.010355903966799865,3
0.09891483936329672,0.2065226141664231,0.16071196924121786,0.059084474464073486,0.0234595165313725,0.007565259073375114,0.13105465397738203,0.18828636186047454,0.06224915262520331,0.06215115869718175,9
0.03880185935854008,0.012615503232537729,0.04618090412867358,0.007025117750022109,0.04716261237844888,0.041207476282269666,0.00501463720799005,0.00993198986928297,0.011210052353541246,0.7808498474386933,2
1.47572564818096e-06,0.9983811287595601,1.510479103994144e-05,5.250513594056834e-06,1.3842221923325992e-06,2.601670442642757e-05,0.001279520261163418,1.7743807605177194e-05,4.755397314696771e-05,0.00022482124162354547,1
0.06533764039376723,0.010890014613719428,0.09461876012865209,0.054046262604927627,0.026363258820499565,0.12135924365136204,0.44466475223501967,0.05787175246944992,0.07724700622535219,0.04760130885725007,6
4.713999165479269e-14,0.9999995322160522,1.8591813065269916e-08,2.0358577492335837e-08,1.2874168684748332e-08,3.3576804889866934e-08,2.151570984174303e-07,1.2941947475989536e-07,1.4140623500452052e-08,2.3665339637327302e-08,1
0.14447112092329117,0.009492279466511875,0.268828241675364,0.030758659004058855,0.02225661533922926,0.02755264838181907,0.0025628898727893625,0.005655267087145565,0.2604622493583998,0.22796002889139147,3
1.5581911669634955e-09,5.052524542443659e-10,9.106702373090101e-10,6.590934202040947e-10,0.9999991923933657,1.1326910784644806e-08,6.922548414110699e-07,2.8317792139370397e-08,4.1395639930434984e-08,3.067824316674906e-08,4
0.594017342590581,0.006727911425071584,0.0036711439156062032,0.10084584712118666,0.0011787388926056488,0.0018194557777989444,0.10159378458259712,0.1862276185301061,0.002649887812056653,0.0012682693523900102,0
0.3081933906565989,0.011469557814838941,0.0014448891300204167,0.011926771183272742,0.00025528190707943316,0.011406592972739193,0.03931117816476666,0.6050580167958797,0.009139091029315838,0.0017952303454883696,7
0.0439997091887822,0.005116232128226345,0.7443709908215286,0.023347974097018134,0.0010498673461777437,0.00418068247389993,0.015686036985054906,0.03886389563314312,0.10389391395894781,0.019490697367221338,2
0.024890151571635398,0.0016586308645657004,0.058786623956574025,0.008325376634955644,0.7152198803847326,0.0016098418979012157,0.001549853236980036,0.008903451676557718,0.006184377960203073,0.17287181181589448,4
0.25200253959402297,0.035459074645417345,0.12112867140674255,0.027657713085730482,0.002120034094437729,0.25513455458971473,0.09605135547924952,0.16115348838908955,0.022694805894685664,0.026597762820909303,5
0.09502617373059483,0.0028651433312556177,0.00031635860006153663,0.8942252141792092,2.5270256966483343e-05,0.001516556420623643,0.0028069661019420687,0.003134312802886668,6.0228136342425705e-05,2.3776440117689212e-05,3
0.4131991425917461,0.007648745584648881,0.11461706551727943,0.04574092114521404,0.0011897581785532431,0.09519827529953914,0.030918987037017197,0.26074048497785246,0.02398053682322973,0.006766082844919735,2
0.3760234629719424,0.03490053264758918,0.02176582216326078,0.07251429003384656,0.000430586176757018,0.016644786487236166,0.011032879239735949,0.4426476372186024,0.02197086587002569,0.0020691371910038594,0
0.013333818230931011,0.11213719237633757,0.0643186237214294,0.7589828704150343,0.0010313145664290434,0.0009061658419395364,0.007311125280153393,0.020426522883048144,0.007605888049468692,0.013946478635228562,3
0.0034770257394999503,0.0015275950372508676,0.0008177987310984961,0.0005980563289004292,3.654791681570777e-05,0.9791430778473804,0.0008767042018153099,0.011641315228300243,0.0016551597843123464,0.0002267191846261428,5
0.004339270862052539,0.0005309579748411131,0.05403079353130939,0.007120936457197166,0.002979024756562336,0.0017237365653157983,0.011546307534988904,0.009122505278751844,0.9067743199376488,0.0018321471013323844,8
0.0121283788223727,0.003223510832169342,0.024082972141585092,0.013177926087063852,0.006826734581352906,0.0019030158423774437,0.0011120922758909254,0.004222134280948794,0.9279530348865802,0.005370200249658924,8
0.0029552930976128734,0.001197546536501765,0.004694706632723933,0.0062414899017168655,0.9480376511272393,0.0012877658045588845,0.026875494820419153,0.004653706617289839,0.0034482486612317505,0.000608096800705567,4
0.019702887471110913,0.0007527250245521785,0.8670409613248208,0.04555406535305962,0.00905192062720565,0.00808199328148537,0.005076790313150536,0.0168506706914607,0.011880594550615351,0.016007391362538575,7
0.23647326758369666,0.01620066253887863,0.0033009271512376035,0.02519362912454489,0.0006618429951480377,0.03169927538918502,0.0799499057423664,0.5747864129812975,0.017849116944748895,0.013884959548896111,7
0.001526267731318392,5.910035991980106e-05,0.008946108276550476,0.0011771661542540547,0.00045932845719312,0.000419399320779581,0.00013194012023328352,0.005193037305200863,0.9797285492521384,0.0023591030224126013,8
0.46271542376172714,0.002458293957534173,0.011491687924375897,0.17949210563358262,0.0011496434108048343,0.0008550342115559931,0.025010805489707896,0.286779345836101,0.027113273822652873,0.0029343859519577573,0
5.200440975028893e-07,0.9994206728502524,0.00019599771679894298,1.3407748089103517e-06,9.362209901302e-06,4.488919609544056e-05,8.19412690717064e-05,4.4976667579400354e-05,4.457217889434118e-05,0.00015572709249982004,1
0.003796093814945922,0.00021399935862511337,0.0011606142163057098,0.0007038131378342356,0.9452404722411261,0.00013261207725104906,0.01572568606566428,0.03247762267872969,0.0001588171165638325,0.00039026929295412466,4
0.00021597211738160152,0.0002983786932710997,0.8564512480225295,8.077031220018037e-05,0.006456432471452569,5.307566485329099e-05,0.0007874099030511452,8.684056784813755e-05,0.13269601063698452,0.002873861610428279,2
0.005201293946247348,0.002551788205635802,0.9156364441524185,0.018033739008901612,0.0012171282199198406,0.015967434842171484,0.0006414706432219459,0.0017602916922319258,0.022135945064175707,0.01685446422507608,2
0.0006536778550429678,6.644634649291266e-07,1.3681723435192906e-07,1.1906139135296118e-06,1.2320456121056378e-07,2.4700711353541626e-06,0.9991527961957158,0.0001821308689048945,6.256119864551176e-06,5.537901621865958e-07,6
0.12339957934793504,0.007393288997755682,0.30952953759356955,0.025772358751050384,0.09539900402548171,0.011059236270006212,0.002977071826171152,0.00983015714691584,0.1018381035714508,0.31280166246966373,4
0.08102976905117379,0.004960534046273259,0.022117875101178606,0.025710817607577048,0.00042930851682007387,0.04844289045577506,0.003011441590392605,0.7911150295081313,0.008713391454115357,0.014468942668562565,7
2.2333012639639912e-07,4.27469349749813e-08,1.0166250258868715e-07,2.6470592374050635e-07,0.9998967745603815,4.579732888574031e-08,7.185489447006847e-05,1.3222241864519238e-05,1.3979274443690953e-06,1.6072133023254048e-05,4
8.349762303557417e-14,0.9999997891823136,1.4287353991271009e-08,2.4553936505523423e-08,1.9721390421885926e-08,2.0466004706498625e-08,3.940359596045502e-08,6.756665483582866e-08,1.2442237786993496e-08,1.2376428823287577e-08,1
0.1374833023378201,0.043822301732306,0.1272937177007097,0.034767739654002865,0.0041321887430120175,0.03273838443360116,0.25883726166242765,0.1325814128349307,0.12090168140997044,0.1074420094912192,6
0.07176810006068071,0.005416160150351115,0.22193612137386612,0.010530981188038082,0.024358751718489894,0.05701468445195613,0.0031139916593148236,0.010588146034987082,0.11779763787209963,0.47747542549021676,5
2.518090932908991e-07,6.193733842660792e-08,1.4318460059936409e-07,3.1333576836509426e-07,0.999841071074042,7.074294216958427e-08,0.0001407176516476725,8.612369898064986e-06,1.4486006674239239e-06,7.309294002171928e-06,4
0.11823770611276846,0.0265961367312201,0.007988081417945997,0.04208561995074663,0.005323466748220759,0.3885576344089852,0.05874677644037198,0.338800428031147,0.006770853598603372,0.0068932965599901525,0
0.6105143383488846,0.004489688833737198,0.03194824651393965,0.16695342281397924,0.0009104797772955595,0.0011430443401480226,0.00925687171368228,0.13453805321872492,0.019581641476064445,0.020664212963544575,0
0.8119004485699657,0.0032639412668582423,0.005947524569923178,0.004720064638991095,0.0019445124591403829,0.006330769874486905,0.036330682277058685,0.12413298847555052,0.0032136938028123905,0.002215374065212677,0
0.03072794782294697,0.00011379648995723785,8.234681006850368e-06,0.003927462041522851,5.0993951849209935e-06,9.517751635249689e-06,0.004828065740993274,0.9603329165404962,2.0285057234242756e-05,2.667447902185833e-05,7
0.08665506499443697,0.01349907925580746,0.4281465987290528,0.15671267396514302,0.004153605063134347,0.07568114360963465,0.12879623231573406,0.023268015802701825,0.05194390070264121,0.031143685561713808,2
0.008700068752845607,0.033909181555890934,0.020917161358002517,0.0070946547605219585,0.000479167048886537,0.8993503766558948,0.003985961809609483,0.013592011366630047,0.006450919313203533,0.005520497378514161,5
0.0034428982661328343,0.011327557158273606,0.9163343248083694,0.021744036865861044,0.00013846396942272237,0.0011602818776300858,0.0022855638517752406,0.023157334725615753,0.0012888812621613412,0.019120657214757947,2
1.3619657282089202e-07,0.9998270904122522,2.0681662065982987e-05,3.819991914264042e-06,1.0050644017002217e-06,3.735253438059793e-05,7.476846725000493e-06,1.1324857133807995e-05,3.755967264835393e-05,5.355276190542323e-05,1
0.842968143013615,0.0007645933219008136,0.0016344431650307711,0.014130242005269113,0.0006261920165747914,0.006439710189707836,0.0489687910104955,0.06888431344343442,0.014023614626118246,0.001559957207853889,0
0.12387646376875999,0.03419580152841186,0.24633136736609904,0.08339946328956736,0.01906113218954573,0.007042945807531486,0.003689861105999347,0.028046582972122255,0.014354498691022372,0.4400018832809399,2
0.03550389349069486,0.00593485457783831,0.8366685699453038,0.018255274066877828,0.008380882642819401,0.0021636478922496477,0.0013392435956501333,0.007399745101300136,0.012548950272331775,0.07180493841493389,2
0.009703858740239605,0.000988486869937244,0.9191074693916474,0.01585888108363563,0.0018810953408834954,0.0017784486799379592,0.004369069309982138,0.005842924585406324,0.02342337969116376,0.017046386307166247,2
4.1968261933492327e-07,0.9998743718414297,6.633143111088027e-06,1.2887486918120295e-06,1.1007508987353714e-07,2.7412417978943503e-06,5.347457636274844e-06,2.3602914097363555e-06,8.640199345862136e-06,9.808731886878793e-05,1
0.5132063576253357,0.02756511293256587,0.021341227652207577,0.14229006573051073,0.004042383761700441,0.002446950419324549,0.17079278715431578,0.05583943265067184,0.02089898533251124,0.0415766967408564,6
0.0066306540353340895,0.004322504462339123,0.8173610174155312,0.03209974920533516,0.003762875308736622,0.03540738688922517,0.0017340695186439856,0.010403808726358196,0.06662639234853776,0.021651542089958942,2
0.01502836585067807,0.0010627564606080493,0.004175866409773131,0.9516876723306428,0.0003073482600463749,0.00045978547217038736,0.006282522848252975,0.014182140937927813,0.00309707471192686,0.0037164667179736305,3
4.171934701418044e-12,1.19267710470678e-12,6.451221235729817e-12,3.0223977327405623e-12,0.9999996064045944,1.4562326978979013e-08,2.7349661200994586e-07,3.338551345162127e-08,3.392500521450821e-08,3.8211109620068506e-08,4
2.9424742770120743e-13,0.9999995971625333,1.72001192960857e-08,2.096180726107394e-08,1.2437690599350815e-08,3.641786339448372e-08,8.722128477624268e-08,8.854938789502968e-08,1.6946952443221822e-08,1.231020669280653e-07,1
0.01636306283434651,0.0036958192471907986,0.00814983003941245,0.22715112302363902,0.010042562300517671,0.0017893808022660242,0.037696376949096756,0.013999023099737662,0.6776881881094741,0.003424633594319035,0
0.00840831552921314,0.012502176783240962,0.01592623349752086,0.05629050203365219,0.8487159353071695,0.008733148319733501,0.003918482969253041,0.030406034636593225,0.006611084973585087,0.008488085950038832,4
0.06412439066323401,0.08671428455304447,0.0074685059517135225,0.017900668664413477,0.00426971517407279,0.5165823677891964,0.09854661194386863,0.1652650366751828,0.032163066107448283,0.006965352477824954,5
0.0033127942332618534,0.00909859567273569,0.002892849710786634,0.0029771668214623173,5.757412789105176e-05,0.011238235931100331,0.7583402813551855,0.20809459073394612,0.0028011451540779276,0.0011867662595529663,6
0.169266407584973,0.002096014136309986,0.003919845392664609,0.26632873595302237,0.0005304923825471325,0.003060423634364037,0.028098018304862145,0.5235971087787507,0.0018175989067713868,0.0012853549257352123,7
0.009963689849251884,0.004042747601208333,0.6846294045253397,0.007333405407466277,0.12431797931716834,0.0013005443990821717,0.0009728507216009903,0.002961392126174704,0.04592382771059999,0.11855415834210785,2
0.05332360026620342,0.0038513997693749693,0.6118368522713054,0.03154349657744507,0.009662802305282235,0.0030136953088099054,0.004636573135681068,0.008860621740213535,0.046055464271452635,0.22721549435423172,9
0.02782310217463507,0.04094875143623666,0.019782746777094268,0.1071684059575218,0.002480089778711574,0.6209432431730543,0.043390113817483124,0.1253785390334569,0.007838454186676289,0.004246553665129886,5
0.002842037153135037,1.921092663289587e-05,8.890275510749449e-05,0.00322846393836403,1.150892290316789e-05,0.975189387508901,0.01809975569216713,0.00042695474375445186,5.125639232712056e-05,4.252196670780896e-05,5
0.013635411195839072,0.009300847880376351,0.035925267106908736,0.9121420182451828,0.0024478508796327314,0.0006286331766426514,0.0012753438896267223,0.004565945115564431,0.010988830178040195,0.009089852332186484,3
0.03144301600408332,0.007205369431569241,0.16136813842037293,0.11219290465417153,0.010853398976124574,0.012578280077496838,0.004141204184382146,0.15708144673266067,0.18785401449234382,0.31528222702679526,9
0.016575850703240736,0.014910384847677137,0.030424854807574772,0.0070368474115523084,0.0077304778723079025,0.034808898300455846,0.06917442796301618,0.157770768363967,0.5944690668365848,0.06709842289362371,7
0.030232974897240767,0.006612809335187219,0.1877277620111054,0.011095975152098045,0.017668269843248673,0.002999604180124025,0.020280636009754324,0.008998928165234864,0.07712929561397605,0.6372537447920308,9
0.002589298853669479,0.0015919578764023857,0.0019945158011561454,0.000431799537604015,0.0001153038829427807,0.9791828422901427,0.0034410570816010536,0.009701456872115417,0.0006811686177319849,0.0002705991866336098,5
0.300089027238538,0.01108831418236242,0.027236858439365328,0.13900932922663148,0.0024443098938003167,0.021997598928880504,0.00818375166293321,0.06195005958557803,0.4228339040010972,0.005166846840813908,7
0.006854635915276089,0.008418861961607588,0.8062144295887047,0.013062679039569045,0.0022232410970008383,0.0026212088731354106,0.0006729434422832562,0.005746239428944837,0.002600112561586095,0.15158564809189215,2
0.023385995359961286,0.009204096339757491,0.05409966919907779,0.008442383228631086,0.006901100659968146,0.004886760199229624,0.0011162057717882085,0.012544622004061623,0.036233892456281766,0.843185274781243,9
0.09283011220451055,0.1235336507850885,0.31115229039156334,0.053871202036920834,0.01053815640238355,0.122345680180452,0.012172794711622028,0.029912488358292792,0.1699868811298355,0.07365674379933049,1
0.09166138923492162,0.008875012048738912,0.3242304951752225,0.01318629273163935,0.06361590522310943,0.027086700064947435,0.0034868085884263585,0.008113028903839282,0.0803021685299515,0.3794421994992034,4
0.00039456865848522406,7.553648763328055e-05,2.217812367201574e-05,8.161241520054656e-06,4.668131238279325e-05,0.0005777606677409969,0.9969029584237841,0.0013947482761023963,0.0005096875868650067,6.771922181398991e-05,6
0.15086847666727837,0.011007109239041614,0.06569994769216025,0.32840073106613266,0.2994122496992946,0.016728348290925944,0.014401695720500346,0.06407185015992688,0.03020831842091736,0.019201273043821812,4
0.014787240043555243,0.007184509502098024,0.156344369029316,0.055557947993840874,0.7032117565699989,0.0024000165994326386,0.0033399814364203605,0.0026888418817902233,0.018608336624570433,0.035877000318977614,4
6.184890095917693e-08,0.9999268414389705,4.3731619642406225e-07,8.060081509756664e-07,2.7889128433790136e-08,3.617574239555118e-07,8.234208903521856e-06,1.9383252132744192e-06,3.4557636545698017e-06,5.7835443457497934e-05,1
0.0009619113177185087,0.00043186229659703614,0.00044845928186434627,5.940249085237869e-05,0.006740440417329413,3.046868422968081e-05,0.00035446946575849834,0.00670523223621479,0.9841323837434739,0.0001353700659614078,8
0.0004918972794422275,0.0006304947486142935,0.06600290929998033,0.0011823632254737754,0.0002508787597957544,0.00152556102445873,0.0020658601942696395,0.0021178166664568908,0.9168885946462131,0.00884362415529486,8
0.13249782518995734,0.03376899441814002,0.11147720597897917,0.04200073454757023,0.004049678454351459,0.11487021866141665,0.02485064843772782,0.3382491907689221,0.08944590863849745,0.10878959490443761,2
0.7309643408428158,0.004681651993075173,0.07534389611568096,0.049437627268114834,0.02622847573212782,0.0017824222308007983,0.0018039303012309519,0.013244067644880021,0.029279058346841243,0.06723452952443239,0
0.10826203507004052,0.01739275762367252,0.1468227617873882,0.08236425937732351,0.005626079414450674,0.017022563140212405,0.36913397718905033,0.08415245909492415,0.030590542374229677,0.13863256492870785,6
0.20987721914718405,0.0192206793750236,0.33608448899039056,0.047429033341978545,0.10733813204184088,0.009248945279018145,0.02312774268377043,0.05903412303089473,0.028534620494334195,0.16010501561556492,2
0.0006395348365719255,0.000505311599965937,2.2586909546027928e-06,8.624945696495579e-05,1.009535762680328e-07,6.16562496221495e-05,0.006234523348685976,0.992465088534862,3.2253952042215025e-06,2.0509335919946726e-06,7
0.7967819932908957,0.0070947178853976054,0.0002256593751242119,0.0010835788806404173,0.00012887808795444177,0.0027763601994979497,0.028518824072634726,0.16303645944399003,0.00020211724710683467,0.00015141151675881118,0
0.014436721077596122,0.0013186163169824163,0.8870853703060549,0.006017558807020571,0.0006442387578847927,0.03787921154336343,0.004225081299446731,0.01109810482523564,0.030873419263282718,0.006421677803132524,2
0.0851939273823474,0.006357611062453365,0.36318852845820765,0.11742524847439957,0.006574807368468766,0.04457511461165638,0.003410142857197678,0.06170110002712117,0.10016386403124831,0.21140965572689957,3
0.011056562290190669,0.0003214040317459305,5.868163752702644e-05,0.004155466995210842,2.3905805745248347e-05,0.008162841968104382,0.007573065682650542,0.9684159042313923,0.0002059026861363227,2.6264671296253765e-05,7
0.06842561376618926,0.05379686943814645,0.008778341591682021,0.020383190279462247,0.00016638708460348166,0.049005151694271935,0.005933021499275469,0.7920559493581354,0.0011547300905892107,0.0003007451976449687,7
0.017579620872400493,0.007421623524143399,0.15773373143607208,0.010679366511991993,0.006027934887736436,0.09495306782334287,0.011980418219554088,0.0075550929871785275,0.6313519146714072,0.054717229066173184,8
0.09080878264049197,0.009164050729576738,0.024539451090347796,0.7694533618189635,0.0024633497934121082,0.016132505904008013,0.011232686569271936,0.04097614480720881,0.023072939138320748,0.01215672750839843,3
0.2754764369471885,0.0013970506035731623,0.03309244379065115,0.07510419631434263,0.0017170301663028194,0.0027270203849492874,0.5733977675131717,0.0347733952468283,0.001686158614380258,0.0006285004186122613,2
0.0005527272348990347,8.756226900643963e-06,0.00013312230633479822,0.00013549827134250422,0.9953060591024939,1.062513481667423e-05,0.0021238945109951146,0.0013663355187827496,0.000212998107146721,0.00014998358628742195,4
0.1896558824732902,0.06288138909847084,0.03995313370811812,0.016254868024306226,0.019832766168758682,0.09172914808336699,0.42361726117534626,0.06004909596832341,0.03644142600752286,0.059585029292496615,6
0.021324538671547568,0.00960343833512024,0.5057070735754112,0.02248378999005057,0.007062508922995606,0.2678297126446042,0.003020632619614158,0.008487717638918812,0.01835423909069727,0.13612634851104047,5
0.342389199888223,0.008499508744902682,0.27733152914849685,0.047291934656664716,0.0162559830003902,0.0072027841736675025,0.0030147895582930706,0.011257180909588618,0.03867505505254153,0.24808203486723185,0
0.12579462368117028,0.007688742105178802,0.012456738864645206,0.00481655275253944,0.0008091783449077736,0.0016429243976704402,0.1044949027483388,0.7340794604908035,0.0031903070616882473,0.0050265695530577964,7
0.7130352901050444,0.0010263408049264967,0.16285276353791778,0.03220999148903587,0.0034598734356678655,0.008491390426713513,0.0024659832190591386,0.04649253480015534,0.022057424152963866,0.007908408028515664,0
0.045712709828955915,0.006880439260751111,0.3710102208387146,0.01948826995482176,0.058087745158936534,0.00757196943290642,0.002658607689920673,0.006857528991338773,0.07021101373502305,0.4115214951086308,9
0.11801310485163644,0.020185027833742743,0.30556549126291827,0.0108045949939133,0.18160335751485737,0.00855994816052819,0.00405067739006243,0.01014783598795023,0.06345222843799957,0.27761773356639213,4
0.18737837323058293,0.0035191236428490404,0.02941019563834458,0.011669502941797949,0.006499857120008253,0.002421732312540786,0.005872949002929628,0.6190863627620337,0.13222512730205035,0.0019167760468633169,2
0.12434519588766978,0.024213148006873454,0.2418335610689005,0.33901716799705073,0.0005214458180404029,0.01470538955919635,0.0157184668758554,0.13646309138761573,0.0894719827385705,0.013710550660226976,8
3.005252011135242e-14,0.9999997157593135,1.5600590555937945e-08,3.8186049629302335e-08,1.594927303119276e-08,5.668532384239229e-08,2.4483576365904217e-08,1.0555613320228829e-07,1.6302215519628867e-08,1.1477494326999681e-08,1
9.192111305627705e-10,1.7867929931177982e-10,5.238539415296236e-10,9.431582241713327e-10,0.9999951351263716,1.512377365092281e-08,4.409588299794497e-06,2.229749914791364e-07,1.5708487364112254e-07,5.753678707154253e-08,4
0.6734653077378379,0.002050594352741965,0.01035063525581649,0.13568044349343372,0.00373502432352926,0.0023055320331625264,0.05016567742389564,0.09319886528984729,0.021866727042251136,0.007181193047484053,3
0.03479393155453363,0.011775127471381612,0.015783270694418924,0.061094537560284906,0.003372715826436779,0.006906683747533541,0.43807696959215137,0.21849838754668896,0.049491163190676875,0.1602072128158936,7
0.019669587709629534,0.02707923376231653,0.1888277544783384,0.007110962241548651,0.006944866650676336,0.591736313008748,0.0031860342030599004,0.014769331003713025,0.0837508419098616,0.05692507503210735,5
0.008096778631110852,0.0004094814725671881,0.00019557170803981798,0.9315714091805755,2.7901980604762124e-05,0.00044746595663370446,0.0035084227155063167,0.05565012168137521,5.593026887791341e-05,3.6916404708543395e-05,3
3.215271692834235e-11,2.8252094169926763e-11,2.4528661065895868e-11,6.158793434457489e-11,1.5243305625066822e-11,4.4041435582247714e-11,0.9999925258149451,6.073819867768735e-06,1.3878534196819759e-06,1.2305961205916691e-08,6
0.22995729029499676,0.013991987717858461,0.01528499552142083,0.02999636994011169,0.00658995700296062,0.15162659062295938,0.010222833415843974,0.49123229328653384,0.036866765476434034,0.014230916720880163,7
0.9657056604570736,0.001213975581029168,0.014521479164720562,0.007950786823363604,4.462920378751708e-05,0.0015067582312210121,0.0021792241299741204,0.005345363053445825,0.001330830396955004,0.00020129295842916765,0
0.0009025862709465399,0.0009925920016575743,0.002895552093723024,0.00028484622090709253,0.9661997565619458,0.00020836379793072454,0.0005720366898235812,0.0010501427633040573,0.004457044819047077,0.0224370787807141,4
0.030697535773681738,0.0001247658695345923,0.020670568663964353,0.8990365771102229,9.346887685982235e-05,0.002289598955565055,0.0030226064715202358,0.010629550057638203,0.03329847223670033,0.00013685598431303106,3
0.1289732040616409,0.014066044385346983,0.030981311640235144,0.04232559531540717,0.0024737531896266702,0.1468504570135456,0.2634071373426991,0.3498549924432286,0.016196636588633708,0.00487086801963607,0
0.13504519555830716,0.01757685371626839,0.3176012647099336,0.022900261624276743,0.07586396502119473,0.024871327717532195,0.003259916065685705,0.009381480481451545,0.093384473999867,0.30011526110548264,1
0.05291943968645271,0.40915769571792093,0.007456793455685213,0.005389801954893664,0.4207781791362586,0.007885802889087606,0.0562999488710712,0.03342540634988873,0.0025562555084039477,0.004130676430337623,4
0.0069182134050063395,0.0025326207383156813,0.05889820784461318,0.0027619168076916376,0.000575707717697136,0.9072321827894687,0.0024233072528688226,0.005255415073568204,0.002792113368365017,0.010610315002405519,5
0.15734405360251352,0.00981694884899287,0.0722006638324573,0.053209590797662985,0.006723889081903734,0.12117067818719686,0.004758952417286094,0.033148921947908964,0.292982597175525,0.24864370410855288,8
0.0016903075810357324,0.000532702252982285,0.0024626219587465413,0.00014052451101718793,0.0003426619307377211,0.9901832586934839,0.0010085335236406782,0.0013448155320640394,0.0009035008719256406,0.0013910731443664255,5
0.04753373632208446,0.0016667668974022355,0.07037140770065523,0.7207449699690995,0.011646090013501906,0.0012913761148335599,0.002620269387303227,0.010710878241923167,0.10444594195971407,0.028968563393483204,3
0.07488581251296414,0.012429143465573146,0.021565949353575548,0.04820084999230165,0.000977998040911702,0.009393850896274062,0.2575659788896198,0.5531509449688552,0.005466124031059081,0.01636334784886562,7
0.008106663552269243,0.006405106161057386,0.06414603669586637,0.17644089485192713,0.008919052253524514,0.0020523941673178535,0.003239449746861107,0.012377367162576298,0.07939130862098204,0.6389217267876183,9
0.09582371037388696,0.01813209995402788,0.3665931381688008,0.02043319607877715,0.07990049196196117,0.010785965496857515,0.005952651672305203,0.019888955438867723,0.07790006565781012,0.3045897251967053,4
0.4757307585700289,0.002285652507090808,0.0014186001532710435,0.0030639503791638884,0.001378028196263058,0.006137518027648962,0.3699723069363461,0.13683525320414444,0.0017216034185133316,0.0014563286075289154,0
1.662865171000874e-09,0.9999919539701312,5.325319648321217e-07,7.442993656805694e-07,1.2142185968709619e-08,9.690622811234751e-08,8.293242758988823e-08,1.8045783125423525e-07,1.2752307208717662e-07,6.267573927841436e-06,1
3.138763561232518e-08,1.1598617460971644e-08,5.375309612748582e-09,9.914134582883698e-09,3.8156994413354644e-09,1.3210717064576127e-08,0.9999522697086979,8.565343612524962e-06,2.8940804005513056e-05,1.0148841570320527e-05,6
0.08504126016302764,0.021528745710139675,0.43975685451944924,0.024757983179236536,0.007877910531564671,0.13656219239271852,0.04221965903364749,0.21853799691803596,0.015039539550828747,0.008677858001351416,2
0.8727162665549434,0.006106817432871645,0.030640560644796498,0.027358264951906658,0.004532585145558415,0.0008992561177393653,0.011240559874074421,0.006159749991337702,0.019763827781739157,0.020582111505033102,0
2.1614201462287685e-07,5.520195498827112e-08,1.4013260928363876e-07,3.865259185048179e-07,0.999879602089281,5.575783746778255e-08,0.00010439433132318543,7.087301288910117e-06,4.411617611075444e-06,3.6509001612083444e-06,4
0.12473466685932909,0.02250025398703485,0.05548762082572979,0.042506601383892784,0.0016178270655068285,0.07151611830331336,0.17856687996765816,0.0562282857342454,0.41991091589205387,0.0269308299812356,8
2.9892756252871705e-12,0.9999994095409898,2.127681185502816e-08,1.9442823405053135e-08,1.8177920531321166e-08,2.8126813215862883e-08,6.487651888024923e-08,9.352924821379101e-08,1.1631342113061976e-08,3.3339454308674423e-07,1
0.3074491244821615,0.006754603727664759,0.1925636896292467,0.013682217227775026,0.02409339684868788,0.011730855305118195,0.003217852971433825,0.0190062617666376,0.17903392508847718,0.24246807295279724,0
0.039854412115860036,0.014326777193220282,0.41314155717506246,0.042402884009790386,0.008604152075467658,0.02372166343542498,0.007998645546631355,0.039090828123426014,0.07263439497167311,0.33822468535344447,2
0.00038513728329726436,7.699237123252006e-05,7.860817522279607e-05,0.00016012250778040963,0.9971999079616468,7.517858805210227e-06,0.0001446433723223769,0.00012222423614676893,0.00010957749884734592,0.0017152687346987225,4
0.07856734684848936,0.005640151411105459,0.13792423282776825,0.6507891616651714,0.003033081352051431,0.006691376290894763,0.009454228131699372,0.05266861004919955,0.011504268526985228,0.043727542896636065,3
0.16318515436026126,0.03420607444398797,0.30276383887048436,0.24631709212156275,0.00774725903934738,0.010744714938254322,0.004966944594313177,0.016196377241245147,0.1157915772113538,0.09808096717918949,0
0.0025516847455174796,0.0028179579019304317,0.0034258151634437087,0.002033756818995497,0.9631989289835221,0.001603121613566916,0.01260641422146064,0.003752126976688228,0.005508978054889628,0.002501215519985448,4
0.008505282706253352,0.07063835005959955,0.005290829763794565,0.006293286421328531,0.003308283328216686,0.21117451004368148,0.028879714411770903,0.6582754428944096,0.003996533362028821,0.0036377670089167958,5
0.7160643113769533,7.123050971476873e-05,1.510554018115623e-05,0.00029964144118510355,1.5912917311190182e-06,0.0003070572545783866,0.0002969629571584093,0.2829331841280307,1.0737023850734742e-05,1.784766167879399e-07,0
0.0336248239729025,0.05959715385288988,0.08722040819545186,0.7238026611186588,0.001143699409135161,0.0038412953329460694,0.02239091585459409,0.053920992006251986,0.010986239775600194,0.003471810481569867,3
0.18102055288798644,0.08416883244090226,0.3292160435643793,0.014078473210616982,0.0017609305945936043,0.14907140436931296,0.02185755920482924,0.16006350111550044,0.027657356633340607,0.031105345978537948,2
0.050109021727237475,0.004270018728870227,0.004676282756140421,0.010855869212698639,0.0006177070654709516,0.004482395900279869,0.8632837829548637,0.0230789094747433,0.017884635984538922,0.020741376195156955,6
0.009781377502328104,0.00698164861552372,0.04499571437889683,0.004742911578329233,0.0033707389283094266,0.00738028543227958,0.0007562805465175613,0.0026042725002580723,0.014257017709102954,0.9051297528084543,9
0.1288196493252211,0.01005355341042057,0.3374390453815724,0.01749336668322806,0.027327293077646208,0.017171124290418206,0.0026560485491664383,0.007844344484371614,0.06883417963527967,0.3823613951626753,0
0.004480811947240448,0.001453404072244197,0.006243351527988513,0.0010966702381500892,0.00018497562299360097,0.885211233367403,0.07802617453567551,0.022379063794559388,0.0006110411188472973,0.00031327377489822066,5
0.007713270767504552,0.000852327833060891,0.005709192650027705,0.00039963297373015594,0.015037385779254417,7.786237194908287e-05,0.008480126588783577,0.0014559801479780395,0.0006488531167427698,0.9596253677709683,9
0.4155283109086801,0.009192814977592544,0.1282750789887607,0.010126159486763662,0.012840064420258401,0.020981680395642847,0.015213873067347165,0.03236930673367536,0.18606207326838903,0.16941063775289042,6
8.37085638234286e-07,2.2857399308789883e-07,7.942839588088828e-07,1.5230855047609907e-06,0.9996549783345521,2.1115400177390096e-07,0.0002810829516663054,2.348751796539518e-05,1.727793926268776e-05,1.957907345704248e-05,4
0.005418583206984017,0.030750877872736965,0.0017172234445954053,0.943851890771513,0.002515450864719164,0.00019084615370748914,0.002035370829861738,0.009664549716232661,0.003095820891128929,0.0007593862485206915,3
0.17683516729856738,0.0076309561827112285,0.11920064260550979,0.10323100138965678,0.010165257308734426,0.00450336716049739,0.008083832806794436,0.014453483593346738,0.03375081348116875,0.5221454781730132,9
4.851823036607118e-06,0.0007569516599520418,2.7146648487540438e-05,6.006514489391254e-05,6.266727134425386e-05,2.923182389910611e-06,0.0015641093023338677,0.00039686153538752054,0.9970583706644947,6.60527676794754e-05,8
0.038040992379091323,0.004419437390269012,0.011138061023703254,0.6256487398245817,0.0010745231008872495,0.011294127965325253,0.17209461129282694,0.12450504421197423,0.008268083261797687,0.0035163795495436545,3
0.027879045290041152,0.0033767604565611035,0.14300091661325975,0.021738877179229277,0.689369908287445,0.004960850260421795,0.005059599024249541,0.0036923785476420754,0.02796812318906906,0.07295354115208152,4
1.149497703421925e-13,9.08600145806401e-14,3.434868830514732e-14,4.595135246373885e-14,2.3926743289792586e-14,5.057203523968007e-14,0.9999998678307079,1.031601469406543e-07,1.6581005778946834e-08,1.2427778591099104e-08,6
0.003459304294388153,0.0012384464599017892,0.008034375777849241,0.9792169021703025,0.001113923070619072,0.00012510709867621705,0.002330810002473165,0.0034181153481713227,0.0002858811522280697,0.0007771346253906825,3
0.015387306586661684,0.00887459467171877,0.026002485989043714,0.021683068686761262,0.001130986801455109,0.0018883527624353506,0.006660601123870092,0.007568376095570836,0.899399126154631,0.011405101127852911,8
0.02253493041270588,0.0001186728739513853,0.0002691730194364544,0.9590959673324047,0.00014855994966200681,0.00011591415332343335,0.003655001409585873,0.01330180713148224,0.0006986835565765595,6.129016087136283e-05,3
0.0018423116928404863,5.9752786519489884e-05,0.00022973309474403716,0.9955009739042342,0.00033741097626970815,3.0463045124242502e-06,4.3037408693574366e-05,0.001645395506041924,0.00012532061606483941,0.0002130177100793343,3
2.3871588709923348e-14,0.9999997355800165,1.6775507199712286e-08,3.6194307341174126e-08,1.2535929781599721e-08,3.5553354146433244e-08,3.746685805284865e-08,1.0000028020497825e-07,1.4664207790289629e-08,1.1229514989103816e-08,1
0.9769032482454854,3.097813473610586e-05,1.3284377246885059e-05,0.00042392455648679745,8.282376391093103e-06,9.965540831948473e-05,0.008049870738664738,0.014284843086851687,0.0001804829585359006,5.430117281985264e-06,0
0.012086634402312741,0.001161416046692566,0.7688344314732863,0.021402870995655455,0.022129402106193945,0.0041539609079383295,0.009214248963767754,0.010264755697020235,0.009878391365491793,0.14087388804164094,2
3.5576819684524004e-06,0.00015706975971804279,8.045269769532456e-06,2.6585159519089632e-05,0.9996648553230634,8.133546789158593e-06,7.321276612943198e-05,2.3836272388330096e-05,9.29026854906142e-06,2.5413952105473355e-05,4
0.3751893597264207,3.009871121730588e-05,4.479779696954042e-05,2.686237344944606e-05,3.1677155890494776e-08,4.594407309138482e-06,0.00033755936405448065,0.6243650287098034,1.5347839100507049e-06,1.3244971033534498e-07,7
0.04615664567621097,0.00968773311257482,0.00676937087648453,0.02470314989055666,0.0007369742997288929,0.0035724274092528365,0.03933981243189637,0.8391527403135052,0.027867474093112916,0.002013671896677045,7
0.008568863982057274,0.0009897004663469036,0.00016946138257809543,0.0011444504492780904,0.0008857016295826062,0.0003757832055425445,0.9482714065353428,0.03742334353335965,0.0014879620941865646,0.0006833267217250663,6
0.15241544029033735,0.006279655767405415,0.13437291421835593,0.023016502716458612,0.09312009922840322,0.010552919800861846,0.004880971313075849,0.01233882961933277,0.28391018953067343,0.279112477515095,0
0.0338176244200567,0.0006105343329308848,0.003313428462871653,0.004643488113500908,0.0007222325972678786,0.002992756287276671,0.935326026132213,0.01318335100114653,0.004378711970625868,0.0010118466821100126,6
0.3887406182173467,0.01987686905643707,0.025207505988177694,0.5173515006708427,0.0036674044010378028,0.006011406634007535,0.0036197248488885497,0.027505134904815935,0.0019429425517863714,0.006076892726659618,0
0.6246007284835925,0.01731643730056387,0.13837940229062382,0.023884624401931367,0.0337664365425197,0.02023351205777486,0.0027636206029934894,0.012940825367010363,0.05491045932153391,0.07120395363145615,0
0.8244002817542085,0.0080765221816051,0.005842825913500498,0.0020893776432803243,0.0022884942347390965,0.018546363139662927,0.010443110941900941,0.12191676183147697,0.0031081458906868716,0.003288116468939086,0
0.03552239229882603,0.003496295782435957,0.6852746408698599,0.008045424307406434,0.020200803237698052,0.009811390815925669,0.0021285899006627924,0.004756720535658548,0.059672595685736206,0.1710911465657903,2
0.0024839704907511665,0.0002449846195262492,1.1738053556209767e-05,0.0002044312988789795,1.0225927492835299e-05,0.00024202018971142852,0.9369497916862249,0.05886469224489965,0.0009321315821433154,5.601390681570689e-05,6
0.2011312287636839,0.005856795865876337,0.411568265516811,0.061094822808694084,0.060191210426667405,0.01877767785666241,0.0029961727058396698,0.00934096487089412,0.07052575714859183,0.1585171040362791,3
0.012413863334809823,0.005082416537746965,0.5687244250394307,0.0625462786137674,0.05208167613636411,0.0035629012355002897,0.004141985785564623,0.010698203908073026,0.12689636107060395,0.15385188833813862,2
6.40710498730207e-08,4.643166296588641e-08,3.375949458673677e-08,2.3062152531780503e-08,1.3690342808059943e-08,0.9998100754103707,0.00011732028996130535,7.161537280814408e-05,6.432670184203373e-07,1.6464513868236265e-07,5
0.0018231535371112456,0.0018244644193672087,0.007834784459038315,0.004002287914724563,0.9648010539154805,0.0004174188459774013,0.0027415336708593446,0.0017675297778004,0.0011665454308651907,0.013621228028775315,4
