0,1,2,3,4,5,6,7,8,9,Y
0.007468820052051298,1.8042627413311972e-05,0.9786976465982177,0.013384146354482814,6.584176244171996e-05,5.908985685192e-05,2.851392077305583e-05,5.850690709304915e-06,0.00024010470871892344,3.1943428340279216e-05,2
0.16752157272330184,0.07105773267319519,0.07008988406352916,0.04658627501976579,0.05743539917006538,0.03755653816107135,0.0219989375220134,0.3780032380307367,0.01172573250895494,0.1380246901273663,7
0.060055923803355366,0.1665496797608727,0.30017798872749113,0.2522256393226621,0.010658318414315136,0.014377287815205218,0.005631747697108477,0.006518983929499274,0.17782642290327,0.005978007626220607,2
9.390809787740793e-10,3.8663094539087196e-10,6.920090637544514e-10,0.9999933065165467,2.875179611329945e-07,5.913334316467146e-08,7.419353018860562e-07,2.042332749968799e-08,1.1690383101809566e-07,5.4655519677597536e-06,3
0.03366470105446725,0.02030984350596733,0.059379057118596444,0.008272911600509383,0.1485346546046353,0.16402661207341174,0.01245135156169917,0.001596683567092651,0.01934021524076185,0.5324239696728589,5
0.003231726640778765,0.9963516944892025,0.00029109720376377125,7.709709872451404e-06,1.066844938172489e-05,7.199592803364543e-06,3.5207816384824296e-06,8.032331476414009e-08,9.441856249118562e-05,1.8842467531769407e-06,1
0.051858188445431205,0.052171612448173414,0.05234597522495,0.009226458846355399,0.21891106979931696,0.08989764283979705,0.03425307622314302,0.008067531465613478,0.03885664433477361,0.444411800372446,9
0.14793545748053857,0.13066513669436083,0.056402619006573375,0.02637777889861518,0.05050651967216805,0.0394720383678158,0.25727840888593617,0.00215310632091111,0.015317700224503492,0.27389123444857766,9
0.0617280714161102,0.02142757414677624,0.06492999910205847,0.012179930307286197,0.022408472690101423,0.07510250840181602,0.007115109238592838,0.711642378976095,0.01879069522288609,0.0046752604982782725,7
0.9811847664158722,0.0014240994637451517,0.0040124567549367504,0.0023957386081695595,2.736521779863978e-05,0.008500233378333107,0.00023785721100970253,2.001714070456068e-05,0.002177573469389756,1.989234004046869e-05,0
0.05512155665475283,0.21615934539409815,0.02071996067898353,0.0027835729828524845,0.08622061543636046,0.040129284946420624,0.444274509670255,0.0072972705681779975,0.06216897078491355,0.06512491288318518,1
0.04620155714044266,0.04713162795970495,0.06138130142777748,0.009084288248076942,0.3646199176704464,0.09451641875867761,0.022100057994110446,0.028057999656831555,0.0065755169770807705,0.3203313141668508,4
0.01267427552566486,0.03277137020141441,0.03199726803869881,0.004223799098473595,0.14642830674466162,0.07384190115459495,0.021183356137866233,0.016293114426655736,0.010307976623266737,0.6502786320487036,9
0.3111988832593744,0.010556552937940488,0.00028773318805495554,0.000527190972752743,0.00033269867218523253,0.00014552150789169907,0.030198084766600672,4.913890787495412e-05,0.001658438651902805,0.645045757135422,9
0.03438014018204232,0.8657377511171097,0.007588574159062488,0.002494608798648415,0.0005397304661792182,0.0023268738082609553,0.0035150752298674583,0.0003148885964545188,0.08274983638228607,0.0003525212600891428,1
0.9681740770758329,0.0009465766331835787,0.0035553683893356264,0.001624990186695302,0.00010702604798165777,2.789916047086974e-05,0.015449661646477595,1.7595925811364858e-05,0.009197858236157595,0.0008989466980537155,0
0.11656891429265043,0.006249079846355047,0.4552048630585117,0.05990794843312836,0.044697599117605305,0.11780457314474418,0.011986117282394803,0.14308217048012808,0.027287091654871937,0.017211642689609997,2
0.9823175257307023,0.0013364868611977548,0.00021428400335175434,0.00020251088389173092,0.0008689415489680222,2.5903042197907138e-05,0.013930711418240463,8.254856538672814e-06,0.0010830826799141182,1.2298974996339781e-05,0
0.44949758452907057,0.09041792382692683,0.06882772081086147,0.009636519729201768,0.08873676060294576,0.005077467121118389,0.08024437998537531,0.12216350756420553,0.05612312474818073,0.029275011082113597,0
0.13196918884083644,0.022964900124479087,0.036466984566942064,0.019415021916703832,0.08366010809705367,0.3565895178833679,0.16847658751033973,0.0062753280811264625,0.1638801960591125,0.01030216692003855,6
0.1457600344840572,0.5753880282304032,0.031380295867636604,0.09882185927806623,0.05743196198157553,0.004397819250846528,0.013165648823210968,0.0013842857607610944,0.06733070475663061,0.004939361566812234,1
0.030537269831737015,0.04080722164975629,0.6219233963608771,0.04982514374186912,0.07736315622251551,0.027759509191903283,0.011639983885655212,0.023004500479215026,0.029903066114332782,0.08723675252213808,2
0.017085486598169157,0.010197834017906289,0.0348680275231089,0.002981179413938859,0.03343490084629762,0.002629165730925464,0.03381342668001644,0.838942814599062,0.011297862109259761,0.014749302481315394,7
0.02899738841356535,0.06879924285107314,0.012994465495459604,0.004359722776700926,0.10745591223735715,0.026512406988801366,0.5897806757582642,0.01681586646389648,0.0521087445952672,0.0921755744196147,6
0.06774225717203768,0.3712706927991584,0.16055679253167565,0.03376486367574753,0.12814184679681476,0.049598331214858064,0.042253957489945655,0.05017116498997213,0.04068291684306443,0.05581717648672612,1
0.07066659468825083,0.47734096388149905,0.02544800640511551,0.005425241892226295,0.2325266873496682,0.062097908586051,0.020189005006492972,0.0042140510381562055,0.04043012538995074,0.06166141576258952,4
0.11687238773802534,0.0031943846319500723,0.010654069664216972,0.027338181311827133,0.021560048107386286,0.002341911769061324,0.10937232544434149,0.0001982396383220302,0.708238396381403,0.00023005531346605227,4
0.07640702485329517,0.02592756482596318,0.02574055383754992,0.009303107200570614,0.025904044626806066,0.6868856748810325,0.06868852376637571,0.0025089909433070293,0.0067031619136684924,0.07193135315143111,9
0.21823907910396306,0.03782435977600201,0.1880667160836262,0.06418972199894998,0.013558781250833953,0.18643710761339213,0.008088741357487262,0.024803358281135602,0.25497896178887836,0.003813172745731359,8
0.08245061583097338,0.2939689343841087,0.11921860179656907,0.13162121409332672,0.16791894085382933,0.08725581441039457,0.015917903917222753,0.003139164464639561,0.02853763706669871,0.06997117318223735,1
0.0012678990912823231,8.44938592621217e-05,0.00010383910371323981,0.997214726359513,3.371172263002677e-05,3.907256081520304e-06,0.0009671190940429012,3.5501836011947723e-06,0.000301181043711838,1.9572286161587514e-05,3
0.03839865185418608,0.029552355718728433,0.10651880368770489,0.04511234966973755,0.1410120278819787,0.2784164095386828,0.014750855417844221,0.01465307634072468,0.02651017015980698,0.3050752997306059,9
0.015297159815321933,0.005698169336640291,0.0014455203421648464,0.0004402176148700271,0.005002371784792853,0.011989766857928914,0.22110920774425463,0.0003998703333039212,0.7037315894740868,0.034886126696635815,8
0.18152724448476407,0.1902594544390212,0.271619872635674,0.015137163634586717,0.13779504628599626,0.04518436726388451,0.03971431921343404,0.002861042243402784,0.043209543786069074,0.07269194601316707,8
0.9999992349533764,3.332914108075395e-08,2.1660784891274377e-08,5.763157526192213e-07,1.281980612857648e-08,2.5542104487677034e-08,1.7575189561030947e-08,1.111191937525394e-08,5.223309866106085e-08,1.4458827037458955e-08,0
0.05283287445460089,0.1422904121679391,0.026191423625315357,0.0031663540045178745,0.10184385299163548,0.01556349621481241,0.5525767641430605,0.026316842342700177,0.03236246254334855,0.046855517512069615,6
0.10646345367026594,0.05253884056667479,0.08664590663253367,0.010895162166083617,0.12936061407541938,0.013473990517284587,0.06475278416999995,0.44804733120785806,0.047646988747565545,0.04017492824631454,0
0.3148688523933925,0.026839782804426063,0.35068893301030507,0.011225710332535766,0.11511372167731625,0.06707798291328575,0.007143574539001026,0.05444127065156489,0.033406263341080336,0.019193908337092332,0
0.3390050615319072,0.0008129940300314769,0.6143563781364842,0.016530578413032834,0.0017107773151555168,0.002933110908949608,0.0013750761837614043,0.0006481415397173675,0.021729534875897908,0.000898347065062458,2
0.99407355305694,0.00012127950638520326,0.0007165284993159345,0.003508680576125353,0.00045651199371258525,9.307051557476244e-06,7.083172049418843e-05,1.9693814606058562e-06,0.0010347500525145314,6.5881614940596796e-06,0
8.474013852005221e-08,3.1783738993269775e-08,3.714874217674342e-08,0.9999732014718885,1.8579480624314918e-06,6.7038257972036695e-06,1.974027288427771e-06,2.1694756231789598e-08,8.064225825433712e-06,8.023133761923942e-06,3
0.015498191158969183,0.01505523652870663,0.013025425046110227,0.021857916838666794,0.01085094933613719,0.19847883901695115,0.7109050527789137,0.0002028539316269609,0.010819320936224503,0.003306214427693207,6
0.028089008786270183,0.029477995404742836,0.051782124277822715,0.003689225017752852,0.03178214118436556,0.006555067797653736,0.10007316104241286,0.7079499947171839,0.023732655914027168,0.016868625857767907,7
0.0023938603401779082,0.9676262788987847,0.0013635060896825739,0.0017481683674402352,0.007107007408557219,0.009431570875809373,0.003318124272509788,1.8199845743401774e-05,0.0016407412665150679,0.005352542634780047,1
0.04305988160685413,0.06237204266573392,0.07321251417584076,0.02650958194363403,0.25145252675872887,0.03566099247842814,0.034017485537923685,0.006088972144573378,0.01357128014003942,0.45405472254824353,9
0.04593740022099582,0.08155080007691305,0.026356020934457325,0.02947730818321861,0.4013116089973038,0.164092697347943,0.1462824403037523,0.01548129145539038,0.00885705701099223,0.08065337546903317,6
0.024875616340221524,0.04356946392814052,0.03447854358489307,0.015226125094811969,0.24540839233227094,0.15799091811497123,0.0893983268214282,0.0023645673445232824,0.017183750397935064,0.36950429604080454,9
0.08293811823688191,0.04018598003313878,0.2363319400189435,0.009446881618124965,0.09455818382317017,0.016666724083105922,0.05422994386070584,0.38112434431013065,0.06058876432864808,0.023929119687149777,2
0.18415285667491144,0.0703651205088052,0.36042926674187764,0.03283293131219117,0.019528929877142824,0.09103168444268465,0.09221985819839593,0.01556746264874094,0.11657218853109515,0.01729970106415527,2
0.021331291551194162,0.032712337816491854,0.014502197252014976,0.002792960163759352,0.183943087646351,0.02833110284347523,0.023064256064869285,0.0011268986214513007,0.011143968949011776,0.6810518990913809,9
0.708862115829173,0.00761082981509232,0.1410810407873247,0.004151454850463277,0.005135778647101566,0.0026885650311322907,0.034957892874925095,0.0011177786859173095,0.09034056039562265,0.004053983083247319,0
0.02998546195534595,0.805440320601977,0.024386952919967748,0.045307016103827605,0.008661130954151448,0.007919182261433568,0.01654032810003662,0.0059692377391836245,0.026534619206857565,0.029255750157218617,1
0.07604696616768437,0.0573017396425408,0.0515556300052681,0.01577008558096148,0.2248106812337199,0.08278611188385862,0.032414974060406034,0.02081386279373038,0.014814979274207761,0.4236849693576228,0
0.25491795567261083,0.07680112345643086,0.10152559592349022,0.005006899392515142,0.24603646903171586,0.021378050305520174,0.10568920243070049,0.027427713988512906,0.14365867586473788,0.017558313933765796,4
0.10154326676317482,0.009953899627554774,0.47375542053100894,0.3545820397867524,0.012900054256270237,0.007463303272580038,0.016745885881503674,0.001446206666709342,0.01650040971332188,0.0051095135011237245,2
0.03373881879636507,0.03572659166270205,0.1267846208760167,0.028293744156021067,0.3763333824021637,0.0530089095922391,0.019415115969861722,0.06911990552570395,0.022751822148241015,0.23482708887068565,9
0.06860224981606114,0.06397572428441638,0.32137337780975805,0.030959322307984545,0.29403550493986874,0.05638451385009539,0.01314913817840903,0.024997728455700894,0.011744291984182968,0.11477814837352263,2
0.00392203935118414,0.9936212742466805,2.115443393498531e-05,0.0008028395810947196,5.528520326176122e-07,3.7713668126892485e-05,3.838466200069095e-05,4.561333820822376e-07,0.00155434353496345,1.241536599720571e-06,1
0.4042859749292844,0.10613595583247483,0.047213032370048494,0.033129152633706735,0.028035547181640863,0.016634447285108007,0.2737986069337013,0.004160975937608491,0.07272760141568159,0.013878705480745763,6
0.06885503929266787,0.8714844342109175,0.0029677461693870546,0.0018169195236660903,0.016161996539840545,0.004815796144999753,0.014708055537300412,0.00014341586564640423,0.018217223467784895,0.0008293732477890269,1
0.2925580333956563,0.015524369008111332,0.07289055913220056,0.049035234338213045,0.005419124738431604,0.015301177569547375,0.008645606780174137,0.0012338799069494036,0.054450519944088234,0.48494149518662805,9
0.9712270242127712,0.0029767748458059493,0.0045656332145967956,0.008528181045575395,0.0018865317114994964,0.0041838625135838204,0.005145722232828594,3.68897506584453e-05,0.0012216061358786465,0.00022777433680141134,2
1.9008815315536327e-09,0.999967309351435,8.575462624915638e-08,2.5675888141044775e-05,8.002153413122008e-08,3.0063704834855746e-08,1.2054625666655696e-07,1.217591507712945e-08,6.666542054663852e-06,1.775545060824325e-08,1
0.06775210924612661,0.09466715191122778,0.2655007304769113,0.04006460085665744,0.04049295214053749,0.024485529381384142,0.015024354766326034,0.254966623521218,0.14944543958193107,0.047600508117679706,7
0.05294518662887613,0.04305910811499757,0.028979692116976888,0.042210243709951335,0.21980017885509875,0.039333929119013435,0.028504987373370882,0.01100539442176206,0.015228535598269203,0.5189327440616838,9
0.9999906691979619,3.340068545233986e-08,2.421955932848587e-08,7.425478970032288e-06,3.180571078936147e-08,1.5633779200019576e-08,1.4722621973845012e-07,1.3795850085795982e-08,1.628030458157662e-06,1.1210805342722407e-08,0
0.057847273030483926,0.000213617330661048,0.9350971153922215,0.00267582077169499,0.00038179824112099695,0.0002481518586380549,0.00010789762043674643,3.0196295107703404e-05,0.002458227481062818,0.0009399019785726422,2
0.33510867362157004,0.030333718440935197,0.01398405184834756,0.006689653691375836,0.014182207062326192,0.030811833386517853,0.1983261777062631,0.0016770390208794069,0.06878025348559717,0.30010639173618764,6
0.011605537262437349,0.005645353732659662,0.003065660536288898,0.00021650855395469935,0.000251846408269894,0.0073358037087217646,0.06093183934396879,7.01384639191929e-05,0.9107793893209546,9.792266882526743e-05,8
0.020850837727509147,0.02598120315751505,0.03719883559524784,0.02379469076926579,0.18912012213122192,0.315745317312852,0.03176127490594666,0.005874090907015577,0.00935119530579694,0.3403224321876291,5
0.3799511699888204,0.3597646961658525,0.00715562967928404,0.028093927633066118,0.0017224127818059396,0.0016017793549626665,0.004636830148599463,0.00020077789460714,0.21664340284427605,0.00022937350872562985,1
0.3434994481883409,0.012517594137564928,0.1107662299377073,0.011860825678774013,0.06984275307591849,0.42071476031221455,0.007315464045883533,0.007275580875350498,0.00828780137282884,0.007919542375416777,4
0.9928262212592485,0.0003656069085843365,0.003496325544022644,0.0009558804432630985,0.00018995915764749466,0.00028916974253444353,0.000135431136351108,2.2554421683666883e-06,0.00033088176034770113,0.0014082686058321105,0
0.007042392242758559,0.9454672021752372,0.0010132979758142818,0.0010180354195989943,0.0024667665782401823,0.0010110095328544149,0.002041825799117961,3.351750106178806e-05,0.0032096863825145463,0.03669626639280203,1
0.10986867201756995,0.06836800802836668,0.022185154421110985,0.00215407796836752,0.04769702297462867,0.0064283448760349875,0.6346065376462471,0.022162060642528555,0.02127800767988672,0.06525211374525892,0
0.01193224202582049,0.00698606614161978,0.0022895483669899607,0.00033926710496252763,0.008184140461417995,0.012177421777117853,0.9393265027553973,0.0001767230903665737,0.00537522034027982,0.013212867936026981,6
0.031972028963839834,0.06524914163664608,0.09534661219374763,0.0172495792614499,0.2965724768666858,0.09991526306633416,0.018742533683745767,0.03436310192955114,0.01796236001909563,0.3226269023789039,9
0.6268512656564525,0.01284755167381539,0.05808547879777991,0.07949430664628787,0.023647818068486814,0.08964322648191182,0.044002737174086363,0.0031595433142951224,0.012640173061622179,0.049627899125262366,0
0.9879597026482883,4.050413612630829e-05,0.001102592192042973,0.0004909109561541099,0.00015277449128895182,4.180071189680248e-05,0.00026525573703590095,1.13775585749797e-05,0.00989919445611369,3.5887112477872865e-05,0
0.1843802263281447,0.1837806051856917,0.17867369968511596,0.18808273092786731,0.06656908913455238,0.0352201465174832,0.0706170587974926,0.002408452723948293,0.06821388109048253,0.022054109609221564,5
0.0038846499377115234,0.0006559643387352092,0.01042563284960094,0.9759668860561407,0.003015102916739631,0.000555501338274156,0.00025000131016367287,0.00016410005290087883,0.0013027540634399138,0.003779407136292742,3
0.005809552114345111,0.9050599830847682,0.0030625190090023324,0.0010081092380664813,0.03200576736871362,0.0063653986535417515,0.0053573797626369855,0.00025043029423548266,0.005236765770661168,0.035844094704029106,1
0.014904340598261664,0.018283739798753987,0.02278195503507673,0.006946636265232037,0.05952695298508843,0.7191869803606995,0.10204072983122166,0.0008929793245025697,0.00728677708279128,0.04814890871837154,5
0.13082120114022433,0.10487740063069463,0.02770666819464473,0.22281030114473724,0.286809653004456,0.031219840122877353,0.02986584983483961,0.0027654634530376934,0.1377038149326338,0.025419807541855174,4
0.004200511217339571,0.9863558028642053,0.0028644849248387646,0.0011061825170867693,0.0004826839400074145,0.0001438762176179961,0.00016925901339074167,2.367069750846148e-05,0.004540805022068266,0.00011272358593649478,1
0.1240740971765066,0.03893437854927853,0.042909678759543365,0.011707450126689365,0.026810896022986853,0.0022682062853802048,0.5075324073276785,0.0022763992413931387,0.20971840773259515,0.03376807877794816,8
0.03891993943912867,0.06304348951507337,0.10379219505391048,0.03914276959416881,0.40096516711833163,0.09516744308147863,0.019532949512876006,0.014048861252815579,0.03125618981536592,0.19413099561685132,4
0.02757416960971013,0.0024530787427985354,0.041827911834347316,0.000756667465498466,0.0021790385131603028,0.00017785404698563207,0.00426320010429268,0.0012207569233193831,0.9193727469503787,0.00017457580950848217,8
0.021987487660422442,0.02580892787994867,0.050284076733480565,0.0169877462273308,0.1217468712256392,0.039168370106765424,0.03387102564284769,0.01713796569747703,0.020253387711235006,0.6527541411148537,9
0.22462600746637335,0.04979304685047623,0.08746386703852904,0.020013434524420944,0.2262464356488493,0.28393108579266324,0.04307327567194635,0.005866756599686873,0.011381591652010453,0.04760449875504364,2
0.06034903019896557,0.0648879438483438,0.07925945071908547,0.00532146646496323,0.2193980566979679,0.020837835247435335,0.06670579898102619,0.3611043924987961,0.04246420507574069,0.07967182026767512,0
0.06964908125660875,0.006485618869742811,0.7175346134237903,0.006946017368755426,0.025173052892458546,0.008531441120544693,0.05753335621801925,0.024101020736104647,0.07931068989909526,0.004735108214880356,2
0.10020205463048808,0.05775878414127286,0.10739582156925061,0.02038668601784885,0.3076722934096921,0.07816088821789877,0.015028694483814562,0.03884461905547322,0.011248035490097502,0.26330212298416344,0
0.03933605946868827,0.10576715637126473,0.051099462677750514,0.00704614736475696,0.22585930182840958,0.022351239616490524,0.3740083577452915,0.03766238405334438,0.04973658371241664,0.08713330716158688,6
0.04455170523590602,0.03249743423403201,0.14685030281120914,0.007469028644069308,0.14460462780200795,0.011986097869282926,0.059725484612942345,0.4898973378132989,0.028922260762308066,0.033495720214943764,2
0.0017590996817076561,0.008624648388615402,0.0004491640633313231,0.044013684484596576,0.007232565769866898,0.8791256729592924,0.02400850186041078,0.0001299601477640188,0.0011915289677759263,0.03346517367663912,5
0.08561725494002669,0.09752601479852903,0.0758118533235482,0.008644023020839563,0.27416221881491587,0.030290635484606882,0.18421204056822016,0.11248289493236711,0.05866816852272476,0.07258489559422152,9
0.055518388798609715,0.37518355384859237,0.060696590063374294,0.051899365741347576,0.14723687088806614,0.1883941334356437,0.02805525692540803,0.005334419365251799,0.032315562764887396,0.05536585816881892,1
0.9996937095845474,1.0872716566192847e-05,3.591911909840082e-06,0.0001660527038676012,1.5935035623013759e-06,2.5420803597380844e-06,6.799131692259809e-05,5.070127090290953e-08,5.238996786751227e-05,1.2055131256505861e-06,0
0.17831845773291427,0.045733592910755315,0.09253213825826286,0.26346998759065426,0.11715479291745366,0.007023692869254758,0.09737514599675763,0.08536325518808309,0.06644409391260084,0.0465848426232629,3
0.006489312053369118,0.001076989144151743,0.001465480054764389,0.00010829722823309456,0.0008209173365985668,0.00025110474896702315,0.006715869078538497,3.774471472629786e-05,0.9743580187315347,0.008676266909116454,8
0.004123534637524126,0.9927347720558108,0.00025345055333072413,0.00035332317316066284,3.800493113262502e-05,8.757079381366128e-05,0.0011115063917930938,3.169993907543114e-05,0.0012172480443607954,4.88894799983848e-05,1
0.7550357641297935,0.016781168782621883,0.0042298108524493104,0.0006344051560571823,0.0005692933516253174,0.0034064413700591704,0.11476984646102306,0.0002940374957407473,0.0023215504295126415,0.10195768197111706,0
0.10075686146447096,0.10267579939948669,0.08416312985965367,0.024838557168951076,0.05587939961327394,0.02840726289336275,0.014366251022294909,0.4632181661864655,0.0964598747488223,0.02923469764321788,7
0.030814827363435517,0.959500295008507,0.00016311387474942822,0.00020761411175796398,0.0002071727089101867,0.007520890547764822,0.0003636579939546618,5.73521566113967e-05,0.0010544467474505076,0.00011062948685887034,1
0.1753430840385922,0.1459805637612376,0.04361216378365194,0.045745205887076756,0.03654016942739412,0.09639835967196078,0.2011731203469259,0.003999481858859681,0.2370627995279196,0.014145051696382093,8
0.0007751943222591431,0.0007722690547403044,0.0008516218367128391,0.015121439024446185,2.5371971634396697e-05,5.217190250136234e-05,0.0003770366607548085,4.643162382069576e-05,0.9819136581016455,6.480550148469936e-05,8
0.07516130285905648,0.05635579786737708,0.10636116444418613,0.009545310256796316,0.18296776946401005,0.013165527969965639,0.1005915573405221,0.35113785667186614,0.03859346906957675,0.0661202440566433,9
0.009868412526723437,0.04097383793337323,0.019805885980208316,0.011773924442878825,0.11754049368482725,0.25651598135009307,0.05620272738007309,0.004937708862753006,0.017867025132032227,0.46451400270703785,5
0.7635627877586977,0.008187544375874106,0.006303308504556528,0.1756808399490121,0.0041997753411684765,0.01113958522734171,0.01285367001006963,0.00015625630207655628,0.010334373817522386,0.007581858713681592,0
0.008045060610675506,0.0008746174441845884,0.018362828673684092,0.005511960112677025,0.0008755281558541977,0.9459910704346018,0.003243784060144631,5.768834445851477e-05,0.010770003578696468,0.0062674585850225305,5
0.01620157180105207,0.9599966544740723,0.0007602494593541056,0.00029072821113259776,0.0017075964494782468,0.002355076980012391,0.008310360634128329,1.3918263923215508e-05,0.0022101456042892217,0.008153698122557724,1
0.10920547951737446,0.048231211782957556,0.35635673775551646,0.23821308661311325,0.03366193581722767,0.059160996865239235,0.008884756526081368,0.025104187439916034,0.09604658825738867,0.025135019425185787,7
0.09782355012965761,0.008269158116944795,0.003680733547182702,0.0032951793489770747,0.10146096721167293,0.024316796472002918,0.6921238004742543,0.0006445536526376979,0.016222275489484024,0.052162985557186285,4
0.07888103689245064,0.12823082397190946,0.08895767103030618,0.014889191847328662,0.16459430752342524,0.015395874577535284,0.10290614073672909,0.22753632859155468,0.119379459656486,0.05922916517227505,8
0.02045842613894235,0.008771404234432099,0.00936157264810369,0.026045399174565664,0.035058253359269625,0.05241445702158094,0.01579426943044336,0.0006984596676638154,0.006948977500744885,0.8244487808242532,9
0.0009675030042811528,0.9950159343984988,8.488003081413326e-05,0.00015785090029829166,0.00023922623680589213,3.045612098450046e-05,0.0006144011920349541,5.448874644983192e-06,0.0028507511153131335,3.354812632483783e-05,1
0.8453830328701022,0.002839191567867429,0.0027316749338205837,0.001005256273780197,0.00031131034155999825,8.41415177958215e-05,0.00630702411322555,3.7704213394870435e-05,0.140991786552113,0.0003088776163404017,0
0.015836061218517217,0.005347601823753245,0.020687126199633275,0.0033851807042628943,0.1626215853195976,0.11976461041308162,0.1773538022107826,0.0007177767618617466,0.008316448382744378,0.4859698069657652,9
0.11576427421594719,0.34182401458032396,0.04017974833407536,0.030321883283476563,0.058272715834493394,0.0851275702421038,0.10664808295288157,0.005069804855795859,0.04470032005412073,0.17209158564678184,1
0.0006098802314326306,2.600099390351224e-07,0.998922241169171,0.00026324685977658263,3.939853305846731e-07,3.796347326592746e-06,2.8712457252456804e-07,7.72726599750933e-08,0.00019637122248479985,3.4457773061597887e-06,2
0.9999262460825395,2.7481996109953906e-08,1.7202814754211664e-08,5.521675391566136e-08,3.269560145143644e-07,5.990674262206379e-08,6.0416616297583604e-05,1.1258151516930926e-08,1.2824766581644001e-05,1.451210779221406e-08,0
0.5509838134976432,0.02175691280548221,0.2406201127651106,0.007229658514981529,0.052161368447514345,0.010068596609948173,0.01364575700599814,0.03605640530430974,0.06403677320932126,0.003440601839691332,7
0.0003504559663586576,0.0001036118686008391,0.005650089453001468,0.989797489053331,0.0016846002347771375,0.0008352615321749012,0.0003538318923077825,0.0002882921643736269,0.0005777268782836164,0.0003586409567901521,3
0.6708087225920824,0.011653782960569434,0.06984970353412207,0.010624118902073609,0.03415282143617023,0.06420419333213963,0.09057247787943347,0.0014605259659166982,0.013822968844984207,0.03285068455250795,0
0.04440026713667687,0.0019873122033318017,0.01956356521110061,0.008472659137085694,0.0025058158623454865,0.0007525353412590703,0.006942908064562768,0.0006313198824231551,0.9144753225516541,0.00026829460956029176,8
0.03458246158907653,0.016173213967281577,0.06592279541461707,0.01018246653963618,0.28744849487949586,0.05154297550308409,0.009876410154228493,0.00356729469442643,0.013309074960134034,0.5073948122980203,9
0.1687601515807946,0.44716578873433604,0.06487721843736592,0.08547988121686956,0.010784684974387842,0.0282272660769386,0.05293276776491668,0.0016491231478491877,0.023668374320411408,0.11645474374612999,9
0.005254266344891455,0.9557237209933449,0.0028838196289474724,0.007060565520082168,0.0011225768664979152,0.01146514928943972,0.011194259971809417,4.934379493669082e-05,0.004495904004674198,0.0007503935853760071,1
0.11847527881401876,0.512912697400602,0.020178248645998122,0.002838187216553325,0.04481302111318806,0.014707211359947176,0.20443140790509415,0.0031502419161690922,0.0671376594653217,0.011356046163107576,1
0.7757152082426336,0.004495922947737819,0.1251646712542195,0.0043741371908916785,0.0031618646312931366,0.007961267466871603,0.006370197167026284,0.0020467194028104077,0.0694768832829881,0.001233128413528059,0
0.9921661560527844,0.00012690269364906752,0.0016525071310504007,0.0012728758468501505,0.0001277205162590284,6.544068896991783e-05,0.0014985682861496158,8.692743659258909e-06,0.002078252403422476,0.0010028836372056966,0
0.00011435231247335658,4.023960338197049e-05,0.0004742085438918622,0.9985893069455979,2.407730450625701e-05,4.6983983319123305e-05,0.00043833725103662754,2.5857269467648814e-05,0.0001088469945984276,0.0001377897917270932,3
0.1304063248122484,0.014152009571910455,0.22076995507095712,0.040111020953998336,0.039096327533862635,0.06382281936302919,0.13192654386049288,0.002820231900916748,0.03138531617609266,0.3255094507564915,2
0.15965680985212263,0.13312888759362734,0.13325890327684717,0.01170553252681983,0.1717695632125273,0.01121388038904596,0.10836986254540039,0.12293711968033279,0.12606420821393965,0.02189523270933725,1
0.9999981811325686,3.805988685885446e-08,3.751146267741059e-07,9.521633378294321e-07,2.5223302130915226e-08,3.8853807443334364e-08,2.4579610652569056e-07,1.2613042562740485e-08,1.1987390983397958e-07,1.1169411410261069e-08,0
0.004459661201273458,4.5133704558727424e-05,6.5093297887629325e-06,0.0007532574032716017,5.867136531091795e-06,0.00023491296333955734,0.000532425052096228,3.637198091688658e-06,0.0020875441846875693,0.9918710518263614,9
0.02252704654136065,0.014549351986415635,0.03431457450237297,0.0021440057173188706,0.020332441530140598,0.0030214071229805383,0.01483191968832552,0.8681726199685531,0.014252983208546463,0.005853649733985711,7
0.09980299909735174,0.23626298713481567,0.06534179667209622,0.027695954598391765,0.02698637349720438,0.011685023874752164,0.04049952056669546,0.0027384606663164563,0.4551785215456725,0.0338083623467036,8
0.019269574543948793,0.06396861160383836,0.044322828190643884,0.008876704010650214,0.3528101969790421,0.1101060090229907,0.06817805299636627,0.006448070757320372,0.02579114254603639,0.30022880934916263,4
0.22708403057824694,0.09901155144876381,0.11795105620292143,0.007515204863432679,0.11719690145973025,0.01635969582242817,0.21270856795498233,0.12521468181449222,0.04239668238022932,0.034561627474772955,0
0.07249419174082122,0.09868729588316683,0.04351488622710701,0.028261087893854283,0.22925321174127694,0.3067910745281901,0.06823367662532315,0.0045286205448614465,0.009946385616153035,0.13828956919924576,1
0.766976409990113,0.0035776075787845567,0.0010791104636237812,0.002347499590905677,0.00010990763935197516,0.001741333531509366,0.013646047490406163,0.0001109279239305899,0.21031567420554034,9.548158583459357e-05,0
0.1051192377640601,0.01642514042635519,0.06758804907039387,0.05138387821034361,0.017434766307899956,0.0026283823052042185,0.02663320467547012,0.017120365632342323,0.6850073589267502,0.010659616681180269,8
0.4210563249201598,0.0254880589238546,0.09570776119379586,0.028730142569740227,0.26425951977087864,0.06893479473622398,0.019162171982922867,0.003096455568447482,0.0224807042430582,0.051084066090918555,4
0.030842774076592267,0.005551656001083385,0.018369771395041385,0.007818832014531572,0.011595926262823028,0.017933642574746576,0.006402796048915485,0.8890868683034351,0.003181756152953212,0.009215977169877609,7
0.13897742704553956,0.1933507816044263,0.0659520617589711,0.005613388595270198,0.08309119091587876,0.01052703209452581,0.14992376434394805,0.11190799918618377,0.12431013992389678,0.11634621453135954,1
0.28476183613218936,0.06705021417705229,0.1074468992421349,0.017126025962858574,0.08616651720497737,0.047913523932063405,0.092497106076669,0.007002839055145491,0.008076017497907406,0.281959020719002,9
0.04576874418276357,0.04937884857956208,0.1285097300475072,0.007368115353621641,0.17398627501781275,0.011640160031900125,0.08343280148077001,0.4262662091417813,0.03442315439832545,0.03922596176595606,0
0.9087449989895396,0.008171287734630764,0.01408379453570787,0.00823600562606109,0.0012997060092482051,0.002604654303681879,0.0071645777467760005,0.0006323381137259238,0.04825192937234938,0.0008107075682790654,0
0.01497179270102203,0.9428473262236425,0.00168694961446423,0.0007020218011409728,0.0005846524537123917,0.0002149930295444638,0.00035984753107867935,2.1632782278459542e-05,0.03852496157239217,8.582229072360962e-05,1
0.0773803988806668,0.6064535177802586,0.006620582573016118,0.029887029321247226,0.011999077799479185,0.03499577523337585,0.026218427137467238,0.00044740485252786296,0.05332548662140195,0.15267229980055896,1
0.018112042097709478,0.03852792510675602,0.012522834608945497,0.013181411299386414,0.17352188306339436,0.1075383197319519,0.044826016670617586,0.004750535636092747,0.017166588446643087,0.569852443338503,4
1.4504492346859972e-07,7.289106698763773e-08,2.8616780716885194e-08,0.9998594517369067,9.898665278291816e-07,2.3630926898528867e-06,4.612707947288857e-05,3.3718930115668784e-08,1.1110496536091817e-05,7.967745616533103e-05,3
0.8949497289249677,0.011543968979931127,0.021491188447775696,0.004628359163430579,0.01119876736647908,0.03294529309234857,0.004749314566166994,0.0011726742543302915,0.01683982035674772,0.0004808848478225223,0
0.13786347429466353,0.028985384317483886,0.12037624723331315,0.01389135098194077,0.22929617858587137,0.09409599895851473,0.04299996042408911,0.005735882866828264,0.051255496217343356,0.27550002611995206,4
0.7325437410392869,0.005039394051848147,0.022978420609492393,0.08767482294539643,0.007216407825518949,0.022533484350946903,0.009334065204057497,0.009099174259887889,0.016019866779110714,0.08756062293445407,9
0.1258766285212614,0.04949895890467098,0.4650989956547946,0.049979722492312355,0.1665323312280748,0.05306091270397603,0.007224120144896733,0.007660757241734983,0.04170169216802361,0.03336588094025422,2
0.001188760190212301,0.0002021432751418334,0.0002312847773798016,0.978503403480915,0.0009373518555705554,0.008619641763059934,0.007917631722009034,8.029969531893033e-06,0.0016375518885273059,0.0007542010776524005,3
0.3447911503243166,0.02771377826596784,0.001979036359170211,0.003032218503163036,0.0296282488798371,0.1243972390208853,0.44219297712692984,0.0007379732726053714,0.024779141369422688,0.0007482368777016124,4
0.0734797042722253,0.06933843057764354,0.05134467420507019,0.008738931673194842,0.37646764094791607,0.12057424466419643,0.05127793952171162,0.01413486825909586,0.010928679672587724,0.22371488620635863,4
0.4015824731155747,0.00628372246317157,0.30980208736531867,0.024599309398444687,0.0023144011165795488,0.030928167394575826,0.00397191766036299,0.169466380935933,0.048867432975716135,0.002184107574322859,7
0.2918234701432987,0.002275679997013493,0.5800326732672466,0.015895448108346918,0.007636484352826515,0.011013289557933077,0.004216179458200425,0.000578061313796151,0.08182711109233651,0.004701602709001396,2
2.742225815091261e-07,1.077433224963297e-07,2.6844614122078933e-07,0.9999150673176409,5.2697488168240925e-06,1.3476124308194019e-06,1.909906476519735e-06,6.412514153666816e-07,2.237050597017257e-06,7.287670057710803e-05,3
0.1639530873732198,0.466449863425386,0.032751231291029324,0.021932778726584598,0.07109940617237837,0.05083112067097162,0.034364416419703114,0.015375621837912119,0.0859579413388374,0.05728453274397752,1
0.053945668187350374,0.044720551521750355,0.10448007637384336,0.006399115797527493,0.20605455306586298,0.01165901980996899,0.08495591152119493,0.4157823816498395,0.02800768742076898,0.043995034651893195,2
0.07629042280944634,0.035676986826344584,0.03951497358258202,0.003680531395441182,0.0795789137041197,0.019145405044377097,0.656034485900685,0.0075182924320999385,0.017704196067871585,0.06485579223703222,6
0.2693537676132049,0.048748985121018086,0.009723058484288663,0.01619643875296631,0.3907524058934591,0.024617332504712656,0.1563372154311525,0.0010529791932277115,0.03046673202121256,0.05275108498475736,4
0.6318814742811446,0.0006198891993858055,0.311060617229938,0.003913483472030001,0.00024047982203766102,0.000282680783465004,0.0022420751939229012,0.00021563943557589528,0.048955951510899494,0.0005877090716006528,2
0.21383054557585596,0.13746067725358635,0.12850718366661365,0.009441830193848803,0.017184488981075396,0.017574660674753283,0.1506968643786147,0.010026697853937994,0.3059209930159765,0.0093560584057375,0
0.10585861472866454,0.17968743797944492,0.019262287077231252,0.010519167210148202,0.07883134748047342,0.10062310337511073,0.07384428498220433,0.0038820269108408396,0.08476797995580077,0.3427237503000811,0
0.41457995588323654,0.4539703060107117,0.0246167884467536,0.0290122288579519,0.0022847163616056816,0.004517120914899202,0.00966439627784246,0.0005610210568717134,0.05792280629505069,0.0028706598950761116,1
0.0972386093082525,0.04526352365154977,0.26922897058243606,0.040126500225828574,0.16600161175208877,0.027112233147607433,0.015646136378582736,0.025888596227934626,0.015850813248384835,0.2976430054773347,9
0.021851554224082942,0.07205942339814106,0.01421093366242866,0.012588993151433222,0.18483868073918944,0.09562323920726055,0.22984693867716421,0.0019235848993705712,0.007191992342602116,0.35986465969832676,1
0.040140258386642085,0.06264543769873616,0.11385454352321221,0.12126643222661897,0.2299296424693996,0.08279116134802865,0.016002813635431472,0.04830434233160023,0.018277110234905525,0.26678825814542584,3
0.03257561050740756,0.11275480082946514,0.11666112025636402,0.02345855643425796,0.11204196115324924,0.0629333600037948,0.1322570764525907,0.0026690193468203245,0.02243737746755201,0.3822111175484984,4
0.025195745974572338,0.07390699651913786,0.33350349941858404,0.0030827399997730787,0.18893902879682187,0.023310271327767824,0.11659528305573284,0.0011838425058457956,0.004151203921346801,0.23013138848041736,2
0.0986374540524557,0.07023093231822831,0.09690419964281631,0.03403885102563637,0.376182222531268,0.1253002336526428,0.023264104988370508,0.07580915258370895,0.027855838793807822,0.07177701041106514,4
0.06160330381895771,0.5823419651869421,0.018326630979879972,0.003566666411938403,0.027019675810858894,0.00543323892829418,0.1607865523772925,0.03555209405397154,0.09939762436914228,0.005972248062722376,1
0.00029536516400858456,6.107552630592276e-05,0.00038682236070700327,0.996585103797315,0.00024605750057469687,0.0010983547411313153,0.0011541806919939028,1.0261857410255566e-05,9.876188825025509e-05,6.401647230343817e-05,3
0.012702748588559768,0.0014076438728959208,0.008461999684050984,0.06305794823863883,0.001023691004183945,0.003013304308680938,0.00819159505048353,9.040568922902624e-05,0.005413123422941205,0.896637540140336,9
0.018883026179791318,0.019901843068580078,0.0347478061861081,0.017034271708504026,0.300473229325692,0.2730514128213466,0.03235160031761457,0.011865877794082961,0.016758152219874888,0.2749327803784056,5
0.7263053004102511,0.041889875205940875,0.08301248520091037,0.04139285544199206,0.025226555008707387,0.0446556344688982,0.01941127417498762,0.003624170521871984,0.006882029317427758,0.007599820249012108,0
0.15563844406332197,0.021128725492816934,0.00755432575826506,0.10599826140019265,0.007523185735763689,0.002946419785334336,0.11770374841539451,0.001028154407366549,0.4821114563900515,0.09836727855149309,8
0.030086876434553968,0.0481392005189057,0.08553171150456053,0.0606801997750629,0.45079813592338824,0.1081989466112559,0.014951860913836608,0.06197047427434877,0.01373953611673006,0.12590305792735723,4
0.020397760604705672,0.03941142622292849,0.007622701479552419,0.02696529892157465,0.0007763641435474026,0.0039128998942126085,0.003652306847492387,0.0006858649651030611,0.891977746519695,0.004597630401187561,8
0.02577681260985781,0.02832070955814517,0.008114489778847175,0.02952298509630236,0.004951028901072986,0.010033561538925014,0.007649251539251327,0.6604886663301907,0.22306007193406466,0.002082422713342553,7
0.06233299759218092,0.0186179389338837,0.02293615510943185,0.006658473618448983,0.012679991849826813,0.038107160758755663,0.054732215089855776,0.006196670605517898,0.7748895205642597,0.0028488758778383257,8
0.5812057374930114,0.0020327149591580244,0.00631508980925902,0.027714244483697068,0.0013295628602308061,0.3712010294631201,0.0018202153020173487,8.25885460941726e-05,0.008155584104663173,0.0001432329787488186,5
0.004798175141015833,0.013737499335737292,0.00226909293424097,0.00275056562051474,0.1125961953235677,0.2527047932655219,0.14505487428513983,0.00043989397073010796,0.004942735019609405,0.46070617510392275,5
