0,1,2,3,4,5,6,7,8,9,Y
0.05441008298114276,0.002283660322003564,0.014978180679084605,0.3968499899171186,0.021012198047985417,0.0014976725636230966,0.4108140036955707,0.08399301564102485,0.009825244236679732,0.004335951915766942,6
0.09248871846119834,0.004712462405616004,0.11928243973380792,0.6039174592843729,0.060211143912722614,0.0018263355206899964,0.08782558285465525,0.022935025326177846,0.00148139172728078,0.00531944077347847,3
0.02969556964258384,0.1670719258357206,0.24988096198467702,0.04422664697822143,0.057597627989258375,0.41737123363907136,0.016376876765310713,0.005904258598161715,0.0050971639972110985,0.006777734569783945,0
0.55066546098661,0.0010461362708403565,0.03799084983744554,0.2339239311670346,0.008895831324412757,0.001534619804797004,0.16033862833972676,0.003112894678530162,0.00036772282435335865,0.002123924766249943,0
0.037485904620322336,0.0040519689297637855,0.14574316059587822,0.07171155418092513,0.6569528483548246,0.0038657951686235526,0.024870651536187602,0.004887466796850887,0.0427954788544456,0.007635170962178392,4
0.018694482566741773,0.000548860569319832,0.048313305937133254,0.021534529567082676,0.003841379856925422,0.010057047344496368,0.02064916897902224,0.8689815275767507,0.0047617060668434215,0.0026179915356838892,7
0.0010939717499613478,0.05204849453840371,0.15216905811542775,0.002011685564738094,0.7833222466689524,0.000751891371303227,0.006839584885722684,0.0008916071383304198,0.0004600339747075729,0.0004114259924531222,1
0.005267534106451863,0.00214033058204791,0.009871126454059362,0.01883132976288915,0.0062192020976468395,0.09194665408904508,0.06288172442246528,0.7859605279306319,0.000995698399436595,0.015885872155326074,7
0.008803648549754028,0.005271120144825491,0.0013542178990689506,0.005268146208605845,0.9737691249945415,0.002173101429650786,0.000660614335282778,0.0014701772994290306,0.0010010872318422241,0.00022876190699992887,4
0.06591845001216853,0.025506400843445784,0.037103437131878705,0.05658665670595428,0.2713404171115029,0.018268380242853946,0.19089889390254472,0.0067745181361519744,0.03909152406614702,0.2885113218473521,3
0.11204022163423995,0.0021622072289799107,0.023993537794241973,0.07897750595823018,0.07808769143554539,0.23765038516297912,0.062031439704323045,0.011063822624491635,0.006982536612443542,0.3870106518445257,9
0.014099760851741203,0.0030707955674609258,0.0036066271768968195,0.008681440479584822,0.003368699477719897,0.882092664837018,0.007406228391545244,0.0024336311010135746,0.005288736070311504,0.06995141604670767,5
0.11074308006550386,0.0430879549121153,0.013771497568023242,0.05933411784340055,0.016662944541535128,0.3230723852070034,0.010403518256766935,0.35463692600130103,0.005646751442790248,0.06264082416155951,7
3.044033437563185e-07,1.6396540341710656e-07,1.6435058120972872e-07,2.0004724439495577e-07,0.9993746482160061,0.0006100930024040882,1.3752383076948651e-05,5.233226851112237e-07,1.0877100992513765e-07,4.153824488725051e-08,4
0.008369848961219391,0.012013190283809146,0.0016623930886565078,0.003766005122723084,0.0014587990151970123,0.9136249293401989,0.0016619672905061513,0.017149920873286765,0.0011782654920750443,0.03911468053232806,5
0.06914262295651821,0.15249206011264418,0.004992370403318609,0.034593988763083616,0.011381069433203439,0.4544888451583773,0.011903688864090736,0.0056239635980911765,0.001621747525533726,0.25375964318513955,9
0.32675814089871813,0.0015379596748682652,0.06900209842535407,0.20863690040703226,0.10022999065148806,0.004249664626109289,0.2498299911054987,0.02327817985038547,0.007716684154989135,0.008760390205556433,0
0.026827034918523913,0.0004059099533168201,0.013657551824806725,0.1185223182286765,0.012047732968865688,0.004154952756915456,0.12193455151669733,0.6915170671702637,0.004439435986802307,0.006493444675131593,7
0.11733682012677546,0.008074252872703445,0.01457774137566696,0.009750067410143847,0.003447092712903965,0.696074010856335,0.048594926958708526,0.0018410446157456955,0.003326486755840382,0.09697755631517696,0
0.007409609102759234,0.00026931479636381196,0.2396310525043142,0.1190116675862535,0.001995158985211751,0.0034555325625435103,0.5357210489566852,0.0009823736105545604,0.09094110313424025,0.0005831387610735979,6
0.39986853191890026,0.49556548315899185,0.012737411041739954,0.05938280804547287,0.01770683391150732,0.006127069205243347,0.0050074107648680755,0.002793971993037252,0.00015987845015828794,0.0006506015100800912,1
0.07674881942339558,0.5245287063021522,0.00225997366953656,0.04133598850552091,0.0060017413130325215,0.05444033422844438,0.0035437957989428066,0.03234524758694431,0.01490546426172527,0.24388992891030586,1
0.07865911716173445,0.02002779970541721,0.021976017943883853,0.0663110058133619,0.008643887861849992,0.5146962618021286,0.030022169237982413,0.07969238345944664,0.008704735834895451,0.17126662117929958,5
0.03515994904082648,0.013801266764077825,0.019439635886974036,0.07032342269205034,0.01091318391707838,0.002374375412563111,0.011551759149694196,0.03229113077907178,0.800566321171913,0.003578955185751149,8
0.0031269109847650418,0.0001868346280106753,0.9668235919042858,0.019921419101192314,0.001953358344728595,0.001714897039602838,0.0019922605017221214,0.0015375761640823318,0.0006019098092019383,0.0021412415224086215,2
0.024785217625947722,0.28239380754533877,0.04789706785374094,0.03529164278283609,0.015282791376537664,0.006475746763328029,0.07862001087868135,0.505551562557393,0.0019932647540415876,0.0017088878621548315,1
0.026605696654776568,0.0014101462834887476,0.007873344176003685,0.06758732425485513,0.8473941922332469,0.00562214795774692,0.019176087337003597,0.008283572047880041,0.014359655690511336,0.0016878333644873914,4
0.005290417318613807,0.0009828417275388182,0.6529125424580288,0.01872906579256571,0.0033932173104977733,0.006154379017560335,0.03679874741662659,0.0036653201929243485,0.04549896455500236,0.22657450421064146,9
0.02386327278703168,0.0006613844988610713,0.8778975691146463,0.051674605757889916,0.002306832633798525,0.0016353695671585857,0.014751068017119673,0.021401353767429458,0.0007902022790526541,0.005018341577011466,2
0.2989368984628423,0.007584330813388862,0.0046249500931921875,0.08261561749793661,0.013235346921167322,0.013988823120673963,0.06721772617215603,0.4953707836125253,0.003955952779234008,0.012469570526882984,0
0.2512329223604418,0.007237030190852097,0.02250310965314865,0.34804555798081804,0.05585136964756596,0.02736571573622734,0.13071319369106618,0.08609849270297983,0.05436733791912138,0.01658527011777944,3
0.10002746348670484,0.013168003492830753,0.09022833005706864,0.6836886304995735,0.027766418090308314,0.014036884544619876,0.05757515744796072,0.010457617340044365,0.0012156881399417812,0.001835806900947659,3
0.328283690310869,0.0033543320992830286,0.02308089377641964,0.041034362284401674,0.003913229998301605,0.12393591448408336,0.19895778490995333,0.0038744445777345645,0.03789765053851178,0.23566769702044188,9
0.021461376537819907,0.0005390929890102202,0.9084942660380186,0.008418989474588074,0.014385869931586418,0.030386256351035163,0.011813982315801164,0.0021586716096436654,0.0016769270011255423,0.0006645677513708911,6
0.0074895772224588845,0.003042172878181967,0.14616060570772035,0.7816191720105866,0.03270118561527997,0.0011705906071877489,0.024668920660754965,0.002375468802998041,0.00012328403553424163,0.0006490224592972506,3
0.022802659237661685,0.06069134901283295,0.09561318841772491,0.04819995028122869,0.015925777701384373,0.031539567860505324,0.5495502028119361,0.16951280068672922,0.0024409050473054887,0.003723598942691522,7
0.09816886346774366,0.01338004383796421,0.005988862703993165,0.03358461025693047,0.05614046390974242,0.5701468889687867,0.015017903896540098,0.1897768480298787,0.007891137441905685,0.009904377486514182,5
0.04608814030858391,0.07342187603359976,0.004769015747178799,0.024435081598915227,0.008645396609777466,0.7928777000556323,0.007084022646823217,0.017480608506013188,0.004102696861780302,0.021095461631695765,5
0.00018083907189626606,1.1539225159969418e-06,0.00034719566603239445,0.0001531535001752075,0.00036031380838981875,3.8263439258374936e-05,0.0004564525707508506,0.0003495132975156647,0.998057613499937,5.550122352813465e-05,8
0.764623355668347,0.004880728037826528,0.01595223439160117,0.15904670958516462,0.007205399026068873,0.005564794542196061,0.003723224026015142,0.011508331860646258,0.012588606069473152,0.014906616792661517,0
0.024684745663317714,0.7478702931259155,0.012359981036637605,0.17985759902868476,0.006224141681542305,0.017605138374913166,0.0034495940706746656,0.0034566711224014936,0.0012536967471560286,0.003238139148756851,1
0.05704219024080971,0.5005400951963319,0.005068191884211286,0.03574408529611325,0.003919724283336974,0.01490937575960844,0.0011654764183295493,0.011503535705098112,0.32657405681002477,0.043533268406136284,8
0.051571511838787734,0.012755793688369646,0.01702830841441583,0.23428357044972134,0.029538346078009085,0.0559880811116613,0.15644551392860245,0.17250277204456102,0.005598583314073715,0.26428751913179843,7
0.0016219407162678095,1.121562239540449e-05,0.9935838247599034,0.0030188552013683287,0.0010919602014992293,5.9010661104122095e-05,0.00020260927024226145,0.00036731624804422683,3.137265067887524e-05,1.1894668496801944e-05,2
0.16488307642253572,0.0007560840499186474,0.7387051189195585,0.05407096786241309,0.0016785791594405438,0.016362614243154838,0.021008087507002986,0.0010395671345451779,0.0008299643832840671,0.0006659403181465566,2
0.02517059292278179,0.06790922390480472,0.003569054618275122,0.007778674576009323,0.8327001868031377,0.042076353269694285,0.004520494869164132,0.005612588446233227,0.0006239732732701707,0.010038857316629565,4
0.04840712184726962,0.09762299754541091,0.0039022091802858555,0.03699186218098698,0.03615127660940084,0.5564945589502017,0.012272031249227877,0.03292989094472787,0.013237262754030029,0.161990788738458,5
0.020377362928044644,0.7574142442537062,0.010908648405420268,0.004114458336918673,0.0016657275147552286,0.03658234537393081,0.0018952962865875396,0.011545065458866827,0.15158001234552912,0.003916839096240885,1
0.00703595086812979,0.006548133196766114,0.5923926166226156,0.024965939468502084,0.046916164945769334,0.23880498184664356,0.06823922131071708,0.007904144293650694,0.003210385446264479,0.003982462000940806,2
0.450504973575098,0.002071507103921849,0.34011133460237114,0.11604030168454758,0.0341666023151476,0.0013535967215103021,0.02616327895263403,0.008918019589148824,0.014234919968159083,0.006435465487461618,0
0.012502028930485866,0.9168266713815711,0.0005060087142627336,0.007566322164044125,0.010245613364305047,0.019160511222634145,0.0011879446238633562,0.00897357496633062,0.0036870968646645222,0.01934422776783904,1
0.01657651993387633,0.0010311695565233254,0.14893453792132322,0.005142799560342669,0.027154437642151974,0.0402330201720402,0.46855589528726277,0.006774814239986002,0.25223023715731974,0.03336656852917378,6
0.07243316147919122,0.0017931031475214789,0.047039600829581196,0.022939246227284,0.13126304322475674,0.029009435641548266,0.27285876278310933,0.002434716937282521,0.0028290503232407246,0.41739987940648426,9
0.06961993619687544,0.08014672588566792,0.016146672366557268,0.09530147788516803,0.3369262546429062,0.0851803427340842,0.043930357562985196,0.06052167168989605,0.0033244177558146145,0.2089021432800451,9
0.018824817392012836,0.6170437232344586,0.006501000925313904,0.018728196560142473,0.06544505989941635,0.18855835380880376,0.008722585843455106,0.0043340541833369805,0.001587626929111946,0.07025458122394844,1
0.00022667911388567856,0.0014534067623891505,0.004276989513893692,0.002244739880024242,0.010903905250009454,0.010261490409344445,0.00017471428451808495,0.9702961257008359,0.00013305453193086772,2.889455316874068e-05,7
0.012689705016738401,0.02169593558945718,0.00227080801200301,0.00762612492775297,0.0077079022857756896,0.9288296068776434,0.0016692817392938556,0.0032253548408757576,0.0009349823538387172,0.013350298356621592,5
0.017404121960048282,0.024164644598977394,0.00813249091998187,0.4244161641932374,0.052386909742906974,0.012836445173821414,0.45238290234636097,0.0068894178749655715,0.0006535819404104757,0.0007333212492897759,6
0.5322291466030584,0.00615228455771054,0.011155367726292413,0.21385310922901396,0.19247408471126493,0.004834014484180524,0.02885546701869684,0.006401842483932283,0.0010521970894233643,0.0029924860964268604,0
0.14744849301922514,0.4219343356303354,0.005516751414605184,0.07928832951116283,0.026783404324079017,0.10148411876041427,0.013417349839258547,0.048886776004642495,0.03568937841289671,0.11955106308338037,7
0.07833823683711882,0.6108639237320359,0.004696856748332726,0.12202072619625573,0.00832338104882418,0.09900271552933859,0.02019640416619295,0.011480256917194087,0.0059004610159911226,0.03917703780871579,1
0.04025938268091814,0.005768782782344366,0.009310520019227934,0.10393488185161709,0.020334414454327168,0.029354984210939423,0.19773962793310282,0.01650599347135926,0.00814486061373065,0.5686465519824333,9
0.04019968447538424,0.002520824992581621,0.012253029853938448,0.10452537726478836,0.028928309458583604,0.018636013258777135,0.7148864415082713,0.006196921912010639,0.016524540510666756,0.055328856764998206,6
0.11857105708771358,0.050049761364979864,0.018823900798496083,0.41774418079826264,0.07112608174796974,0.007204215902550861,0.03936869349892575,0.12624182160860611,0.14947591575262975,0.0013943714398658722,3
0.0015439978617934993,0.003882173114061591,0.007054550599540146,0.003379771077788457,0.00112813777643767,0.0019376721613553862,0.0020173287654932,0.0005251180013534541,0.9715003546440959,0.007030895998080596,8
0.42293016193503574,0.007557876180794623,0.3336705408817404,0.03754799242372226,0.08767831127852216,0.05431038157258416,0.02170610645958647,0.020222162403267185,0.00870158346565295,0.005674883399094147,0
0.05085530718581576,0.7536965867372752,0.002074053287533333,0.02926556980250505,0.004709167746507768,0.03942064986529242,0.001908514095802355,0.0074511043858871235,0.013367737484515923,0.09725130940886519,1
0.005626171555164529,0.0005135546119742656,0.1747434879328844,0.011692884530718206,0.0067798546859179475,0.0053839949627194515,0.06171308982117602,0.0015243947923823421,0.015317873333721142,0.7167046937733418,9
0.05064816138451259,0.06056025722748225,0.012878181733337777,0.04708353247909229,0.011052237226646498,0.22710921275891258,0.008454979341251292,0.004713616013682412,0.0669133735580255,0.5105864482770567,5
0.159668928132713,0.26138618589660695,0.04808548330934664,0.17695294209687645,0.05548102741484827,0.04035770300681948,0.08391312161966084,0.11819525933185562,0.011787812673256584,0.044171536518016606,1
0.006168819061991163,0.704558624210813,0.005975098173371196,0.011348679261681665,0.013248300357626261,0.21395551573586566,0.014705081880486609,0.011008974214571433,0.00043451453667691964,0.01859639256691601,1
0.014960342183125227,0.9156339868323805,0.0020591291002615714,0.026263909375872255,0.008711421259167568,0.01429866393466156,0.0034802065071230575,0.005168854858011518,0.004393039376703209,0.005030446572694012,9
0.022757253112194165,0.9016552542525118,0.0009530636920647268,0.011382123017025594,0.006405911097925327,0.013519903874073714,0.0015235332632487434,0.0025767824516524634,0.029064722863435928,0.010161452375867767,1
0.11453044928226004,0.0008960777666216321,0.21979366096578046,0.1886482802452483,0.0345691520651621,0.002400862243415001,0.05887413560838785,0.37399925731284206,0.0009010415965187003,0.005387082913763778,7
0.027148343449210653,0.005819290604755967,0.023204826414731854,0.062035589314975596,0.009623293625843823,0.12029546960478711,0.04343596081324198,0.007092983478691352,0.627204041012797,0.0741402016809643,6
0.16168211866504428,0.0022499294454799757,0.028602647989568138,0.7083991111289208,0.028147187873994096,0.0011581316374242167,0.057129824754374586,0.0020307460425151532,0.005110974442495684,0.005489328020182823,3
0.013804445125386087,0.02189142666287806,0.07186252594078274,0.15887463378362854,0.017968339044506034,0.007981877643490612,0.6493289591978958,0.0047023617785440135,0.020823998556379477,0.03276143226650842,6
0.008047285807050603,0.0016892931661863018,0.009688135479232604,0.0032987793949985746,0.01904883268940311,0.0509015706706663,0.004956148363701429,0.0036473184487741278,0.0004467873401557269,0.898275848639831,9
0.02483590878905705,0.0021627806426021525,0.0057154292057903155,0.014760765696055186,0.002288346039598257,0.0017504960688607548,0.0034004128817532193,0.9327347763846329,0.011790645358557932,0.0005604389330925674,7
0.20748217465874166,0.04373227752523883,0.06048390232010919,0.04744112187334992,0.022168970956408365,0.3305031251758756,0.2745035661612103,0.004442007246561959,0.0028888373315170807,0.006354016750986614,0
0.34077663570201305,0.00502268711107485,0.012596657719717552,0.38619890863652095,0.10487026155131962,0.017749991977251883,0.03583747681497129,0.08250415182701448,0.001199684552330123,0.01324354410778635,0
0.05022382949719163,0.0018901976517324917,0.022760766943702052,0.20232479597495512,0.003442581057082979,0.01974404670990559,0.5763314647288406,0.008372197247299361,0.018833450867807668,0.09607666932148246,6
0.018296720843458524,0.013086145240966225,0.10370742974353389,0.009495093064528835,0.012002104662719518,0.02727000510277862,0.02494206736938077,0.7887318583594851,0.000654800558215364,0.0018137750549336495,7
0.18494552427291816,0.08401202490222817,0.018239400259875808,0.23140625542309168,0.12407574450333728,0.2043357090386044,0.04887567214709293,0.008141151026750589,0.01386295313145497,0.082105565294646,3
0.0031852601724720615,0.005911310102992344,0.035144816594295636,0.03526089415767305,0.00152645071740795,0.01826012467758412,0.008933872199678793,0.0012285717483333832,0.8681684873886263,0.02238021224093635,8
0.03647232764999487,0.007437840935385384,0.015629144183999476,0.03836706103438846,0.011522881249727184,0.03289560597288055,0.020872016969999792,0.8000490231335498,0.029896232708584353,0.006857866161490279,7
0.27756142295204894,0.2740793331024686,0.06516181920933176,0.08696698061740842,0.011634000129126815,0.19323499035683536,0.029663640491504113,0.0448723251794501,0.006528774733946422,0.01029671322787935,5
0.09638154680464676,0.002400443805883347,0.0074520208847469295,0.07410079620837166,0.11355584447504949,0.021897502142888856,0.1737584771735691,0.0028468369377226627,0.0024611295397930417,0.5051454020273283,9
0.05632896753107913,0.0015359227220286293,0.2156229125064857,0.2976189198330208,0.00924260279831503,0.004603241403359642,0.3439003325559562,0.05531011381663396,0.009029012197915453,0.006807974635205129,0
5.971038448239685e-06,1.9416747669004508e-06,0.00040957936281694584,0.0001063018657026503,3.095138754905651e-05,2.6814435552742945e-05,4.590084149564519e-05,8.756355668212557e-05,0.9992179346499646,6.704118702115145e-05,8
0.006965392538895749,0.0005043361689832192,0.04190558069516405,0.0037514042747904207,0.01354038396026712,0.001677010255340537,0.003116930092740217,0.9282843980958815,0.00013632715412487936,0.00011823676381247407,7
0.06326577183825496,0.04552641005913251,0.005232177611430652,0.028178724725624615,0.017113386903847522,0.6539405483908463,0.007441365061206792,0.02694075454630364,0.004199170065095494,0.1481616907982573,5
0.025600869738813377,0.041885310005291394,0.0037912307593005435,0.031186554555589392,0.004497151807745748,0.3929433867574493,0.00626751590561048,0.007822979045244248,0.016501253104451597,0.4695037483205044,5
0.0337045665693025,0.0015812195295109687,0.014163475053169068,0.019927459202693485,0.11670174144639231,0.1037089065003611,0.03503707471391637,0.0038844872488963717,0.0011415869523205065,0.6701494827834379,9
0.12031857018727712,0.06575000837189811,0.03753886349558967,0.11470692539707343,0.09030409403239979,0.062228307714530556,0.03040361538149054,0.4436352835199907,0.013734064035936041,0.021380267863813363,7
0.002960289569074974,0.0029685332794053294,0.0013497076402766996,0.0036975850992714216,0.006401190014326435,0.9732347550412477,0.001297978557253122,0.004458794173495316,0.00033418469901497124,0.0032969819266338036,5
0.010906160154801527,0.9117139087355196,0.0024213544262875193,0.03248730337890356,0.003322685663679208,0.016928139395286968,0.001326486796790274,0.008396142211273402,0.000738922062585614,0.011758897174872076,1
0.024231078505157464,0.4312776640396676,0.004326079991892287,0.013785374925364509,0.015009497870066522,0.40506368390113934,0.00897768960170719,0.043844606806367835,0.022196180467662453,0.031288143890975346,5
0.13922814615035586,0.09733931778479178,0.010938994859253454,0.028889630866398484,0.018709660432778306,0.046474356893070494,0.006378207441947181,0.010386174988211505,0.6157461862653014,0.025909324317891263,1
0.025774051458829113,0.019357583159883725,0.004076489957122445,0.048293717565567995,0.022604853552323972,0.8189974294830232,0.01607200457781089,0.008240343421993434,0.003680206415631122,0.03290332040781384,5
0.05978000080211077,0.008587368141886905,0.0249052628822392,0.2370820094255598,0.004715100486599033,0.039150710187160515,0.36642871889147954,0.18159175384921752,0.0031882882030839026,0.07457078713066298,6
0.26474930258201196,0.00348252361486021,0.03625072605934896,0.043804168722306996,0.013022757386358191,0.08623998266547236,0.06457349973221281,0.037721975570983834,0.06568954627569477,0.3844655173907494,2
0.00553540153523082,0.00448555238909607,0.09511575520605256,0.047413213978004534,0.004805293106608832,0.012086352208435902,0.19153220919162572,0.6314924324834978,0.001265991806947455,0.0062677980944999935,7
0.02866726749213778,0.0027558951760599496,0.0021138800151119753,0.023477688003335686,0.008938543071744355,0.010826255362933595,0.020154101261037723,0.88984893859446,0.009660869175277358,0.003556561847901672,7
0.0009461013134589013,1.2908891378294111e-05,0.004539322969111665,0.0010160914924597253,0.0001300118983744741,6.961872374345142e-05,0.00040529552762425013,4.4072117957297244e-05,0.9927766652917234,5.991177416784281e-05,8
0.008695219200549791,0.004259786478269611,0.585416959514572,0.004321768085507167,0.28698492975348316,0.004353365904400459,0.09931763589969222,0.002236069740439856,0.002120282604163525,0.0022939828189222737,4
0.05198203553038489,0.3773420133796939,0.015698435503566185,0.24275695022697585,0.02763575802047042,0.04038612690857626,0.1398334595491127,0.012872302508005702,0.002911682233339922,0.0885812361398736,1
0.044434968998946396,0.038586908659977236,0.017066355578043084,0.4177459069496642,0.0149427591448493,0.029380476537343374,0.30199645715013373,0.028731868187432102,0.0011237233236923547,0.10599057546991823,3
0.07052471166323329,0.002719834514148572,0.37801012389808064,0.37783305851089577,0.065802209114272,0.03165297267868134,0.04369652833791671,0.015578551751743004,0.009672631053744512,0.004509378477284394,3
0.05156517165995427,0.00147298998641611,0.039760754844975245,0.10820421164527237,0.01917349992188295,0.00454229640158045,0.0779838388627303,0.6902838337867817,0.0044286717761563565,0.0025847311142501543,7
0.005459882762325374,0.0021364594120669546,0.003494809961565173,0.002819851531591095,0.00261217553188552,0.9637153840846557,0.0014985247082978184,0.0006745179872659097,0.0028005204433069956,0.014787873577039014,5
0.0703089728653645,0.04701475472181454,0.012560642340467013,0.0686683261199141,0.012987426577964837,0.20099137460207903,0.013875347494333189,0.03488202911808449,0.4482320699011944,0.09047905625878434,8
0.007855850732582622,0.9207329083706809,0.0005540656627855411,0.015031148555231173,0.0031076506033395923,0.027470661784103338,0.001114461985220436,0.00562398344239642,0.0012356043330047958,0.01727366453065521,1
0.6126277911031645,0.0013004310357015907,0.004006393122533883,0.21363901055706846,0.0639602073682918,0.0029398470407383586,0.022628212520086434,0.028597446254838534,0.0004460907738441044,0.04985457022373286,0
0.04056638022337953,0.000382106849259357,0.890921164132908,0.030417651561874794,0.01592583920029155,0.01519627440498667,0.003613473134886603,0.0013792792508732974,0.00038262584783151066,0.0012152053937088008,2
0.11812380169599401,0.05487014530067225,0.022152821911925046,0.0981723814121725,0.022756403623190088,0.17427751887175735,0.02009512510373486,0.13611883917661688,0.20299154742769623,0.15044141547624143,3
0.04549255683983211,0.021725967016777967,0.02060934077305667,0.04240141887893255,0.05501548503216103,0.04714935331184628,0.03522175073103566,0.016869273392750597,0.022251430812811362,0.6932634232107959,9
0.08627059563093967,0.032151644184855235,0.012641171996902406,0.024113922487494874,0.0734173274513929,0.3750542777420471,0.14475980255701462,0.018661175118732415,0.032710226078619835,0.2002198567520016,1
0.10891072074858293,0.025640763317909324,0.10201190698227719,0.08529173344064442,0.22180457959266348,0.09863974013439687,0.0851511885308985,0.005865368136806919,0.2220201402286683,0.04466385888715237,8
0.032100253107584756,0.1713894482187624,0.3479605292616948,0.26636421751780764,0.007484125718040501,0.06375378645667694,0.051684780906978346,0.018665769664827664,0.034767437528898985,0.005829651618728128,1
0.007346712225797655,0.02824890097592678,0.821874742718372,0.035905002940381216,0.015432854672719706,0.02014693682549627,0.01945476011125155,0.015556496568075564,0.0022124224898415062,0.033821170472137944,2
0.15761498416166037,0.011173133138120982,0.2746760525156466,0.10013131396773756,0.012556831350255126,0.01385793792398713,0.037083205754779754,0.3739113055847344,0.009556784530047666,0.009438451073030473,7
0.14438865944021745,0.023053857568224527,0.022121501426829424,0.19543399240939283,0.04884160411571796,0.06411487958038786,0.36303639343372873,0.10507096115014565,0.029572343932755915,0.004365806942599517,6
0.00555689756791016,0.002814568705330097,0.019647281819572288,0.026109794477367467,0.05936904518149257,0.006805984972893147,0.01758487017324318,0.8596955918252613,0.0007645932407006424,0.001651372036229258,7
0.006349821935064933,0.012942952102505794,0.0006838488059919154,0.00646316243379083,0.002872025638347633,0.013722218689288027,0.0042284292839573434,0.003950101080821563,0.9190575128829713,0.029729927147260936,8
0.172784324825892,0.0712367627020521,0.012804693078922538,0.1512223628659943,0.021109239572222806,0.31673670738215143,0.05716476751524614,0.1230263159232897,0.016773513981365788,0.057141312152863104,7
0.03136541767006588,0.03651677527192186,0.012662803578754107,0.0709873054501592,0.0069293353135054135,0.09305441480274239,0.05457362263187669,0.3138624924182962,0.11695265510981472,0.26309517775286434,7
3.140795267588647e-05,8.063794411730121e-06,0.00016295961583471662,1.595321236110326e-05,3.2373497858789334e-05,6.477468988147484e-05,2.017632536489737e-05,1.1291407254732261e-05,0.9996160189843265,3.69805200303808e-05,8
0.005115957417401053,0.9475826409819492,0.01804956446225327,0.010384276714012125,0.0062212721080138565,0.005137794208334791,0.0033339069651876717,0.004020935112479466,8.709768424593844e-05,6.655434612278992e-05,1
0.07315645214081236,0.16174810869746464,0.004132616861168272,0.1383013927004115,0.011361197320462781,0.27382762490859486,0.022390788842188702,0.02767666527648248,0.10177015511600508,0.18563499813640905,8
0.08697417699036887,0.5644445735121035,0.004949015109365267,0.03242214394687251,0.034302835803773614,0.15636667344297156,0.010100124461001876,0.029126891987889515,0.004360509587453808,0.0769530551581993,5
0.06258538747542003,0.0014822879093125563,0.017611201280122394,0.5232213879250589,0.00632912431014007,0.006010315907540634,0.2896132402986976,0.08983236698902569,0.0010011633884698292,0.0023135245162118883,6
0.03501633195122701,0.0006595115180708769,0.06167938395463747,0.7694787347049653,0.012001640103871222,0.0014383565888565094,0.061190482447876685,0.019412018849002996,0.032695853622691916,0.006427686258800129,3
0.01019932579578647,0.0015264880484400886,0.9383776440441738,0.00470178415850223,0.001627890566471203,0.0017861481179445205,0.0014629395960566419,0.0021427588576338,0.037529127458841745,0.0006458933561492988,2
0.01746887816211292,0.014063277937710663,0.002761289253153496,0.012607640440039867,0.03225564608096595,0.8599063506670737,0.0021294371091455464,0.012405280383377034,0.0014946792862550792,0.04490752068016595,5
0.88705800399086,0.000328626171117221,0.0021931135574564716,0.016203542526800455,0.08627309327534113,0.00043683683251278144,0.004648217918159252,0.002502317066624839,0.00021616396000457728,0.0001400847011232632,0
0.008135769711927513,0.958329508622694,0.0015408431619875298,0.007711882023661563,0.005287730377567259,0.004494438804758094,0.0016042921107842234,0.008568462558905752,0.0027878627280613242,0.0015392098996522992,1
0.002764690266513102,0.00040867765219011255,0.008159178292026116,0.024580908419392353,0.0003076817672403347,0.007381531069670228,0.9234517981282901,0.0010611137905984695,0.0023151965969214015,0.029569224017157603,6
0.13217917825074085,0.002121602083850705,0.22117222330523706,0.4282533074463354,0.021796432863613758,0.0020459134836285347,0.11278565696604008,0.04103939273150691,0.033185933808285016,0.005420359060762158,2
0.0010468102904489765,0.000509322475141605,0.0020046562350965144,0.001235740459873682,0.0008483153149005231,0.0010205804317714037,0.005987775885286752,0.0010785147852714718,0.9856051819261408,0.0006631021960684804,8
0.12182428675221599,0.01798674743184763,0.028477851351712206,0.12374597689586032,0.012610643467741038,0.03996791242903511,0.544865790667939,0.08138669638556952,0.006179489352655659,0.022954605265423447,6
0.022343938865908266,0.00023997895242517132,0.0013146725488311932,0.014048312944585212,0.9503170231888463,0.009859341738872821,0.0011787553984724394,0.00021794025077599225,0.00014365640330402175,0.0003363797079782924,4
0.011548645881624839,0.5738783089669723,0.10225918046912975,0.15854552564214322,0.09337522043600077,0.033926193398479895,0.011500693904531008,0.005484368006802532,0.004509529563918976,0.0049723337303962155,1
0.005498550327512483,0.00270544302362415,0.7922139285440701,0.06370951273898191,0.011164140157098225,0.06533163050503778,0.04649256175729461,0.005709754221044506,0.0031255367384978093,0.004048941986838276,5
0.15544301133643457,0.10660512793725724,0.23999258846195012,0.13449641832733664,0.03328590833068492,0.03292643390126581,0.24304228126987562,0.005510390952951986,0.04215553531111242,0.00654230417113052,1
0.05476781362980943,0.7631456513984272,0.009218553371725821,0.06527600192343531,0.004429175614352104,0.06535866260929778,0.004894555642918044,0.008725714308392484,0.006178649220021569,0.018005222281620006,1
0.0705038229877262,0.0013123517196479116,0.28218489514337247,0.3272521708930711,0.01778833702318485,0.004723838083016601,0.28490391957727734,0.0020304930030411016,0.0022878079430716926,0.0070123636265909655,3
0.20014965943062518,0.051548956478356625,0.02680864438794377,0.10612097469474918,0.012173608210320232,0.15784862812870804,0.01412901985885368,0.044603769247609934,0.14547942773823477,0.24113731182459897,2
0.35199263621104565,0.03104692135703988,0.016874728166843888,0.119128498109738,0.2214606430704574,0.059752210760293266,0.07927179967294645,0.054705699143148045,0.0191240715558511,0.04664279195263632,0
0.006353197697618759,0.8548677009786136,0.001077553761881688,0.012263807041706891,0.0066752707840613676,0.06322513562425068,0.002427373934640659,0.005251225712404302,0.0011405340594373987,0.0467182004053853,1
0.018332208629145343,0.0019327711254616986,0.012297646457847242,0.17915444710205858,0.045404308784695264,0.0016980168917388827,0.028409782829732427,0.021672755732752576,0.6864230368518496,0.004675025594719036,3
8.014021383599144e-09,8.791475378088494e-10,3.986862094296526e-09,2.9532268473598496e-09,4.669208675880145e-09,2.6872682885398595e-09,2.3584829107654033e-09,1.299362142202594e-09,0.9999999553233488,1.7829071260794155e-08,8
0.027453044218862237,0.07323233011638407,0.002574338233678068,0.01765800250206297,0.01093442112299948,0.015521514310834728,0.0035401181791120703,0.006236682499188473,0.7135411756716512,0.12930837314522617,8
0.023384600520409447,0.8430983614033776,0.0038997443008752892,0.041963557870132694,0.007490212765080404,0.026085517779056388,0.007408897866186961,0.020744447465809075,0.016310851706260773,0.009613808322812183,1
0.01584687781791013,0.00048378075261604637,0.8724740094660225,0.07926332038391412,0.010660849673730233,0.0007637382378797485,0.011243589480383547,0.007371027248838355,0.0002373922420461905,0.001655414696659199,2
0.28739097887702947,0.003359793923202511,0.030925857475323386,0.360340233882042,0.09100624751372247,0.007870429888644762,0.11331812126177757,0.08059458281944004,0.006305480612113236,0.01888827374670489,3
0.0800412685091455,0.5572987710295048,0.00930524390786571,0.12211086071709179,0.009528451983382877,0.109148462341476,0.03210519421819384,0.05686750872616457,0.004438223289732233,0.019156015277442373,3
0.037545602830400336,0.3749114209165372,0.015017243941906833,0.03225423739507703,0.01018941563615415,0.32032323168522614,0.0038269793293628793,0.10706920555772559,0.005802845678203388,0.09305981702940629,5
0.40963332311776507,0.0030209078677907184,0.008628548193507,0.532250445491694,0.015341158031152435,0.011258122499555065,0.014873006899955219,0.0019316952628632787,7.737476885300948e-05,0.0029854178668640794,0
0.20431213803430198,0.012591990485091567,0.01785969625285925,0.27534416591826605,0.43943757888686197,0.0023490269426730812,0.013950468510298504,0.007932336720278894,0.0016231644386039605,0.02459943381076483,0
0.01773768211380039,0.00046295348494779394,0.08494993092002491,0.547940470558986,0.012839665162053126,0.0012743064830870844,0.2507729397564764,0.042180219865868375,0.03831322240214304,0.0035286092526132275,3
0.037442092475818395,0.00023048844166812676,0.932924773740994,0.016240383260535583,0.0011428589275540063,0.001061550975800758,0.0031637345945520396,0.002263782074588351,0.004194770426132364,0.0013355650823560002,2
0.27556237125699007,0.01472404472727929,0.02417281349771531,0.2758253929429549,0.014150925421257912,0.05307558302851026,0.15486379377936837,0.05258579109964148,0.004668612353145664,0.13037067189313759,0
0.004676806754187898,0.00021656817916774728,0.014234074980668823,0.04533230233157766,0.004840659199539308,0.0009493136843947384,0.10358205285930956,0.8246515781630619,8.866170241641141e-05,0.0014279821456755716,7
0.0008209463253404147,7.559536171544202e-05,0.0016809570572398733,0.0007492658016652591,0.0009003094257875138,7.0223694321578e-05,0.000763902071518041,0.0007464550510963867,0.9940568680341014,0.00013547717721389317,8
0.1494499769558555,0.04879213870000417,0.0052672854246726295,0.06874159367221644,0.01401047520773857,0.014977678317147797,0.04005330174363819,0.6272739923920038,0.024277225101001124,0.007156332485722049,7
0.31659747092976137,0.009122623240312083,0.0068020644247446865,0.09637855099084916,0.019884332356728603,0.013438347659974734,0.015051182616261942,0.5070994590655445,0.0038061200642541954,0.011819848651567936,7
0.07301691813249232,0.015881769690364544,0.06692010941013257,0.44164318412706494,0.02269495844192551,0.07960136878860374,0.1642356666813881,0.028374399800911748,0.001892495616253582,0.10573912931086267,3
0.06565967357279205,0.0011179426262906223,0.0020690677941535853,0.03166255014546059,0.011611137770508536,0.1435939506449163,0.008121025922310305,0.00736045368983909,0.007614143299572577,0.7211900545341569,9
0.04206951977113731,0.0039159246782874005,0.22530939295005678,0.49578861035260663,0.039328216903372924,0.022390039705552364,0.1141665873294979,0.03964164806247308,0.0052560380250860775,0.012134022221929606,2
3.6790323668792304e-11,1.1764873481846394e-11,2.564221483960357e-11,2.279804996249401e-11,0.9999948886948934,4.981655311435523e-06,8.957223489388985e-08,1.6248252696941537e-08,1.1135468845409372e-08,1.2596843333188607e-08,4
0.018991205222541732,0.7749548875067361,0.005156906855948804,0.11407209892328991,0.006908085643652172,0.008086438616882364,0.005561240731387862,0.04397183458504724,0.0020266633914836026,0.0202706385230304,1
0.0091329623989388,0.42677180990874586,0.005063335900580312,0.013385957721929881,0.009756289557367466,0.2765480008045841,0.0027336262257545295,0.23959098407112908,0.0008515859647558215,0.016165447446214024,7
0.01745593720431802,0.007209605601347274,0.0028599511951196625,0.04610914550591079,0.09020529141736952,0.20861099044951792,0.01131646857819821,0.603285724360186,0.0015888394785472995,0.011358046209485911,7
0.6254509220597289,0.002972261642882792,0.01692329502865629,0.17364909714184182,0.006776457772040079,0.007966861393142005,0.013228694592005964,0.1469417485985554,0.0015967086183475468,0.004493953152799329,7
0.0036243536775353077,0.08137790351016724,0.010959133640518436,0.038737708068525056,0.008381774842505617,0.008681076734653079,0.016273773895112593,0.021159382228033492,0.7869607273207223,0.023844166082226854,1
0.1937609306468289,0.48438394918698685,0.007529096104984558,0.05822081640195082,0.01297463941839778,0.1506620893660278,0.006722486976968859,0.03125046941482823,0.004865462849812344,0.049630059633214305,0
0.045132573781546295,0.0016231779050166996,0.0016721608585804622,0.01856231255704467,0.9267860249701001,0.0002685054251745527,0.002551193563666562,0.0024963883240306946,7.279483457136564e-05,0.0008348677802687798,4
0.0034519389808547246,0.9459291237499218,0.0011137113194259818,0.0080001788723048,0.003427493983720394,0.02127421496013692,0.0005676680269441853,0.012014862606056668,0.0005961915615600745,0.0036246159390746157,1
0.012970381250659378,0.00133676321966314,0.03377320142278445,0.030644722298341653,0.00963034586143216,0.0008716776584725597,0.020091245838220653,0.028939829321074546,0.8591122016296491,0.002629631499702376,8
0.047156927538555264,0.0016560940423249828,0.0036464913055753306,0.0421440026999993,0.8724673923836209,0.0011951104572424497,0.01544145929272282,0.0036276911404722937,0.0073583164087646395,0.005306514730721826,4
0.005690806167377473,0.002773601516387107,0.004629490894176774,0.02936277080372975,0.002526173638620958,0.004978274622983443,0.008083407544800676,0.0030456632752093567,0.9261259828041296,0.012783828732584636,8
0.04388085291275865,0.017776710552324732,0.004359952434560955,0.02445264497239543,0.004707538871151637,0.37944503575294747,0.011193309644997148,0.38465617582441375,0.05485617800774126,0.07467160102670883,7
0.39788372731436145,0.019107041873000212,0.056377681355698074,0.05666975445358792,0.1959389108375734,0.022377676127450844,0.08865000669372013,0.13919654487298513,0.006807861027228394,0.016990795444394503,0
0.020352648414331178,0.0012885560668448447,0.9134158419758978,0.03496532939803306,0.004785678567046708,0.0010539856267613914,0.011189656705569019,0.0052848216238801015,0.006542953584634958,0.0011205280370012104,2
0.06457940906326312,0.21766832355132537,0.02772354813001362,0.190027390096427,0.012045722886376762,0.12455595780954128,0.18147199602024716,0.03499965935766715,0.049011258613801116,0.09791673447133735,5
0.0012721642411574032,0.003276963144774502,0.0004054758446478322,0.004880008115709822,0.0003833355943615574,0.0007069807155760043,0.0011360491513846415,0.0006108165634880442,0.9853731606236462,0.001955046005253944,8
0.11848802405915589,0.0006469036206292388,0.012927812515416724,0.11160354180870491,0.036652146666681346,0.002412827394868234,0.06119265969219297,0.6363859442274711,0.002175592576626795,0.01751454743825283,7
0.36828000433077035,0.09625811148370689,0.008421411344923684,0.03806548178695914,0.009799967694872345,0.1877341278303196,0.008745197916136635,0.07443809517614666,0.02527575391770258,0.18298184851846228,0
0.1411109423294341,0.0031360617090714967,0.08854449678813779,0.3676953311750596,0.012338638429503388,0.051800238581433844,0.27258258309047845,0.031996829664348025,0.0030075348800122186,0.027787343352521223,6
