0,1,2,3,4,5,6,7,8,9,Y
3.626753137436088e-06,0.00014112754846702132,2.3837722194183374e-05,0.0006751258598304003,3.1256025213834136e-06,5.031105421211614e-06,0.00022605248630248317,0.9942918700193577,0.004604227502014454,2.597540075367176e-05,7
0.005668110334344654,0.011520397179031854,0.9430895051564995,0.03085132462793251,0.001839525875298835,0.0012298696525365332,0.0009171325680318966,0.0004542400402130685,0.0013459391845781245,0.0030839553815325896,2
0.0003418091122274062,0.002607134795218243,0.0003150939510728523,0.9824837206630332,0.00010837390490516403,0.0006459053522720595,0.002079419322483189,0.008242547200903054,0.0026656314576387185,0.000510364240246082,3
8.120585822730871e-05,0.0016869893306193453,0.0004236022223462175,0.0065059479221503845,0.00013602255027811286,0.0006821739735220993,0.0066121032916007716,0.9811891130580777,0.00046152185133882783,0.0022213199418391477,7
0.010050173115045798,0.014873390473463234,0.008716202886452095,0.1977296053037216,0.006732811084556522,0.001590638283832398,0.011994089026432944,0.0466602927497219,0.4257143385784097,0.2759384584983639,9
0.00019271815812496043,0.00036412523697525135,0.00021042264634623626,0.0037392578067452433,0.00020901867604404268,0.00032272695857583824,0.024223475251513884,0.0022797660274642985,0.034335971070086305,0.9341225181681235,9
0.9998274850491345,3.9828300006408034e-07,1.4655073118165062e-06,3.248524802933982e-07,3.887917383471469e-05,1.1535613982612126e-07,2.2048470770767906e-07,0.00011988690097281145,8.222417391253533e-06,3.0019750265824568e-06,0
1.5187201811724242e-05,0.000578240669885925,0.0006024044367516621,0.0021564663119893134,0.00014205080750926912,7.304323717203535e-05,0.000285691073277731,0.9933411932003476,0.000651561055794523,0.002154162005460531,7
3.209741683945311e-05,0.00021300570907755307,4.0102718099710354e-05,0.0011055440640949123,5.0560111580205515e-05,0.9577256776889119,0.03205220034110907,0.002960005148496004,0.005639099109165974,0.0001817076926252182,5
0.00019681851509694952,0.0005748447684463162,0.0024658760786526028,0.0010036764661914565,0.000238504529157723,0.0005578337846227508,0.9933932137054879,0.00027370951473695105,0.0005311417323422794,0.000764380905265912,6
0.004931159133173276,0.014148967997895529,0.9364394600827367,0.014450532078696766,0.0024737664071178655,0.004112522028236722,0.009788344003320801,0.003924594529355505,0.007188136188574381,0.0025425175508918944,2
0.9999725072121005,2.0874520439815938e-07,2.4049039620693233e-07,5.111194847759414e-07,2.8037035530080015e-06,1.772117872098585e-08,6.460765022840619e-08,1.4747682798369551e-05,8.589374964525651e-06,3.093426694005341e-07,0
0.008709465939018286,0.01549683929677949,0.03003189365649237,0.11460139453026987,0.6497316711919126,0.12232368753097578,0.04081314175387763,0.004693349257961667,0.0073461822486114575,0.006252374594101117,4
4.122485495537753e-09,1.3445954855950125e-09,2.3329855446324594e-09,2.098743982856734e-09,0.9999846652401727,1.3276257583520246e-08,2.321237112856676e-08,1.4362765409712344e-05,8.775307974355882e-07,4.8076181091277615e-08,4
4.5958438168129565e-07,1.0991860651946763e-06,4.926520828111058e-07,2.2585970154731413e-06,6.719980682749252e-07,4.2186549652605603e-07,0.9989515138444339,4.814572088020788e-06,0.000993933449156204,4.433425121155631e-05,6
0.011281367869927412,0.0009387494619626479,0.001479800468392813,0.0007240755987913616,0.9794424989154894,0.00016111246744945885,0.0004154830896367492,0.004560522459605392,0.0003326888875096185,0.0006637007812349919,4
0.005781967853981429,0.9130809301277736,0.0011714761266193266,0.026921825854482658,0.04403545320024139,0.001893115231261466,0.0021060058751833084,0.002592216379331212,0.0018210485852685476,0.000595960765856889,1
0.014623242621137568,0.011181912211305833,0.017162236329269054,0.605343193254049,0.04512587216073441,0.014023672388650696,0.07786700379816298,0.12641865760765467,0.05483548534099933,0.033418724288036196,3
0.00016159393746784234,0.006910276572924217,0.0014311768926778946,0.007157408499029471,0.139653293824595,0.0002416519867299187,0.8433310663784767,0.00024070330802491803,0.00048276118333919496,0.00039006741673452717,6
5.472912482210368e-07,0.999292024675721,1.2888096621186953e-06,5.671701756877181e-05,9.012633311520411e-06,4.773227614817982e-07,8.629625153149747e-06,0.0003213771049691927,0.00029144677339783785,1.8478746206914603e-05,1
0.0009194273960523528,0.01161708806972058,0.0016173823785171043,0.05214226058742081,0.008898628614592214,0.015454075731576419,0.002598157231556609,0.0017185030684580248,0.022676309296033766,0.8823581676260718,9
0.9999626932266921,1.0475165715171846e-05,2.9078510240319038e-08,9.50512918436156e-06,1.1974408527821544e-06,1.4880215206318064e-08,3.286381846781486e-08,1.0668638367558864e-05,5.088672344805481e-06,2.9490429968473344e-07,0
1.9627547479838032e-05,0.0003379790672715108,2.7214021646130395e-05,0.0012383267323775214,2.921057674559896e-05,2.5883248777923476e-05,0.9236682984271127,0.00867213453520588,0.002536146170884572,0.06344517967249874,9
0.0033074290534911783,0.08247022505727168,0.008250437109769108,0.06720566101629609,0.004573212676572767,0.010310310606990678,0.0853795463551413,0.02311150489694286,0.0740200042269005,0.6413716690006238,9
6.844500314592603e-06,1.4366600965652382e-05,0.005151641164403721,1.8771821793809226e-06,0.9947210243530498,1.0159515805579702e-07,2.0662876579863698e-05,5.720314108785874e-06,7.649800569685066e-05,1.2634075433998063e-06,4
2.422342764943959e-05,4.242491370518073e-05,2.1186581110531467e-05,0.003972481344227606,3.278124356184073e-05,3.1090224407830814e-05,0.0018325272969949191,0.024272816997001193,0.139894688911005,0.8298757790603362,9
0.003351005125882158,0.6205981723312444,0.052709698188512524,0.14961145104457307,0.018474685667306312,0.010256497964279267,0.04709296358317041,0.01449456340374281,0.06928362737598813,0.014127335315301214,1
1.3774196176536122e-06,3.1335347399918972e-06,5.399175534832847e-06,2.336924058828748e-06,1.6207563977705424e-06,2.68042298312302e-06,7.439970507891738e-06,0.0002167455479560912,0.0029697513263249216,0.9967895149218787,9
0.003944780991419419,0.08745629576652338,0.018419102179047436,0.13909414496014602,0.016317365754920907,0.004782891829038128,0.6161508111328394,0.0055283476240338345,0.10051532964077622,0.007790930121255524,6
0.9999935757736772,2.923228060096413e-07,1.1465239442463015e-06,6.857906099992848e-08,1.4049241335429467e-07,1.8293938622526072e-08,7.837265989572521e-08,3.3051593878078817e-06,9.682829076319887e-07,4.061992046086034e-07,0
1.3916486356112192e-12,1.8098250552578667e-12,1.1305802603836259e-12,6.958110538795079e-12,1.9153806745522136e-12,1.171601821326616e-12,4.9853685084146294e-12,0.999999170734628,7.511817713029635e-07,7.806423839766084e-08,7
0.00347197407160534,0.06834863919707351,0.038778204535729624,0.7815548111752773,0.08187683456783605,0.0029236277545408216,0.007995315791205498,0.0010275250123063292,0.003920270275959841,0.010102797618465893,4
0.9999392961640149,9.741932527933457e-07,7.152259986177258e-07,4.510032796592006e-07,1.4995868322242073e-05,4.545570497343754e-08,3.5002432263385065e-07,4.1196123814093435e-05,1.2804613878994284e-06,6.954799022878873e-07,0
1.666714819451357e-11,5.2705990212353784e-11,2.5199929421833047e-11,1.0088321183165778e-10,3.6913640577077713e-11,3.289850490316131e-11,0.9999981442077275,1.6548439201914393e-06,1.493254850105409e-07,5.135759893741789e-08,6
0.002027402981809233,0.004310709279508357,0.00040677200885959314,0.0007569052502362984,0.9906995965409489,0.00025583549392782675,0.0009436586439023018,0.000119734377784553,0.00018663047054618426,0.0002927549524771426,4
0.9988379874054876,4.89419760666401e-06,1.4572454012668657e-05,5.445532477599226e-06,0.00016515515636551385,4.41465817663017e-06,2.65758541967753e-06,1.1306201130174872e-05,0.0008976387758600593,5.592803346341324e-05,0
6.095479446134717e-11,4.8285310542305015e-11,4.753992606713833e-11,1.3272974513536926e-10,0.9999961227400203,1.1242148120750898e-08,2.0642459398472738e-08,2.4264918076916453e-07,3.5501836206867923e-06,5.225306117117985e-08,4
0.9994073226371414,1.7753964604008582e-06,1.4103402061864896e-06,0.00010245892163622522,3.145085338017287e-05,3.277508600278672e-06,2.8119962821883257e-06,3.428363554859148e-05,0.00010979830097875095,0.0003054104097657647,0
2.9483217541433938e-09,4.23465667147981e-09,1.9766780802619648e-09,5.051899322131956e-09,1.8773909708918147e-09,0.9998786935533727,2.8683662742590247e-08,4.276334435516264e-06,9.161066373221448e-05,2.5374675850016276e-05,5
0.005028342987663308,0.008659759703528246,0.009891505819220653,0.002494337385755831,0.01029443370994683,0.9507542765155307,0.008637236784641154,0.0014003682133341853,0.0006739077881783202,0.002165831092201166,5
0.001806817309093846,0.9519851416883939,0.02451997942628064,0.008589664917015145,0.0018941991799213847,0.0029277081206146097,0.005304461798215996,0.0005793162173114338,0.001684006673856939,0.00070870466929617,1
9.67415740134065e-08,9.113074812590255e-08,0.9998127286232419,2.622939962886815e-05,4.681879376615961e-05,5.876473837330389e-08,7.664705789621166e-06,1.4126663659432865e-05,8.986118940830885e-05,2.323987445267875e-06,2
0.028424250305913338,0.08726710408833852,0.03318940723334689,0.03952501438272154,0.37055793990484953,0.0540380487383833,0.01054245277112541,0.0026297490290871123,0.008087627504621726,0.36573840604161295,4
0.07628660201964227,0.03087704999585289,0.03343822002405412,0.12430929607036052,0.024012287884884544,0.6789801783792219,0.013700402844996072,0.002108086782413549,0.004805465169991378,0.01148241082858329,5
0.999946689031146,2.4115055951493238e-08,3.121525224258628e-08,4.181393456638184e-08,1.5046773386314147e-05,1.2790259087816547e-08,3.2534693767747975e-08,9.752542171563661e-07,3.712128698184128e-05,2.5185073267221243e-08,0
3.5944967246256864e-05,6.189208282560214e-05,0.0014276162770592764,0.016249529287399356,4.076386116660274e-05,1.02561702440138e-05,0.003795266975597745,0.00045996210532800506,0.9770720527419802,0.0008467155311527139,8
0.003059564422008543,0.01846487542732973,0.012689512412019493,0.10259011591399042,0.12083421590246643,0.016086177411543535,0.7086031140531257,0.00955530033614953,0.005828898813455922,0.0022882253079107495,6
5.942165887645601e-11,4.2262413842598776e-11,0.9999971227060064,2.075462191750808e-08,1.0012867595919026e-07,1.2538286053845977e-08,5.69544736799212e-07,2.0525092526902784e-06,1.102008634418875e-07,1.1515872905422124e-08,2
0.0023173196405407706,0.012587962398635227,0.0010479202646829693,0.68866915439457,0.006641391880319553,0.0002436188224782694,0.028863153121412553,0.0032186283612287508,0.25491560943734126,0.0014952416787901936,3
1.5655639699456196e-08,1.7619976702904005e-08,1.1010398963922354e-08,5.6086939522110965e-08,1.7029163969204925e-08,0.9998830655117887,2.1229327203133024e-06,0.00010637030411100762,6.5332503555688735e-06,1.7905989056390283e-06,5
0.9455551575725791,0.0024839195041517154,0.0011596922699335568,0.02772646597932789,0.015973944136848522,0.002263182554040614,0.0014277569318509025,0.00033898969225268713,0.0007599333631725569,0.0023109579958421945,0
0.008460074739285952,0.04204183485283282,0.032262472089839844,0.8779378220096676,0.022501099922648867,0.005798868895105028,0.0024810449939967603,0.004198786369248676,0.0024589846617397767,0.0018590114656341513,3
0.0007397653459768323,0.00018891862392810417,0.9974713834592951,0.0006977314668014018,0.000209442545134887,1.5078045265181023e-05,7.405105418824811e-05,0.00020121748037775508,0.00030411299364173307,9.829898539063295e-05,2
0.9996078970857305,2.970282628622417e-07,1.8774564236568037e-07,9.195133870915512e-07,8.038971779133812e-06,8.041555405784051e-08,5.207887791725944e-07,7.860931419079989e-06,0.00037412072599459433,7.679345097783156e-08,0
0.9995867544974797,1.004610272424257e-06,9.202035469111683e-07,3.2643403638923223e-06,2.0193485117617695e-05,8.473335223909203e-07,1.9234311650882853e-06,1.1167436433757738e-05,0.00033598907903421556,3.793558306382989e-05,0
0.08544590403682435,0.10890408435116772,0.3919274985637384,0.19468056268333137,0.09128407654263918,0.08595106639666372,0.015673870643800217,0.003425673590786146,0.008253667833890489,0.014453595357158799,2
2.4935462093537973e-06,3.2520825389979417e-06,0.9993981367755359,2.1219424834498948e-05,0.00014659824536563968,1.0884289658638971e-06,6.412231938003359e-05,8.819606407739052e-05,0.000203771860319983,7.112125277204174e-05,2
8.28403357584589e-05,0.0005275349050624533,0.00012599514853959634,0.9951562386166924,0.000274716894295184,0.00046731715014572547,0.0012300444789826457,0.0001894074109033119,0.0017638033421948605,0.00018210171742535062,3
0.00026179119795053784,0.003970939975706552,0.0005865853808251256,0.0059652142326201306,0.0003640831530238196,0.008467451250223034,0.8667757929026809,0.0014436828781513517,0.010781479963071659,0.10138297906574643,6
0.83085476903619,0.006107059265434692,0.009686290812381782,0.01696124400729161,0.008100619443431344,0.008942958829213294,0.08219997677886931,0.00808650261067887,0.025798320213132223,0.003262259003376708,0
0.9996076474844291,1.6889376101386647e-07,7.794811717721798e-07,1.2308049495962589e-06,2.7645241905181518e-05,1.5113522817019554e-07,6.706938477691542e-07,3.909696103593672e-05,0.0003164912450543109,6.118058616877384e-06,0
0.9999923059913252,2.914759291149254e-08,1.2639075211143003e-07,1.175586254858806e-06,6.463975854720882e-08,1.6095724700675016e-08,1.713608876972296e-06,1.2601274896071976e-06,1.972464385459797e-06,1.3359478399261507e-06,0
0.9619177833186059,0.01726150151820652,0.0027946272668124233,0.0012295005412674795,0.009042153069490553,0.0016677789352440736,0.00045179582313079384,0.0005798069182755797,0.0031248691356656083,0.0019301834733008627,0
0.01582588535116933,0.016911031574823623,0.004831177207594445,0.012411292642857376,0.8196206460751033,0.08292087201566793,0.002841730591821535,0.03297816149920852,0.005772858951240423,0.005886344090513554,4
0.0013360284644077158,0.010472832286824317,0.0011584647482820762,0.02319130441448438,0.003787976193606604,0.004797010059256049,0.3641020520597881,0.02770038523098975,0.46931805895697776,0.09413588758538347,8
0.00046856918879510195,0.009513108538556298,0.0011118182542779167,0.9680258126394479,0.00033689653235954696,0.001024537166090243,0.001954967843655158,0.001571242674235629,0.012840952927525462,0.003152094235056912,3
0.01069323112915919,0.038421086699118874,0.002840682062000067,0.002522549789480916,0.060507241991966644,0.8511238901635684,0.006312456991330995,0.0025169768280551303,0.005191665420999669,0.019870218924320573,5
0.007881815660277342,0.6780171302847504,0.012868148183569133,0.07619527644164875,0.016512365154983003,0.019704350144688715,0.05620695277333527,0.007395118748191914,0.1094783097567092,0.015740532851846123,1
0.00025807130563185215,0.007806559576466997,0.0010378450165230509,0.9670832872862415,0.006745836423687201,0.000110746086019669,0.004189952107049908,0.0007823843181288593,0.011628783737385918,0.00035653414286501364,3
4.673632125582932e-08,5.9100950376464784e-08,3.135510251098324e-08,9.296189114796434e-08,3.293955057852546e-08,5.531413302585108e-08,1.7800507097099582e-07,8.65768832565034e-08,0.9997742628318019,0.00022515417829496303,8
0.028233495133693054,0.03870024047482559,0.8913203559220136,0.01969970240663884,0.010700195179699829,0.004911813222365186,0.0013373161962704314,0.0008374039205709074,0.0035593389977057366,0.0007001385462168387,2
2.2453898183826867e-10,3.656426148378365e-10,1.6333016833267145e-10,9.888118541984652e-10,2.683345308436515e-10,1.7560656194798445e-10,4.2365350571386217e-10,0.9999768154631499,1.3709942650141633e-05,9.47198428174975e-06,7
0.9998654848645291,2.0877572541301287e-06,3.582224764133248e-05,1.0059866507495806e-05,6.611570335453818e-06,8.363950782374379e-08,1.982781347410813e-07,5.238267652119751e-06,7.294553005308561e-05,1.4679783850397976e-06,0
0.008204125103530129,0.02180729763165758,0.015795426623959587,0.7883443388321448,0.047498719907007,0.009335401802729546,0.045154935297478424,0.0023280058389441847,0.054996062743325094,0.006535686219223452,3
0.9987859371587637,5.164754752905941e-06,0.00012557402783367123,5.7719875078631506e-05,1.7104205063214382e-05,4.546896750236003e-06,6.98113107191332e-06,0.00014697955567767045,0.0007604363089204953,8.955608608744901e-05,0
0.007235765000041241,0.35427806235615195,0.0066293341046512804,0.18731389385162497,0.03148048778059382,0.001976579261279593,0.13385505176770374,0.20601674048026983,0.02955607237014724,0.0416580130275364,3
2.2056313634180798e-14,2.6967753958786045e-14,1.5750700470926458e-14,2.881202628207373e-14,1.6377519140352514e-14,1.1356268699784194e-14,4.1548150294706635e-14,2.9651800678721234e-14,8.47325797257495e-14,0.9999999999997227,9
0.00753102511751133,0.03189793045749114,0.05302300051399824,0.04599404703290044,0.0073321815858497594,0.015553061848300295,0.028986328726370955,0.020381514271661266,0.03291266911208734,0.7563882413338288,9
1.8937387935296766e-05,0.00020276419431360882,1.6243957315400258e-05,0.00012585506608105818,6.318424154136083e-06,1.6657030680105904e-06,0.00019328067322532167,0.0005013907577097963,0.9984191542363592,0.0005143895998383815,8
8.739758996756071e-08,1.4575748944696433e-07,7.184039192085166e-08,3.824308521616615e-07,2.9036863405016277e-07,1.1143223816579113e-07,0.9997072952595488,0.00011847435916463613,0.000169241811750913,3.899342339643466e-06,6
0.0030211300084147783,0.005285050479450869,0.0023769261272782033,0.0034778254082748743,0.0007495541298470363,0.9726358367936877,0.0024011797513603847,0.003595016038684051,0.0008906110009569462,0.005566870262044743,5
0.014284572015431346,0.006306968451406117,0.9363828322144757,0.0004516641376006957,0.036943335714219434,0.00016068432303758154,0.0006114639451682288,0.0008067807633526452,0.0036702482433650352,0.0003814501919433001,2
0.0034783122934759266,0.010592528566790365,0.010466895004331414,0.030585631991240224,0.0040090368301453445,0.9263740867867701,0.007605503581704007,0.0015469420112748022,0.004363564252210013,0.0009774986820579575,5
0.033086155931114004,0.09197530504287708,0.04588412798371156,0.37337089522988637,0.2406202635062325,0.09879412310620232,0.0171123712507804,0.002001330407317189,0.009437121509564089,0.08771830603231445,4
0.00013050125434494906,0.0006826449558752853,0.00015390005310494405,0.029699634456572234,0.00018569721208562488,0.0002449194228780247,0.8652038667377319,0.0004108889096802423,0.10184236744942526,0.0014455795483010261,6
6.939793285298773e-14,4.3321514132427374e-13,9.347454237744804e-14,2.3406471107067543e-13,1.934924742223655e-13,7.255365646019112e-14,0.9999997308888381,2.2372033295044903e-07,2.3612952405403454e-08,2.177678034229433e-08,6
0.999992690089657,7.898372570664458e-08,3.5253735965321646e-06,3.311993358902076e-07,2.311167709145601e-06,2.214749756501369e-08,2.9212127247619674e-08,3.948053516171958e-07,2.404173577384818e-07,3.7660364154232645e-07,0
0.9625080139615774,0.0026918321166517576,0.0037207745838411825,0.0039506681448319555,0.015205192160605594,0.006376367026163482,0.002350651561388319,0.0005429586300021408,0.0008340267353002273,0.001819515079638758,0
0.0003516345511703418,0.044738353038699226,0.00021408365066507776,0.0014062122053727162,0.9498952255103427,0.0003060739469257704,0.0008627368260214562,0.0007780064055240308,0.0013856663056621124,6.20075596167078e-05,4
0.014838669509625823,0.022562226487537855,0.013661681237820687,0.028611654508648995,0.040927246492974856,0.8636881965250273,0.005898361461491466,0.0029025119116201058,0.0020126038849189137,0.0048968479803338455,5
0.0004206880378439259,8.673877079539106e-05,6.009861621872308e-05,0.001723183367427396,1.9710945907052802e-05,2.95055213149301e-05,0.002998721609747785,0.99273333989086,0.00023188167072377085,0.0016961315691608869,7
2.3027383634284936e-06,5.373986709341579e-06,2.678420332383102e-06,1.2531926936342675e-05,4.56018247023451e-06,2.3533518027173095e-06,0.9980469390888382,0.0006564077245773389,0.0011786755636367943,8.817701633335705e-05,6
0.0012387280574389053,0.0059701510048983915,0.008427812695519794,0.0017554614064250126,0.00030503176539506107,0.0014675933043259346,0.0034786540702592015,0.010240346600211489,0.00959932891580611,0.95751689217972,9
3.3249613100867024e-05,0.00012043581210369304,3.527753276326945e-05,0.008813597323105929,5.427698957003116e-05,2.3351676628320143e-05,0.0019205405034476149,0.0004681116933328301,0.9761821458819679,0.01234901297397951,8
3.995859619630387e-06,6.095949962608187e-05,7.131217866793849e-06,0.00025729293356681413,5.96749781895621e-05,0.9953610302053385,0.0028797202804224154,9.349256132948958e-05,0.0001476755756432333,0.0011290268883971395,5
0.0006693462329603333,0.004296873295525448,0.002987899760146778,0.003424948457150612,0.0008388411355764199,0.9687032803540064,0.003946733982358898,0.001125185401591061,0.009529656107854056,0.004477235272829984,5
4.510111562674355e-07,0.99973846759483,3.1929853339943287e-07,6.903181459680317e-07,1.350686823172079e-05,2.0048434329452046e-07,6.047330648459967e-07,3.7922120434664005e-06,0.00023178720069422313,1.0180278956917728e-05,1
3.3382798376617516e-05,0.00031025043771916704,0.9812932455883345,0.0013314262259792457,0.01620050451917226,2.9817647334262304e-05,0.00014935347717627906,7.13352942076983e-05,0.0005063893562264937,7.429465547353908e-05,2
7.4252431486053125e-06,4.12291825351088e-06,0.9992260006458836,2.2878282400728443e-06,4.370765062611893e-06,1.70445234015206e-06,3.680154026856073e-06,0.0007191638471171893,2.7695730341095907e-05,3.548415586222605e-06,2
0.0004411964727669222,0.003963497821951817,0.0006031829286705913,0.9827844150170422,0.0008816746197153613,0.0028987761144297496,0.0017828850195665197,0.00023436110498081122,0.0029096256952046255,0.0035003852056710275,3
0.9922402915505462,0.00027017526152291427,0.00036777354420572004,0.0009591825186142939,0.002833837333720396,0.00014853529707064048,0.0003267758821982944,0.00137148247903927,0.0011424213108974946,0.000339524822184991,0
1.6320766161977395e-06,2.6177446132726386e-06,1.5600106166401986e-06,3.2402063578094797e-06,2.1758076723264997e-06,1.932382892553509e-06,4.399667142690749e-06,0.0019095879532696248,0.0006064328709295155,0.9974664212798897,9
1.7335010873752015e-05,3.3519062862526574e-05,1.423881912867669e-05,0.08497193918084889,1.804158605619476e-05,2.1703272367204276e-05,0.009196822205563226,0.00040430820695731314,0.9020485591626548,0.003273533492687412,3
0.9999960807354098,2.1225470741113685e-08,1.7263241543225285e-08,8.992335889180259e-08,4.73566373478717e-07,1.2509803646328389e-08,8.806500483541548e-08,2.7316826668573033e-06,4.739102081093201e-07,1.11184619397758e-08,0
0.9970256403852349,1.902093974622028e-05,0.00012241592225783178,0.0019646729695190516,0.000754920729772439,7.746055680084951e-07,1.0324717592418872e-06,4.794394259315426e-05,5.8849255578416976e-05,4.728777970672054e-06,0
0.0003177289101926611,0.0010142921243317137,0.0013958392802258968,0.007793884104730931,0.00012700394872991718,2.0956764585015642e-05,0.0024619359902298232,0.0003477895307094011,0.9864680537464151,5.2515599849479476e-05,8
2.4525412040821067e-08,4.9819912956640364e-08,1.8784115605380262e-08,1.4093975442387645e-08,0.9999329686200449,2.1467608517922168e-08,2.641673714213219e-08,2.626917406996318e-06,6.407464467811441e-05,1.7471010859493509e-07,4
0.9884272259441772,0.004526473688259699,0.0004187475470924566,0.0008213532070642839,0.00022253653931286903,0.00043105025022264804,0.000312527092608338,0.0005197508795863154,0.003780242708517945,0.0005400921431581867,0
1.3646984811932732e-06,1.6934220109296474e-06,1.3201118950330467e-06,3.9238965957444e-06,1.2164139158097558e-06,0.9978028072829577,0.00091913870278904,0.0002413195469397718,0.0009069450074573192,0.00012027091695765324,5
0.00017675295549372295,0.003747774548947775,0.0005682562632726777,0.9654084480547865,0.0008561522265746913,0.0014316224726153444,0.007812911040392126,0.00014861939652719916,0.006241011268013462,0.013608451773376858,3
0.026215497865657137,0.000944587359724457,0.015471504414510928,0.9423387156927469,0.009678047735569968,0.0005890624973832822,0.0018432373652398008,0.0007747836119615732,0.0019056033950723857,0.000238960062133159,3
0.0032553783418257922,0.0455300681083123,0.017790288445723598,0.535172288264383,0.0164618821655298,0.06058092113007939,0.24252771384291702,0.014971789821103964,0.05842883619905058,0.005280833681074471,3
0.000401131400370469,0.9867165838447273,0.0037794323442542537,0.0019777862942218223,0.0017986783346218094,0.0004941506852183701,0.00024091325365606972,0.0007681722262530579,0.0018669104355955612,0.0019562411810811605,1
0.00013790792213923326,0.00026931851868003544,0.0008347382699088174,0.00033822509858238807,0.0002517488097562351,0.9940575488108222,0.002091967073781496,0.00037698015493308813,0.0005233924490698012,0.0011181728923265368,5
0.0008927669924515941,0.0009175490063788943,0.9807001834340128,0.0006151136769882011,0.005433314036918501,0.0002528386223302515,0.000223093565192282,0.0026274808659870097,0.008221271604349299,0.00011638819539141905,2
9.80148731385811e-06,0.9946122833698113,1.330570437866936e-05,0.0004392770102258184,9.024283103057356e-06,2.6029301530794637e-06,0.0012658534371895807,0.0008781203237299053,0.002671447395397166,9.82840586981307e-05,1
2.7724544691647942e-09,4.694647673029455e-09,0.9999509772304864,1.3912169823360507e-06,2.561494211916051e-05,1.8020114064295183e-08,2.4171689533831e-06,5.006561167380863e-06,1.3441434660629848e-05,1.1259584148077603e-06,2
0.0027974061168317076,0.0015666965824727354,0.9800009242708162,0.0020745637389737114,0.0053848659820189115,0.0004660811128222718,0.0008077592734950908,0.00030663333155666163,0.006024579652243485,0.000570489938769517,2
0.024064517005180527,0.054548768571833516,0.04323391674297885,0.8051012464036869,0.033817602656089574,0.002869596432452723,0.013411303330239764,0.006811660408271914,0.014884553013718575,0.0012568354355475518,3
0.00011346988469194577,0.9872988808909565,0.008653919940656521,0.0034340147447915093,9.754730006199803e-05,3.0091185369866664e-05,5.343540502819451e-05,3.589509011090165e-05,0.00014502798792323204,0.00013771757040943598,1
1.133074071484125e-09,0.9999866563629993,4.431855277831133e-08,2.7199540067405877e-08,1.0896229650437316e-06,1.1450561627538236e-08,2.0653715909476222e-08,1.4163619043149556e-07,1.1894582191202186e-05,1.1304020954615406e-07,1
0.0028664799509529313,0.0019412013038010293,0.9765395690105086,0.004897385561125509,0.0008895136537694001,0.0006909030100666294,0.000413816687752349,0.0013022262462294009,0.010120403946083842,0.0003385006297104931,2
5.313236387781171e-06,0.00026891935983915224,0.00015172813335247789,0.0007811856005602559,0.00015553078959360374,5.8983889615288486e-05,0.9942076628126728,0.0005984490979787753,0.0035859631835854877,0.00018626389641449994,6
4.077381101582761e-06,0.9992343866250873,0.00013168953506703608,1.9482725255627903e-05,2.3298445968077727e-05,5.884992132925075e-06,9.984765337778683e-05,8.12029366139958e-05,0.000356566957660378,4.35627477356101e-05,1
6.7186487600290465e-09,8.703305734828432e-09,0.9999634336591571,2.580915462204424e-08,1.0031960823657135e-07,1.399219618938245e-08,4.391097818786032e-08,6.313716067334245e-06,2.990484332773222e-05,1.4832755611211453e-07,2
0.005255734798689261,0.9772848640239895,0.0026717361357752193,0.0066542065514882415,0.0035362997374469673,5.867638896829113e-05,0.00026468161585447675,0.00135048967544656,0.0027474634795229278,0.00017584759281858255,1
0.007372533924353996,0.7023974479876591,0.010092848091594848,0.0804069343605682,0.08917201584158685,0.004805584717901335,0.03117193234069857,0.020302667170561298,0.031528532165117425,0.022749503399958366,1
0.0063473961041752725,0.004096982578443793,0.0004041811028377481,0.0016832555163399465,0.0006364354190792968,0.969641508623715,0.0009791118930914961,0.0003946105815370841,0.015094949076190155,0.0007215691045900129,5
0.999972855734984,3.585961316553831e-08,2.566323668148024e-05,5.1113570055959753e-08,9.1071892086455e-07,1.4732143672303553e-08,2.1575782977776616e-08,1.2143882924695266e-07,3.035854979068406e-07,2.200397696696446e-08,0
0.0069516959994965835,0.6237706964516929,0.010725479403462877,0.06898789367191252,0.01890798121435135,0.01187452423277566,0.09684739556544417,0.13166064532921992,0.018686174015538088,0.011587514116105866,1
5.8496478206605835e-05,0.0009941395002779252,0.0003250974520978291,0.0012085508748441985,0.00034146807845418097,0.0012423442106632005,0.9931906941201982,0.0006958071355456613,0.0006278737732305631,0.001315528376481788,6
1.0031661938301085e-07,0.9999414042109336,6.934311502134031e-07,6.735966758003343e-07,8.501907633532343e-08,3.384477584139735e-08,2.420675055882682e-07,9.028514420573427e-07,5.523100644546851e-05,6.336553754399639e-07,1
2.072821405417035e-08,7.69278043022126e-08,1.779498931268081e-08,7.393094639963673e-08,2.141177376989243e-08,1.6114499772879876e-08,0.9997905283297531,1.8321973871412996e-05,0.00012871736710599557,6.22054210420737e-05,6
2.629493378548132e-05,0.9721117183297205,0.025132833967638112,0.0005734286796277937,0.0001180322110907708,0.0004444516420386435,0.0011242554812948753,0.0001772218630107362,0.00022493947429558264,6.682341749718325e-05,1
6.814138419968048e-08,1.7747985207798184e-07,7.07579332512131e-08,3.2769393531833544e-07,7.699371860935527e-08,6.775222813589559e-08,0.9997528046743964,3.2427759910478205e-05,0.0001866819971555094,2.7296749485897177e-05,6
0.5428395305914175,0.002778731219600997,0.009557527263623427,0.39732286389185373,0.014835351455420205,0.014476238648066428,0.014067742788971585,0.0009356951192609912,0.0016607933682344876,0.0015255256535510174,0
0.0010096332739435831,0.00506557545847116,0.0010869842904044054,0.9358347857316126,0.02456414766759389,0.002014317055752558,0.010353591739906203,0.0024329393987572636,0.012371342943834858,0.005266682439723348,3
0.0814113698292749,0.008798526273154594,0.7901577824635284,0.038077792155725355,0.06996270153629554,0.0025936336319596982,0.0023489487056383945,0.000999388301347246,0.0027412927933007504,0.0029085643097750986,2
0.002331332562462123,0.00033681418961006805,0.005520357671863148,0.003679242736159846,0.9861335791073003,0.00020096463804605545,0.0002492207943066346,0.0008462216303560874,0.00033799564767210237,0.0003642710222235391,4
0.9153495077305707,0.04809973126956904,0.001222156807590464,0.025185825214626704,0.0030474180123394434,0.000932088779969099,0.002231217761622675,0.00096875110123919,0.0027331881934961845,0.00023011512897645346,5
0.011113640890788956,0.00035229150178300395,0.0053969658042842565,0.004618493451941001,0.9762660781915631,0.000610833420816035,0.000155084028321252,0.000972433990109093,0.000439830836256399,7.434788413618992e-05,4
0.0012670377290403684,0.9783204388804865,0.0009261922639485924,0.004238306226061639,0.012101410671696572,0.0004710685155930834,0.0016778393475582786,0.00010031420534321498,0.0003639915932593982,0.0005334005670121989,1
0.03968078997063255,0.0923452200822576,0.4205751786092353,0.2422743791478361,0.024363321668523053,0.1236380069402427,0.010236464630256193,0.0035950586056259005,0.008776987219674489,0.03451459312571588,2
0.963439122554952,0.0010276488516495666,0.0027148710416539028,0.008228202405084283,0.018380939925276604,0.00020399369486849995,0.001606925597600063,0.0032041460680814456,0.0007882246855434623,0.0004059251752900109,0
8.174539944840835e-08,2.2492530971617244e-07,3.26015004145415e-07,2.3807241031034463e-07,0.9997137663063607,3.177565370172936e-05,0.00011846941050193321,5.115144792948346e-05,6.87434745645796e-05,1.5222948817980648e-05,4
0.007378328795226579,0.05599701635229002,0.03531613828156393,0.2370582928234024,0.0071782479354741136,0.1984572926047761,0.03584794196148863,0.05403788005068176,0.20339431440265843,0.16533454679243825,8
1.2812949832374206e-09,5.705672765378232e-10,0.9999892434582208,4.2922631951233145e-08,1.0030839069332393e-07,1.5882085613854048e-08,1.4288313739154992e-08,1.2360667047793256e-06,9.28313444544082e-06,6.208734475154982e-08,2
1.8530477838124258e-11,6.231422801923397e-11,2.3679875961125544e-11,6.040998264242277e-11,2.784706546292978e-11,1.6212735925519208e-11,1.2095641445511276e-10,5.44618096957656e-11,0.9999993822589639,6.173566233125807e-07,8
0.0015264686666502873,0.001633205156514586,0.9893715568031706,0.0004735898201683607,0.0004472136744541463,0.00040095257831465706,0.0004610277615882902,0.0013604145085540302,0.0035712919943242916,0.00075427903626095,2
0.04043933116509485,0.08529564230632662,0.08520181999847264,0.1644973227416286,0.5587378161037009,0.006398554008501479,0.02705653066524555,0.009891305453346053,0.013837905287293608,0.008643772270389712,3
5.156466554169938e-06,0.9984166135637376,1.7913148866454882e-05,4.03733599833846e-05,0.0008501786853592166,1.3004959238813846e-06,1.996399319749411e-05,2.280082855394055e-05,0.0005951426109246766,3.055684689943434e-05,1
0.9984017449407657,1.047181510265046e-06,7.999211064429676e-05,1.7208813108504296e-06,0.0013224936695848371,6.113658427965753e-07,6.630861194886347e-06,7.956671122460196e-07,0.00016386320883308273,2.1100113201102742e-05,0
0.25128463674659274,0.0016523486578020993,0.015424760015529644,0.7069975872537462,0.01241561230868939,0.0005523118722944842,0.0014333109630552214,0.001334414645839034,0.008597961216935283,0.0003070563195157308,3
9.664271117936721e-05,0.0006132470115452655,0.0002358084608115912,0.001661730317591718,0.0011613633565004608,6.989699825444914e-06,0.9876342114277952,0.0005757319508280088,0.007524976223792833,0.0004892988401300526,6
7.598070167088563e-06,1.2495209722063171e-05,4.613132150419675e-05,0.0013226030635993906,2.9706159430846336e-05,1.307920266987333e-05,0.00043191240533497723,0.0014026664125075482,0.9965459855718547,0.00018782258320935188,8
0.0005132276752553125,0.000446414482191944,0.00010390986073272988,0.00023281079885873132,0.9944356243978555,1.913531877032661e-05,0.0003307141309022855,0.0036203091268721278,0.00018805627131045777,0.00010979793725041238,4
0.0008772321433844457,0.0024007828115888857,0.001105123388383215,0.00579069974780043,0.0007592946119025344,0.9649967505522233,0.005202449691098931,0.0007206611715253375,0.015297560555195256,0.002849445326897863,5
0.08081574150306019,0.04275317968156397,0.016963012028988676,0.33815595344102706,0.06851392651711294,0.05927131684109715,0.37090947424709936,0.004133774142267446,0.0114719305180029,0.007011691079780593,6
0.9998610198903745,1.003589666732385e-05,1.2405080329017905e-05,1.3356994469782487e-05,2.5311866224069756e-06,3.342612778574132e-08,7.801064433080328e-07,2.359345677766918e-05,7.186069644277314e-05,4.3832657456000235e-06,0
0.03560961615093771,0.0019034103851355093,0.011251784659580493,0.001443865017013551,0.9428270476759069,0.0003259713382505039,0.0009119908677799435,0.004494137757879921,0.0008939646014301146,0.0003382115460852778,4
1.7933330908706143e-08,2.6693675843474714e-08,1.2775646788864675e-08,4.7702820787614575e-08,1.1445454938854965e-08,2.2176082191893765e-08,6.484596436652549e-08,0.9997913194885305,0.00020613481778954733,2.342120704317063e-06,7
0.0019230255506238795,0.01738820039355535,0.0012978161728105138,0.9441794921642077,0.003216016621720571,0.0014490834451910699,0.01631735368321513,0.0018649483475968963,0.01176209425760718,0.0006019693634720638,3
0.0001318390966181833,0.9897947336013795,0.0004501944032150964,0.0008449113087934763,0.0027107471587151937,0.0022097915499320266,0.0015409106862828987,0.0002411364457426306,0.0016571651730734605,0.0004185705762474136,1
0.003271521642242204,0.5519080917958765,0.01676890108404986,0.24241538837381219,0.12807273820289533,0.007847029549436429,0.005429289286146276,0.0030905441276323853,0.007785034169899771,0.033411461768009215,1
0.0034179926368396764,0.001154668060815248,0.0017961955883144158,0.0034487310670839343,0.0010471709523753032,0.9739524202313227,0.009771503372605456,0.0007896128323021109,0.0013901947276326698,0.0032315105307087672,5
2.269206500101338e-08,0.9999794265402201,2.3486614226900992e-08,3.507915102746066e-08,1.3968510679056262e-05,1.6424246377579707e-08,1.2857242028021987e-07,1.6811059849350738e-07,6.19288651882171e-06,1.7697486198038224e-08,1
1.7195681558446625e-09,5.7164943558586276e-09,1.4936753796648056e-09,8.619346361655802e-09,2.4278486662992635e-09,1.7261380093026704e-09,0.999923647738529,1.4887155980062874e-06,7.445988619143496e-05,3.8195661049259476e-07,6
0.0002290038599909554,0.0006710248478839178,0.0003518977483162553,0.000615718634576215,0.0006837760118999276,0.9925196679762051,0.0013242491865747834,0.00012361000155649535,0.0009593101006870207,0.0025217416323099636,5
0.832896165885887,0.01077343428833858,0.011294714861616158,0.03831678046004775,0.059200256126301316,0.024495109535830697,0.008852349585089332,0.0009561650190298873,0.0076410332782146295,0.005573990959644791,4
0.5761855409338578,0.008118612398838172,0.019673681789894648,0.2902929202380112,0.040080178594932216,0.04014527716437412,0.00771754324438273,0.002699612584382139,0.007310730337387776,0.007775902713939023,0
4.0003469741496165e-06,3.168223706627408e-05,8.060057195101954e-06,0.00038512069943596897,5.491154070480265e-06,2.2945178295951904e-05,0.0006003952698345112,0.9969950788848843,0.0018671911663529972,8.003500588988869e-05,7
0.0013348475163123515,0.9939745569776348,0.00012341122949413783,0.0015433499096531725,0.0008196392816788077,3.882422694766275e-05,0.0003608920822414638,0.0007476351457519649,0.0009357453957306663,0.00012109823455542411,1
0.9991676135955446,2.1745118810014008e-05,5.102912561597828e-05,5.371146284254284e-05,3.2761613455435965e-05,4.887139075999531e-06,3.052856353433519e-05,0.00041020337747002067,0.00011709750005605613,0.00011042250359498136,0
1.4339748961179626e-10,2.3113348053874028e-10,1.1159487175469329e-10,3.9449812791085665e-10,1.5255626809601905e-10,1.651575007569313e-10,5.948243467948702e-10,0.9999902426524256,1.183511341592582e-06,8.572043070608674e-06,7
0.0003220660969763007,0.0004675341574342408,0.00042172626064842535,0.0014722188118024752,0.9931764773014483,0.00011342178989763131,0.0002897681167986176,0.0016235196317125257,0.0012397729185315974,0.0008734949147496497,4
4.1270069045747095e-10,3.1919767929679934e-10,0.9999924250868666,4.15988012276918e-08,7.753005281781339e-08,1.3580943436616286e-08,1.488710088036336e-08,5.422247960558645e-07,6.868600688699521e-06,1.5758851502015263e-08,2
0.9947928055335998,6.428125625661944e-05,0.0002972477023768842,0.00043744687970530136,0.0004149944398440047,2.8400425721792572e-05,0.001453953382049462,0.0022841651782266924,0.0002087496787847635,1.7955523434695354e-05,0
0.0006038675882072497,0.9836207997010007,0.00489067497614914,0.00039401407108511136,0.008071386766833612,0.0002483931850836607,0.00024424954902717457,0.00010638952268494115,0.0010236318744570752,0.0007965927654715825,1
0.0014117754898534173,0.013112756046599292,0.010463734558671589,0.9549443467632595,0.0005496353307283407,0.0028230740933281365,0.0020464611938145433,0.006332804606664285,0.005066453304746749,0.003248958612333775,3
0.0005231795399856498,0.003614031658120193,0.00013484064659204613,0.006705335161132481,0.9876502086380947,6.663051699738666e-05,0.0004599896610903001,0.00019865542275202908,0.00049532000236017,0.00015180875287483482,4
7.614707495876898e-07,0.998614606466574,0.0011258172286414303,9.059184209106818e-05,2.0877364146610344e-05,6.490672105007789e-06,4.772609145414386e-06,1.893443073459275e-05,0.0001052992098261794,1.1848705985677166e-05,1
0.0011044331481453922,0.0011617976979781796,0.0017005530701512338,0.006372004436268017,0.0005369911412813325,0.0016149166561950524,0.982172208267975,0.0007202422427606982,0.0027622025038310715,0.0018546508354140903,6
4.63489146513354e-06,9.04558639221239e-06,0.999069984300246,2.565236516672031e-06,4.70063523470324e-06,2.743158599948321e-06,2.8547605023402703e-06,0.0008384426198858229,6.0423091939218385e-05,4.605719218087941e-06,2
