0,1,2,3,4,5,6,7,8,9,Y
0.0031762217449716108,0.6818595045638438,0.0006839429885206056,0.17997122512387131,0.0002956406396773779,0.05034242877648812,0.049458490035707584,0.031109735770198797,0.0018873360225439796,0.0012154743341774043,1
0.018607806719400686,0.7276428791089535,0.0036833715803314057,0.02006242169567905,0.0005216548259189337,0.03243775025447651,0.1678164980566467,0.022071941230489136,0.004787065532744998,0.0023686109953596052,1
0.09228030368290781,0.07016330937135908,0.0035402323481670953,0.027416637051748297,0.01502829485685016,0.5823532926217763,0.12487351320937431,0.014589056532754248,0.06081256013117339,0.00894280019388972,5
3.294512273523736e-05,0.0001783598409613592,0.9957040052962373,0.00017570959539128212,7.313842221523352e-06,0.00048468610606024345,0.0001967528362998442,0.0008868726059911952,0.0022392944504619526,9.406030364010074e-05,2
0.18921627325978857,0.2087207970425731,0.01252809387079289,0.11120330801228341,0.010977036115883911,0.04618385927141381,0.09681752326877767,0.28684165656884736,0.014710073563471721,0.022801379026167825,0
0.09335768781025475,0.23880078253729212,0.04958980193437716,0.07750645996184101,0.005101792665742066,0.2298185055816534,0.2637303983120511,0.015975067139418733,0.021680922767944165,0.004438581289425146,1
0.004715686276356323,0.5548876268230435,0.0004988830987207468,0.1043464795039218,0.0003675933820340998,0.011305888823792689,0.1397356867591598,0.1795615612946916,0.0032711218201518302,0.001309472218127852,1
0.9926818787624455,0.0009117262639215922,1.7084355595738505e-05,0.0038198529373048764,1.4162988798398811e-05,0.001595385649069519,0.0008144467577592969,0.00010850674101508761,1.3370503857481016e-05,2.3585040232140324e-05,0
0.06423280841168581,0.30908078354138424,0.003995668602514872,0.17609648600752936,0.0013973641896423174,0.11067307965775827,0.23149890389165528,0.09557776639863169,0.0026584248082423376,0.004788714490955717,1
1.870450811153298e-09,4.131084733641988e-09,0.9999431141889875,2.9791932077003256e-05,2.4083295613627168e-08,6.363001568021484e-06,4.457437701759941e-06,3.0543398126664575e-06,6.84282465100521e-06,6.346190370581082e-06,2
0.04556788339395913,0.11083512000575256,0.0028782576030287757,0.5488846688537921,0.0022091267660422245,0.06766528780308423,0.04928695569670786,0.049340847022428795,0.12060717403634884,0.002724678818855559,6
0.008577471232498982,0.0015783562707367088,0.0033651662844282775,0.0025776081362738,0.9702843692241199,0.0022915080967291905,0.0021420725438032998,0.003600291273062699,0.0012652932050109123,0.004317863733335761,4
3.008035330245174e-08,8.218101604699513e-08,0.999736727581967,0.00011148473252509018,3.28893475930987e-08,2.6679900612642297e-05,2.8332684997121233e-06,9.129954638982987e-05,2.9258102323537542e-05,1.5717169655476343e-06,2
0.079607256420474,0.07887387767792385,0.0008674977824483586,0.7521255837082096,0.0009003846184956324,0.058673050605837704,0.020217916167497907,0.004584250972361393,0.002891227862592476,0.001258954184158662,3
1.858476416290035e-12,4.528668828643441e-12,7.027538720381791e-13,0.9999993957250616,1.1125764328300505e-08,5.117834567340696e-07,3.221584537983881e-08,2.0008002280296563e-08,1.662329006827533e-08,1.2511490109586366e-08,3
0.0007974619153258983,0.025177491515932245,0.00015074687984857675,0.8576551729950663,0.00011549099603625463,0.08336660342328468,0.013711417861304438,0.018166760189426964,0.0007547087970478081,0.00010414542672687135,3
0.051630609697229726,0.2343555029254286,0.0027466508470101654,0.06915209105884924,0.001523719886282887,0.36335107731253147,0.20274573857786787,0.03412555898969437,0.03685632646073419,0.0035127242443717646,5
0.0029004121415531882,0.2149562593571657,2.280824114795317e-05,0.7796153208648605,5.123644163381433e-06,0.0019634657225833137,0.0003220684896832378,0.00010969901511251352,1.0738266485915765e-05,9.410425724428675e-05,3
0.01834152312384998,0.7265731771077004,0.0006003515855961708,0.1220518620064973,0.00045833213454383217,0.024452760665830606,0.07733896425811497,0.021890910797026812,0.007774664303393372,0.0005174540174465931,1
2.2464570957546618e-08,5.933936621857572e-08,0.9996820830950309,0.00024019313365101894,1.5712777091947023e-08,2.2331599160900012e-05,3.0207683566537213e-05,2.4331139765322753e-05,2.6668485641346223e-07,4.891472545572745e-07,2
0.04004480891748709,0.08064961579559447,0.00125826622411621,0.821298478565932,0.0007314379672983505,0.016575735421327353,0.03253716908911488,0.0029696124907143268,0.002480030660291392,0.0014548448681240226,3
0.1779762798052721,0.11047129552006013,0.007942043432486813,0.29964284121816226,0.005300081667491777,0.3214220065996243,0.017071702689654366,0.011698632204356461,0.010725367537540036,0.03774974932535281,0
0.1420296820345205,0.26920321867099883,0.004862198998816958,0.4385867812513539,0.0039410888039352185,0.03735503807558212,0.07462341788909303,0.018860159931770093,0.005909528737427286,0.004628885606501965,3
6.771191019006593e-07,1.3786905912357186e-06,0.9987704626221516,0.000481082314521518,7.161589180393453e-07,9.926190840070642e-05,8.862560348913155e-05,0.0002803633254181997,0.00022433777587647552,5.3094481530877716e-05,2
0.5913691134177657,0.04077136313285242,0.0021474316844696186,0.2134617220680823,0.001192294025422091,0.058560540211344575,0.05919231107958205,0.00946466708786454,0.0015696446400534987,0.0222709126525629,3
0.004100357690116038,0.7159127884555677,0.00073180545477377,0.062294361828552636,0.00034458736632159045,0.035966986027224125,0.06718921976463571,0.0035639429085196936,0.10933405233164252,0.0005618981726460598,1
0.011509823935892392,0.012540053589509055,0.004587191072751092,0.002376853430268962,0.9371627863845461,0.014000525311266008,0.011228164619299232,0.001890767146043012,0.0019158968467944588,0.0027879376636301884,4
3.9524044451294045e-09,1.1522801565058857e-08,0.9999158302948972,2.794815607832524e-05,3.698233948390837e-08,4.328848458403794e-06,6.919678383544819e-06,3.594137364170481e-05,7.394915223621699e-06,1.584275771900247e-06,2
0.4077496452602129,0.26836244253657193,0.0015185002167685166,0.12762726828317303,0.0012420297025272859,0.041786270335508295,0.020951340250801,0.12297166305037406,0.004704897570796885,0.003085942793265998,0
0.0019490399019946767,0.020141915154590746,0.055657024767976175,0.8709045577593103,0.0005643557565210869,0.02847115094737705,0.002696817408925523,0.018656053690337068,0.00048665219031234847,0.00047243242265495146,3
0.040963674496312455,0.21404167082880532,0.004107235327412573,0.05677263620404736,0.0013421075603450374,0.5209740349003898,0.12548677106283165,0.01810994991735379,0.009169971329916846,0.009031948372585065,1
0.9983073878468947,0.0003882625182325112,2.1769231042487847e-05,0.001083180042787556,1.4706870993250072e-07,2.345192773837485e-05,9.997359569885594e-05,5.1163990378309417e-05,6.653769248891729e-07,2.399840159244649e-05,0
0.034863179089417884,0.15380960985839043,0.0019092507774989282,0.02140490495132802,0.002226214393342953,0.11962051861070348,0.3477992898637287,0.29613738617979635,0.010620917638467474,0.011608728637326319,7
0.011263102760418765,0.27395823840468597,0.006049566738924674,0.5339356826898176,0.0008872410559530089,0.13011908285953358,0.03161679386433174,0.008827865445613712,0.001441195001057999,0.0019012311796627373,3
0.02588098878867941,0.29956232331070337,0.0016506921362140726,0.5155564322429841,0.0002529917348795004,0.11333455032278074,0.02005639232111678,0.013324458070519705,0.006372345684988054,0.004008825387134194,6
0.3285457566149581,0.2764226021801563,0.008824414446808978,0.06795825047814916,0.011965191242622079,0.1490363402745121,0.12259832033546884,0.019235986958746933,0.008196102239227645,0.007217035229349526,0
0.10213480172120805,0.48758530132820377,0.0017309829860561298,0.10982370738145346,0.0038027213191306375,0.12327288091911182,0.14530209937382904,0.010242724148522751,0.004511416065413553,0.011593364757070861,1
0.8545895517596195,0.006521480743728768,0.0005958987226955139,0.030250316691217777,0.001586733783047594,0.0499713184689002,0.04746779098834364,0.004539745575686964,0.0037624151453726764,0.0007147481213876913,0
8.076969321767387e-10,3.5646604073181025e-10,0.9999701295239154,1.0874792545465888e-05,1.275001192259032e-08,1.6398323421101964e-06,4.357117687927605e-07,1.6332139509273666e-05,5.628087632745761e-07,1.1276980734454458e-08,2
0.4166789126352987,0.15092144457769602,0.001422565510681925,0.060858975797330725,0.004514364503232894,0.08624556020497519,0.20959464140156184,0.028797311952798752,0.03891799215923928,0.0020482312571840056,0
6.72566529107999e-14,1.7300804032995167e-13,6.805693398545434e-14,2.293727265020087e-13,4.70331487549323e-14,9.634573708726314e-14,1.6174591707919615e-13,9.551409363134901e-14,3.3478109270165827e-13,0.9999999999987269,9
0.1133453035052325,0.19199608081563288,0.013042656463743137,0.030572763272446603,0.04671156425312882,0.31185871676319193,0.26035832147792476,0.007391159371161889,0.012797357629791787,0.011926076447745777,1
0.020352684541097277,0.032271384126137524,0.007853822513303205,0.8363557520912286,0.0003379892641844495,0.034796922688675125,0.0619123318193108,0.004185453341445665,0.0007785364396260915,0.0011551231749907874,3
0.8810277614000405,0.026156573586851497,0.0014833116372228972,0.011996192856970463,0.0003295903808092366,0.04955519064270638,0.021721681937053677,0.00520857335292861,0.0007486892465815753,0.0017724349588351769,0
2.036058318245245e-09,4.614932671028765e-09,0.9999218441405652,4.531557922805578e-05,1.2452152660467992e-08,1.6842181875204131e-06,7.437423953300448e-07,3.0363065996227594e-05,1.6632899555781474e-08,1.351758416713044e-08,2
0.002548340190547616,0.004773991215063848,0.00022689027419928618,0.24149484094593188,0.00017256498293080814,0.7282096683158632,0.020842997652734598,0.0011010846932163643,0.00044268943223859996,0.0001869322972737941,5
0.018719118876893252,0.025594154576817994,0.0006790874365105796,0.03154181703078963,0.0005538583568370648,0.03785224361273657,0.004505518305349738,0.8739192995132475,0.00507345436119692,0.0015614479296210027,7
0.0005778795554986216,0.04368864672069666,0.00011772406467706516,0.06364333162464793,7.82415597372963e-05,0.8771906319876888,0.011128794366168553,0.003368758291459181,0.00011796248284694535,8.802934657950897e-05,5
1.4233514217077642e-10,1.2371905174909284e-10,6.599889678728702e-11,4.0602814962960726e-10,4.825067939748493e-11,1.9606591991487983e-10,1.648427202909189e-10,0.9999999415770858,4.224647206302503e-08,1.5029201721383702e-08,7
0.0025934072374788615,0.09471180133578662,0.003322654491245169,0.15810710627381858,0.00029562893337857173,0.6681875983538133,0.061455521914449994,0.008405866054286885,0.002119373100532279,0.0008010423052099584,5
0.00014692560103385925,2.8059488640733853e-05,0.0003203563627510908,4.451612514027178e-05,0.9983091769807371,0.00013941552368797655,5.385926455662125e-05,0.0005794647967798297,0.00030998375100994125,6.824210566271827e-05,4
9.654392967818043e-09,3.999115276663589e-08,0.9999055313496755,1.6337445076698827e-06,1.760211221749978e-08,2.2987968050926164e-07,2.4160557151488177e-07,9.08726914061799e-05,1.364472534757853e-06,5.900896576752524e-08,2
0.017020995788191225,0.123253641422109,0.0028498928131425643,0.04487614338067536,0.0027094675020931597,0.21001463998303432,0.13216710129974674,0.23730749340833093,0.2109083956026396,0.01889222880003658,8
0.9507105025554492,0.0029254394880714593,0.00018979075935897233,0.005299589142223912,0.0002745069025944503,0.005648050835367781,0.0031948797345872602,0.030882874624554107,0.0007402692973747005,0.00013409666041781473,0
8.408118008136522e-07,2.2136414774538427e-06,0.9983762968767589,0.0007570885128317172,7.97618995110305e-07,0.000136097247024277,0.00034652421736407375,0.0002695275440858858,3.5179164046056764e-05,7.543436561594543e-05,2
0.006959032979084356,0.06975594056793162,0.005336052306897744,0.039754541622380665,0.0012455642524537927,0.24434073369254047,0.12880228773702673,0.012067227240476581,0.4857502799949928,0.005988339606215573,5
0.01348850340749968,0.37469668238879306,0.001113072226330366,0.0736952291242357,0.0008758411600169548,0.2805645590574481,0.22917029247086937,0.014981808785843003,0.009064186673611948,0.0023498247053513554,1
7.166445020884512e-09,1.4039199139777724e-08,0.9999532624909845,3.038978822790891e-07,1.450211404209677e-08,6.480967297840601e-08,2.2489619606981958e-06,2.0137403313660742e-05,5.392134420109639e-06,1.8554594007758158e-05,2
0.030307683165624728,0.1675714060238608,0.010903452448557366,0.026938978132123304,0.0038230853711577646,0.5233470922110806,0.12407731699792326,0.01907006598410098,0.07608472448733039,0.017876195178240704,1
0.056674887672007034,0.15955753273639492,0.0060925168019819766,0.04226157941756645,0.0015925622730062932,0.11885284075413938,0.5931439402127934,0.011001097418264244,0.001664826624426611,0.009158216089419743,6
0.0012629815159538428,0.8473460183042575,3.047401939540378e-05,0.12847549458803573,2.0584266412371582e-05,0.00563036226110564,0.01649644265311024,0.0005606740390281756,0.00015819408584082185,1.87742668602169e-05,6
7.471685944376806e-05,2.334204536536146e-05,0.00015193882929633186,0.00016665182222213893,0.9988978733853918,6.182546387756739e-05,8.889817539604751e-05,0.0003383423200081931,0.000115713903996957,8.06971950016688e-05,4
0.016733220003378034,0.16673453521040296,0.016398861676602577,0.02334911753434619,0.0011470330590698265,0.44261557693356024,0.14943618276911083,0.016805558398882592,0.157439290044534,0.009340624370112858,5
0.008144225713949797,0.0016482609163793772,0.001687629007494901,0.0018346333929715527,0.9766281825287693,0.0016769140560793023,0.003973576251170472,0.0021783548071520296,0.0017230469108281048,0.0005051764152052678,4
0.5340668291185362,0.044242878084475475,0.0022117444879839582,0.0200708757964199,0.0008012213308443144,0.013569499788223631,0.3727520377277723,0.005503331490497845,0.005861195751913376,0.0009203864233325722,0
8.199546429203726e-05,0.004499303958121737,0.0004391722834070116,0.992323963394532,7.395317362609535e-07,0.0005133747022641147,0.00011084557834801596,0.001962761432216996,6.374494455335223e-05,4.098710528635453e-06,3
0.006796111956388003,0.10992591220884795,0.0025194173856436576,0.048155470499138854,0.0035713643901222605,0.003882309487317837,0.003908705291855713,0.1185436140385219,0.7007803985381119,0.0019166962040514147,1
0.20570422616140918,0.199736453041193,0.04656673000400403,0.023590410031125567,0.06642770429269895,0.2979380215571021,0.12963757848489996,0.01068295025000911,0.012526288780119958,0.00718963739743819,0
0.014778323714740828,0.01784940203906172,0.007909571356995918,0.008068089343614825,0.004956047079250244,0.06767678646709317,0.013303678556916871,0.7954577540950322,0.05066507687951293,0.0193352704677815,7
0.09011547628280434,0.20515977789819304,0.034894284840872994,0.02565242351669686,0.0141793474588159,0.35231687283455876,0.15797063192581384,0.016166293617121123,0.012578257067896378,0.09096663455722684,9
0.0009343156602212293,0.7554256465271102,6.0230760361303215e-05,0.20952616919879305,4.643889335382478e-05,0.015186713096401207,0.015430948824622323,0.0032651379170642357,6.978601489816934e-05,5.461310717404453e-05,6
0.0010721738096948546,0.0005367549916958,0.0018074582375852053,0.0005881488087523807,0.9914905013755517,0.0006926976248678173,0.0007343221606690007,0.0020472387685464945,0.0007864476514980608,0.00024425657113847727,4
0.4028128542045612,0.2724312185722023,0.0005748903572729913,0.03513351956665455,0.0006976583707416143,0.09057406644284183,0.15740865588107752,0.01927702835063524,0.020403075707991287,0.000687032546021225,0
0.05097177503043118,0.04924221845377833,0.4583275019227341,0.28841060655530193,0.002489346138175583,0.03206751341611068,0.07388982541939751,0.03444780686287766,0.00615485264221156,0.003998553558981414,2
0.7165281424080028,0.05845408558517243,0.0007866303406796391,0.0292272926457055,0.001043947852679937,0.08117112496058189,0.09844509445073635,0.006316685462481339,0.0017938939843912453,0.006233102309568628,0
0.006260648802316159,0.04883144010871575,0.005296082276639581,0.06620807024715292,0.0038145265279344574,0.1893382548867923,0.09486276263328235,0.3695514232372728,0.20934885409970713,0.006487937180186692,5
0.03042890750525295,0.23000336907875293,0.0050402079913042,0.025467021146630166,0.0059756106156575225,0.3518698825265687,0.30288018095616165,0.011904341294754225,0.021076062868099713,0.015354416016818091,5
1.6369921505928996e-05,0.00037969926684137663,1.4949222294031605e-05,0.0010978342545081984,9.417259514730289e-06,0.0005653520981838991,0.0004421948677240402,0.0032904676666656377,0.0006078985845419499,0.9935758168582204,9
0.7791445252310376,0.04776025395088234,0.004658918596832507,0.03967320328450608,0.0006328345616728723,0.02244041771840836,0.08450888514634927,0.019313946024940597,0.0008352614009004439,0.0010317540844695457,0
0.16770452647115128,0.07179770388646861,0.0036179854386205815,0.32968055133953994,0.003153706444395231,0.09426902289214191,0.3040260189805568,0.005391255782027915,0.011582438549911606,0.008776790215185829,6
0.5795756778291044,0.02038382907144577,0.019676511639643672,0.02912951161549305,0.22422265184033915,0.023753231059501435,0.03932205562499819,0.033542384344705155,0.01232215129894404,0.018071995675825025,0
1.622109399621597e-08,6.364497899430196e-08,0.9998612153635756,4.672098385733248e-05,1.5273999401081696e-07,9.270981232194519e-06,1.158096979886831e-05,5.900695110356616e-05,9.221695436363712e-06,2.7504489291998353e-06,2
0.9969186208464369,2.9163535598037393e-06,4.67039948790793e-06,0.0020136317293954925,3.2778414977673033e-07,4.8142346399693524e-05,0.0001224993765885182,0.00012486485163716674,0.0007445883583724014,1.9737953972586406e-05,0
0.7949205393465283,0.0323565612315576,0.000308993478025269,0.03190903111194172,0.0003992990885202587,0.04561086774936619,0.0860593808374389,0.0027096783020951203,0.0004791929909436113,0.005246455863582672,0
0.010368665777525021,0.1556940235007816,0.0005328902744428713,0.44787122585627615,0.00025202744120894985,0.26293689304396156,0.1024489790245489,0.018787277133882185,0.0006828543079405731,0.000425163639431996,5
0.06225097651016904,0.240425623156833,0.006435219799099509,0.07992444715991803,0.008866808440139595,0.2636958633168482,0.17502482879278117,0.10065492865703803,0.05848161350682272,0.004239690660350774,1
0.00752528737273232,0.010915953419132146,0.002079085696274692,0.5059980159062516,0.00010919532832366505,0.4520709072360512,0.01575461055322681,0.002193425608929714,0.0031971552986926246,0.0001563635803856933,3
0.0009165133678391552,0.19919388178976496,0.0003498257207904719,0.08057980924981929,9.138917647649881e-05,0.012913630580447904,0.044445483545073106,0.6523679865687082,0.002561850494760932,0.006579629506319142,7
0.1009809294458632,0.1487892912890547,0.0038186004421740935,0.5296248757524278,0.0027731506024140967,0.03356601607746682,0.14964215847672388,0.0168460906201719,0.010696302160759539,0.0032625851329438644,5
2.8212746772794713e-11,3.2816551804023525e-11,0.9999926641333438,5.34822995724713e-06,1.2084152445393465e-08,2.6496889345776993e-07,8.859775637933834e-08,1.5059657717382655e-06,1.0342945078437216e-07,1.2529644722241674e-08,2
0.005871016540130089,0.04562697443583255,0.005309142048345754,0.014514239664337557,0.0020550188726259407,0.03624138147667245,0.026624425092684402,0.021680459383795304,0.020657068776285755,0.82142027370929,9
0.001463579848635231,0.2049337490341805,0.00298330598545803,0.008141669069957407,0.00030186096910913434,0.04173594162918469,0.12416436033607112,0.03502445395853185,0.5782103336498783,0.0030407455189938623,8
0.008450386759636766,0.712769233538069,0.0007542531960387337,0.03538096449731423,0.00013034792276160335,0.12042291066730264,0.10677918463322156,0.01193184583623042,0.002535601606640909,0.0008452713427841216,1
0.1316707695931341,0.07532484972935087,0.003081257093937771,0.036336977290008676,0.0033360512175852164,0.16761717085653643,0.26041297276650394,0.10654735652773256,0.20799946411932188,0.007673130805888508,7
0.031170651389218706,0.01710846056455087,0.0004897078383288935,0.020862236748322417,0.00038472746868775274,0.01038053975582063,0.01258729716857246,0.8834961803510565,0.022565344202595233,0.0009548545128467326,7
0.8282844495249088,0.021460861149145697,0.00021154811177521375,0.13737477083355287,0.00017291975390740642,0.004273760163475881,0.005272160026809341,0.0021535988588629726,0.0005103953879975398,0.0002855361895641772,0
0.11472046352232661,0.08112273868677487,0.00843407286210986,0.18650776918275674,0.005131315155892644,0.01716507905605942,0.2562437391215725,0.028720455335188664,0.29616404077455727,0.005790326302760923,8
0.004917787909461298,0.4104775994319342,0.002393009020702841,0.21099044966222727,0.00025976836689510556,0.06378773736921192,0.29415123058814785,0.010587752385296929,0.002121098979467834,0.0003135662866542921,1
2.853153345118565e-11,1.8110618459733388e-11,0.9999977439914286,3.658693734869618e-07,1.2950878393975145e-08,1.5073206761890107e-07,1.9616900219572193e-08,1.5801250599086028e-06,1.1280550980306728e-07,1.3862139810004101e-08,2
0.010461853520350574,0.0789841392994132,0.0026916804222391626,0.12803511309623358,0.002020236321060378,0.06656082436691647,0.6248254634745278,0.03966836829822874,0.043999878074124886,0.002752443126905077,6
0.054902875584126605,0.35347923890822125,0.004019230880006962,0.13340830506857576,0.0010928657613841727,0.06253758295187789,0.2073356186264462,0.03978992097807119,0.13170535567064867,0.011729005570640947,1
0.032302742762746646,0.30436982315407485,0.021703026852483508,0.326592132305425,0.001881806021820929,0.2079927953007545,0.08479703816021739,0.007687128267293795,0.004948877966277262,0.007724629208905872,3
1.1652636545492716e-07,5.200820699653147e-07,0.9996278753532064,3.488718294807347e-05,1.289317088707154e-07,3.5572308248495995e-06,3.651544708109368e-05,0.00025857151987039156,3.596484202420503e-05,1.86288390039505e-06,2
0.020734992572495323,0.8469519668170201,0.00011877965070034892,0.08996900742479946,9.768519429510511e-05,0.005778381547995652,0.024015410004318997,0.011853890089163481,0.00015128776333878487,0.00032859893587297454,1
0.082091555406625,0.05544418331687582,0.011582833113180518,0.04449946762569405,0.010308957879262453,0.060752746790057266,0.03757810209402035,0.012172524298544036,0.6833697705246505,0.002199858951089306,8
0.0001983963707431401,0.012033789068838379,3.4689918370895545e-05,0.9069696370230933,2.9022324967237626e-05,0.05293750394430499,0.018565851991263444,0.0009475349565229309,0.008250750630413221,3.2823771482349264e-05,3
0.007748274002670218,0.8857755364452761,5.1871641177611335e-05,0.06384802242749149,3.421151257344779e-05,0.00490952285801616,0.034822277957332705,0.002522434530544637,0.00023236268804336228,5.548593687460422e-05,1
0.9624035100399998,0.005251004710394588,0.00019304647558043272,0.012933361712213754,2.0704924272513435e-05,0.003577271749398596,0.010631363820237662,0.0013502778360935364,0.003558346865854249,8.111186595500992e-05,0
0.1664005225724846,0.09070451852721743,0.021543622819226903,0.20331129332933745,0.002861705688792439,0.2247838005364197,0.2647827576468522,0.015209735893707596,0.006656545667992907,0.003745497317968331,0
0.0003375324529251581,0.010580566310913388,0.00026820017274253416,0.12362588243752116,7.4028438948304335e-06,0.8560799162270666,0.003715574279929641,0.005302704110186445,1.064218458717648e-05,7.157898023310837e-05,5
0.9653315357716712,0.006418423298915867,2.791035150732914e-05,0.024931054966649283,0.00015596934485569006,0.0002558633489378755,0.0017192975735281528,0.0010531020549729656,8.210076073286469e-05,2.4742528228970528e-05,0
0.0023052861625022483,0.004550964387889878,0.9639727690995569,0.0013692351609103956,0.0005364568480978029,0.0072719426551175565,0.0046704873908037835,0.011280526647418881,0.0034830775508031754,0.0005592540968993265,2
0.1974406517905558,0.4606156831897553,0.0034818074362088576,0.027544216459688253,0.005697783167450668,0.22829796923236703,0.062390817445943283,0.006052057927032803,0.006445655923447439,0.002033357427550094,1
1.9501603143151885e-07,1.295584428371782e-07,0.9998245263120201,6.6066560593549735e-06,1.0327774471204008e-06,1.4104664921360069e-05,4.016822195570491e-06,0.00010619124995835184,5.078275327149081e-06,3.8118667596706225e-05,2
0.0004603686546101066,0.0013876843994998923,0.00014798109299424462,0.19744973923546005,1.5217361137275848e-06,0.7993965076955318,0.0002463282649709252,0.000777140376385408,1.3931689702878437e-05,0.00011879685473112861,5
0.005445981386356932,0.0017026021936977997,0.9659341931511382,0.011315892596760697,9.443931955519869e-05,0.005703357739576849,0.002090294521727038,0.006921157667484918,0.00033089043413622195,0.00046119098956594687,2
0.00942652049429187,0.016222764017991848,0.8786599921499836,0.04425975231060993,0.0009588643923569207,0.011419256493094531,0.02984317214637066,0.003215351287397325,0.0009240185299427949,0.005070308177960965,2
1.4091846256892148e-06,3.438197867331699e-06,4.235764809865537e-06,0.00022066073979002573,1.12673467462357e-06,2.915261096865854e-05,2.0712059828442338e-05,0.0003890381633419776,0.0002064745434512326,0.9991237520006423,9
9.158035261171025e-08,2.0423280156647522e-07,0.9994015209049656,0.0004805616942636233,2.7060373264577205e-08,8.697265257754005e-05,2.1995453407494406e-05,8.289589910526465e-06,9.584763922803581e-08,2.4098370858281037e-07,2
0.06070357630364306,0.419353897057105,0.0015174625227375432,0.14256162768642136,0.021328832410274286,0.157517008067585,0.1550408924354336,0.0176324974116572,0.015923860887665165,0.008420345217477917,1
0.0028916521060012045,0.21125335704521,0.0002452854821170543,0.564759025651847,0.0002010054026597026,0.08830328878087695,0.06564988665791786,0.06254363728871093,0.0013474385598873887,0.002805423024771881,3
0.013367826443863149,0.3824413506104808,0.0006968107537047131,0.49857571338323575,0.0003778879501786138,0.0587138185777198,0.02307055349016517,0.021913001170550298,0.00043802345126356417,0.0004050141688384055,1
0.014193063504805812,0.002698454571616343,0.0031158875295043166,0.004658756119085218,0.9519463140419621,0.005978156120189932,0.003794220939568549,0.007873701549714188,0.003451657734351516,0.002289787889201926,4
3.986884488352335e-09,6.3325259914285425e-09,0.9998998805222538,4.297702275938228e-05,1.530686394533489e-08,8.090431351656783e-06,1.15850827637648e-05,1.3607505333132737e-05,2.0293212567122436e-05,3.540596696692522e-06,2
8.404450554560145e-07,1.7676102567001095e-06,0.9990083519064623,6.430188429025289e-05,3.8525154723321627e-07,1.984464074659819e-05,3.5932819014784514e-05,0.0001498412865914274,0.0005592917901029397,0.00015944236593231574,2
0.00034365257827321394,0.0023083656500668456,0.9767701101295826,0.00514341275022935,2.9721645451851565e-05,0.007635341116878042,0.002044283484336844,0.004916861378514488,0.0005938916666947863,0.0002143595999720515,2
0.02137274772948813,0.6107112785210643,0.0014657426837966657,0.056761488747073624,0.0038459110407392232,0.0734857232821661,0.18618727194311818,0.013939324081475033,0.02451426868103435,0.007716243290044867,1
0.00014460695213418663,0.0006845289305236542,8.062815328645061e-07,0.9949352316226819,5.507028170322559e-07,0.0014803036720993582,0.0026847150213513203,6.690200501057735e-05,1.1651493803966724e-06,1.189662468523099e-06,3
4.62643931744322e-07,3.208225638380462e-06,5.763316056564849e-07,0.0008611502564975247,1.1703562118640015e-07,0.0001386470948387064,4.6095884642643385e-05,9.409561839195986e-05,1.8020737227337246e-05,0.9988376261716048,9
0.039074304132240355,0.08146188736330479,0.003474268036777133,0.0735570122733451,0.002104974307403046,0.5196661748387327,0.2330729982173585,0.040161844851157154,0.006048365962246718,0.0013781700174349194,5
0.015765346502157267,0.25093177447958437,0.001400816903693735,0.17818128986969967,0.0011363487110456567,0.06944561438347474,0.37627293123059985,0.047014928661444244,0.05832234819494621,0.0015286010633540025,6
0.9925696091184116,0.003057000262212188,6.137069071883866e-05,0.002290952183710258,1.8592949787494346e-06,0.0008252962386718379,0.0010504390883673334,0.0001088830022872483,3.057433247012703e-05,4.015788171722214e-06,0
0.014133454465472314,0.5103789744589198,0.0014915128097745464,0.1258445630405275,0.001186780424578046,0.04114181378464677,0.15699654120306994,0.13375881741040313,0.007636380240318256,0.007431162162289939,7
0.0010958843423851407,0.000898751468749821,0.00011762901139046588,0.9300338401581448,3.0790699135330894e-06,0.06449677027562617,0.00043339375131712333,0.002471087901112947,9.357736609023694e-05,0.00035598665526988716,3
0.07632015628710181,0.5527959857217601,0.0008508236917799659,0.23096611051092325,0.0006653528762738508,0.05482897512873232,0.025795080950678933,0.053366176159631934,0.0035915047442049547,0.0008198339289127498,1
0.9893315687629637,0.001277541250747388,1.4646007988311942e-05,0.0011630434086091184,1.1035549388873845e-05,0.00046568822978556895,0.00014951846835628763,0.007316324032069645,0.0002446669345724201,2.5967355518614416e-05,0
0.016177547690392487,0.04652654572746557,0.0005708148857195799,0.9147222728646949,0.0004119888944174445,0.017719237200218115,0.000941063990284867,0.00199981668277109,0.0005285492874402615,0.0004021627765954998,3
0.03293210959645035,0.20839368334332514,0.0060885381120464,0.09506256059575731,0.003305086650338366,0.4339435641471765,0.17285842256284084,0.025881741110168294,0.014637615547592572,0.006896678334304312,5
0.0006901516696300195,0.0026340527597199953,0.9839330211846244,0.0019272628450091537,4.5734335841409776e-05,0.004294510821623868,0.002933264016796286,0.0007029697343862174,0.0019282138913602912,0.0009108187410083623,2
0.17453991295753557,0.05624930601863585,0.0980319703113564,0.029614323779259974,0.18015734463003405,0.11237425785445726,0.08875893630610834,0.10623044656471738,0.13929393502198878,0.014749566555906635,7
5.4769179672699895e-08,2.5013315463080494e-08,1.019301571188581e-08,1.2722833759459055e-08,0.9999423947397014,2.436852081857626e-06,1.6904001370298303e-07,3.8293919003213705e-05,4.858960102194153e-06,1.1743790753058091e-05,4
0.18011899602079318,0.31761407982156076,0.05444120864347034,0.045377734273266516,0.0031852851648703417,0.03599771059661388,0.293782181983653,0.03345769321991847,0.0334423919345834,0.0025827183412708613,6
3.893213165619177e-12,1.0969095005115564e-11,0.9999959628012643,2.742916748095808e-06,1.2512846000795898e-08,1.942592739061702e-07,4.206904483959799e-08,9.627761727594303e-07,7.135520913291519e-08,1.1294578262042702e-08,2
1.6148553890541355e-08,8.27241011686845e-08,3.631493285721927e-08,0.9998684088166956,2.1436348368733303e-08,4.8676284123141294e-05,9.462396307944703e-06,6.601397490106142e-05,6.944784562064243e-06,3.371194740492657e-07,3
0.00035967067580796957,0.017403597451465542,4.631285549810133e-06,0.9784583611563439,2.2113112473892817e-06,0.0016378568404632574,0.0020661284246762984,5.8341761184490983e-05,7.392200512336945e-06,1.8088927489897484e-06,3
0.054625438710656504,0.5365058287257998,0.0009232749690469062,0.38995688142334295,0.0005810272896996441,0.005253429829642784,0.008240713531601834,0.0025586994188851304,0.0007880886784872528,0.0005666174228373367,1
0.025865260852357914,0.05285831811288812,0.014260819645638616,0.011797448951657045,0.014500248180661403,0.1215243758758357,0.13155622329593122,0.5041211342255313,0.07494886859718304,0.04856730226231626,7
0.03343689899006607,0.12449412319533051,0.00483184250786399,0.03190299493164609,0.02164969714167279,0.15730523601819316,0.16435715781252996,0.36990213416479745,0.08692592188122206,0.005193993356678211,7
0.09817740301400153,0.5491789543189469,0.003927290281806029,0.07403331406885984,0.0076577733734101506,0.0809071398505525,0.15189433886104703,0.020983497920853144,0.0037742612318384296,0.009466027078684686,3
0.10381522545593985,0.05796141298433041,0.023603046536536262,0.03667048901676741,0.034957720953928635,0.6067324497562894,0.08447219636303319,0.0077366664168487375,0.010337258263652503,0.033713534252673316,5
0.008727971781363695,0.9198179568654002,0.003545778144087836,0.03039458481359918,0.002884806628708919,0.008211535565164699,0.012783110624002385,0.006787574145044417,0.006469956998968367,0.0003767244336603673,1
0.0011498237921863954,0.01385868918547059,7.649017491793367e-06,0.9744549152006536,1.2662978138072e-05,0.0021937261874458605,0.008226298536728436,4.144698610346788e-05,2.2293089369155893e-05,3.2495026412761565e-05,3
1.2158640083635911e-05,0.0003097423451929109,6.254711302008303e-05,0.0061171409296219195,5.640291077540969e-06,0.00484991723461219,3.985204265113923e-05,0.0007894808795535161,0.9877955505589674,1.796996521943188e-05,8
0.03689410989219026,0.09920246588881176,0.039702565075223226,0.19432593461600337,0.002029020083122678,0.5076194355781316,0.014427310454865437,0.007802810787813713,0.09541762117759646,0.002578726446240775,8
0.9999612615274106,1.798522501795202e-06,1.4852184768283873e-08,2.0544797242256317e-05,2.0451442821889182e-08,5.2886645773998344e-08,2.6971247222466354e-07,1.4102107955404088e-05,7.4367435900399e-08,1.8607747088579506e-06,0
2.1373285536848054e-06,0.00011958942018337722,1.5198141156396245e-06,0.0009219714345684773,1.2989827098356694e-06,0.0020815531159447996,0.00018066992539847508,0.9965406254337652,0.00014994177671547534,6.927680450327933e-07,7
0.004421244094423227,0.09214850186510323,0.0004733414071343123,0.7370768958531976,0.00022620741178268773,0.036455484092636985,0.12330096073233174,0.004241779101140204,0.0014481891088849155,0.00020739633336567853,3
0.00017430842529804065,0.05385450132551787,5.122658809033807e-06,0.9140388717694757,3.7023607943230852e-06,0.0211725874272959,0.0020654590119797635,0.00866793788677033,1.1317052687775448e-05,6.19208137149839e-06,3
0.9991889456343515,1.797811490320179e-05,1.4563912868073883e-06,0.00019315540259602802,1.1562718092641296e-06,1.0338489415609339e-05,3.954355441252057e-06,8.166242904697882e-05,3.3563840714884624e-06,0.0004979965270782412,0
0.00018542883980144652,0.0005253128732989716,0.9970468863009281,0.0006162313898653328,0.00016287295856509565,0.0005914237484697825,0.00035825051150359535,0.0001752955005372958,9.43905915642012e-05,0.00024390728546676445,2
0.007339843853208804,0.3090861162364582,0.0015506360584429011,0.4649345492704376,0.0006183466959172419,0.12950464224091665,0.0637120221345681,0.019228734826045778,0.00232705984241194,0.0016980488415925489,3
7.028480455916331e-07,3.181197355757178e-07,0.9994961354983611,7.125039969561701e-05,2.6986806166373433e-06,3.7415204961229954e-05,0.00010154491280060026,0.00016697480543613398,4.0865229886532684e-05,8.20943004606799e-05,2
0.01846364482459387,0.19981843762649523,0.0018031064107099585,0.1433783044857849,0.0017697155725101062,0.24647293143671462,0.2608377784345543,0.1115998083791366,0.012412003423128273,0.003444269406372457,5
0.9680827588921662,0.0020324588808108145,2.7088703704110624e-05,0.00637717162943888,4.6481068981626825e-05,0.004961391655008997,0.015271255161050974,0.0009855649428517485,4.672728325451007e-05,0.00216910178273211,0
0.03521424687803078,0.5124600897607083,0.0020911557010173686,0.0875758007559089,0.003097158808702486,0.11195802470817307,0.21396283031904126,0.0035587159566765904,0.025045701352947723,0.0050362757587933404,1
3.0434050312147213e-06,3.341748436652641e-06,0.9981165614527299,4.6217974587608066e-05,2.167858841679512e-05,4.918542430130166e-05,5.1297712244444094e-05,2.7184731441378998e-05,0.0013936055064009522,0.0002878834564094591,2
5.8368970302097344e-05,0.9832352878181684,2.9180872790197196e-05,0.014071249124766304,1.0054198723979433e-06,3.694781179031299e-05,0.0006906487037088891,0.001857269457549517,1.901981868424273e-05,1.0220023678763667e-06,1
0.07026293676340754,0.3160998972675948,0.0008049984165981462,0.14161855077679553,0.0007173548120062048,0.06664593586627088,0.3229163801339046,0.07826498718548464,0.0009264641576884572,0.0017424946202493363,6
1.0920751333911609e-05,3.0652488151777515e-05,1.646442028044035e-07,0.9716506003261964,4.599297033087441e-08,1.1322845414557488e-05,9.755273866822592e-06,0.028279709390503147,6.743900638636576e-06,8.438672146372278e-08,3
2.2936179149538666e-08,2.5370325330822653e-08,0.9997832298859664,0.00021468015286809836,1.2769507211857058e-08,8.148673882160922e-07,5.957574725465775e-07,4.407481300079965e-07,1.6559058739001796e-07,1.1921575923092172e-08,2
0.09933131651685999,0.1069648938475296,0.005159884705161119,0.11146778193821483,0.02188558402617692,0.4948709678679795,0.13992019989479498,0.0155167375961993,0.003433219896649748,0.0014494137104338325,5
0.8447253736924997,0.012212394170541738,0.00045839454227084063,0.10192868784286785,0.01166245786945673,0.010507089799496369,0.016132937236900343,0.0009199067450992789,0.0011620107194659412,0.0002907473814010328,0
0.003987391218257446,0.5735051107944911,0.0006515654192404858,0.2907779133947498,0.00048749603802663487,0.02355061920210209,0.09921728176028563,0.00527508323949442,0.001465519828907129,0.0010820191044455787,1
0.00023522051669507888,0.0010412632620538076,0.9900968762751701,0.0009623864972372878,3.99622419388864e-05,0.0013005983533530636,0.0011002082366095539,0.0004855097080314713,0.004167199248339196,0.0005707756605718593,2
2.069271229479006e-05,0.9582854426398149,6.028021299821635e-06,0.02821372200763416,5.2420372029257e-06,6.246575938790773e-05,0.0027917686595463334,0.01059119611675351,1.1803930724683962e-05,1.1638115340953657e-05,1
0.05359691398850701,0.01327764819324979,0.0017071220431250026,0.8309840365645239,0.0006485271063422183,0.06029789124827904,0.0172137627182095,0.017202032324478173,0.003931053701403421,0.0011410121118817312,3
0.007060221077444036,0.8746234341984727,0.0006271294571888893,0.047159838502442486,4.950412886488964e-05,0.0071831245232496675,0.05852588709273308,0.002657034601688898,0.000301472457472147,0.0018123539604434705,1
0.046679431077235975,0.15804205240448163,0.003943900310818189,0.05447731632943436,0.007110524266950885,0.388339890008054,0.30217016883678977,0.023190202826728932,0.011749101639261766,0.0042974123002446785,5
6.283027847964242e-06,2.673337840887958e-06,1.126122191447824e-06,1.6564335268747006e-06,0.9992638923597503,1.623617619140978e-05,2.3995670242460768e-05,0.0002966198151211871,0.00010283494579010216,0.0002846821114972306,4
3.1188133144279544e-06,0.0003251225523907205,0.9963697595089257,6.431024946665398e-05,1.3855859678523067e-06,0.00033468825647611647,0.0002364249911446319,0.0023482127753854673,0.00025775484521193106,5.9222421716247314e-05,2
0.012749889437764419,0.0033389586048325954,0.0006116448321577126,0.0035935944679402446,0.9339258799693162,0.01002654643887837,0.006909319537911217,0.012898072001475382,0.012594370505042864,0.0033517242046808065,4
0.7543047572225384,0.02087374663364882,0.0008055785927260661,0.008693799715602852,0.035722308999369894,0.02064513588286042,0.07686306072975438,0.0148593145752021,0.061333478209749284,0.00589881943854784,0
0.18127387572432163,0.1638988389265683,0.016251394558641757,0.16859760892076558,0.009998432376432137,0.22896750162980165,0.18314727185367294,0.009967957252188004,0.0066785397060859395,0.031218579051522206,5
0.025691544544024135,0.050667909201046385,0.006908165715497414,0.3765792738476233,0.0022808885436851264,0.09648126494802019,0.16452590781264836,0.014291624106718569,0.26021876345604666,0.002354657824689608,3
0.009651328838909254,0.036995819930942336,0.0005921808606508043,0.030372898815167578,0.0004226941650464467,0.12872368357141342,0.0702279093885484,0.0010068542921840954,0.721314419941298,0.0006922101958391993,8
3.205986936616112e-05,0.0001668058043728256,0.9959218601904243,0.00011638309022145567,2.1160774382277263e-05,0.0005030527177564405,0.0002570609896539681,0.0018282312682077113,0.0009185725908178184,0.00023481270479735957,2
