0,1,2,3,4,5,6,7,8,9,Y
0.4774515653792459,0.0338894215927979,0.012261956193036974,0.02416911274666877,0.07181721054042173,0.04682061617465568,0.1596517482387951,0.13036548650092633,0.008009609258194546,0.03556327337525731,4
0.008647361512439583,0.9131243098285259,0.022786623231223543,0.003364678721520851,0.002754884265213781,0.007783444442579977,0.007780376209152921,0.01269148648874206,0.005956204664121154,0.015110630636480741,1
1.9743729548296084e-10,5.706469978880894e-11,8.36246542767957e-11,0.9999787629883745,1.9994708271519426e-08,2.6150186092177225e-08,1.2776884658067907e-08,1.4475720429356882e-08,4.923399055324041e-08,2.1114042009088148e-05,3
2.1490825406048194e-05,0.983388778520454,0.00019694401241195425,0.0016825811550512152,1.0148431233571394e-05,0.0005979804258388932,0.00010996182023932678,0.00014492902097424268,0.013819396977984556,2.7788810405875045e-05,1
0.008691513694949207,0.00011132495989213624,0.962222456701279,0.0009509679205783617,0.018094333326329825,0.0006238583343544341,0.0029095540060716653,0.0009859057016523367,0.004986712451054488,0.0004233729038382725,2
0.045910150875246906,0.2434700258239747,0.03596616364152448,0.017418985406707287,0.015005791379961577,0.40099760404915835,0.07332018621219284,0.13357763370562997,0.014980775851376965,0.01935268305422737,5
0.00015523458516190322,1.1678939539300884e-05,3.6052339623284234e-05,0.15177388838474798,0.00012074305593934458,6.409314554313535e-05,2.6053052686199797e-05,1.6090664671556787e-05,0.0054789726404156055,0.8423171931916718,9
0.00260776470582477,0.9466959965703972,0.008660010508457648,0.002317988266461087,0.0004741648141570447,0.008801793724959775,0.005239551765330048,0.004536827612939932,0.01883410655437794,0.0018317954770944932,1
2.278361813156794e-14,1.319261430275594e-14,2.0475669897089812e-14,5.1473785511080464e-14,3.36131022775241e-14,1.026715461549325e-13,1.499738191753489e-14,1.1087539399565363e-14,0.9999999761912872,2.3808442565356478e-08,8
0.32299953076671534,0.015582926216103823,0.21853230543074906,0.00833475673674132,0.2069846118264265,0.04137237981306401,0.11908898004986163,0.0335954080565604,0.02214508190203086,0.011364019201747259,0
0.02561773791302595,0.3636496043065851,0.015970133965259235,0.004898992682234338,0.00787235868474598,0.017501298195627426,0.20471547830695272,0.34177616824268,0.007394152478347214,0.010604075224542141,7
0.01444481440213328,0.00032823990966448715,0.000601260149108211,0.025129444402962057,0.0014628919599404305,0.00420988932644303,0.003486641612966792,0.0014583596132329945,0.9381937698713512,0.010684688752197222,8
0.0002527552463491967,0.0020904389630481985,0.0006542814545224722,0.00030595656741584046,0.00038376708889938246,0.9809535350235162,0.0007459512536104331,0.013057088378513382,0.000889418364163335,0.0006668076599616009,5
3.6690016865238987e-09,1.9980884456495755e-09,2.668665877185993e-09,5.199013220788509e-09,5.223917612492456e-09,0.9998742830288568,1.4470531858774939e-08,1.653775426897364e-08,0.00012563321045239045,3.399371781844405e-08,5
0.1975332569271178,0.05311596764158831,0.09864408629832477,0.010368179715761938,0.15270057581026367,0.20263587449978945,0.14266113202348238,0.0909518978972935,0.029795868903915772,0.021593160282462033,4
0.011199409762402997,0.02346863313622021,0.020375890002881196,0.0025421894312114925,0.007574456824668379,0.016307966308558238,0.45807081852212206,0.44798048808917496,0.005940118142570131,0.006540029780190276,7
2.1105205869394095e-05,4.458256775372486e-06,9.913982085252612e-06,1.511838117410288e-05,1.5124059312901095e-05,0.9940385579672474,0.0002237396657989259,8.962625242454932e-05,0.005569167647140567,1.3188582171523757e-05,5
0.10391118621996029,0.3487883649843083,0.03545244294508419,0.06974717968206949,0.04114282321429921,0.133043725015174,0.04109112618072157,0.11644600977610743,0.035845800067944175,0.07453134191433132,7
0.0021455100797247977,8.538997355733632e-05,0.003976250322131007,0.0005349610186575663,0.9823602853764017,0.002991146817525921,0.002347891833470554,0.0018691037286287294,0.0033654399779610746,0.0003240208719410264,4
3.617408036291939e-07,1.4997884659569672e-07,5.53500807722277e-07,3.26792622982327e-07,0.9989090626805159,1.1626642353427033e-06,8.15911677038561e-06,2.0993759955950652e-06,0.0010772596321522068,8.645172498370635e-07,4
0.00044626376955032924,5.6358213090710004e-06,2.791755986622816e-05,7.40970005474368e-05,0.00023622640551042997,0.004872498470290103,0.00024260209568548495,0.00024014110061789385,0.9937300457510065,0.00012457202561661756,8
1.2440951224321608e-08,0.9997422803854733,7.031750712962162e-07,3.2231508637756684e-06,5.308494138623995e-06,0.00021276844665941207,2.758927688610717e-06,4.733443188471516e-06,2.6351649029500573e-05,1.8598869358385538e-06,1
0.06507957277391778,0.07252841578591195,0.035109623425444186,0.007417042395232835,0.014313118356343652,0.025397618824247528,0.037848064857528924,0.7205986248419312,0.006811373137236303,0.014896545602205971,7
0.007197759519044501,0.004476445906661205,0.005599135595693186,0.0020320572296340118,0.0037382903002908426,0.010300342813985558,0.9482054000348475,0.005677113780964393,0.008385511649192878,0.0043879431696857395,6
0.0064375702764936996,0.0030082139269052583,0.022730864411058403,0.0015090809376503355,0.005960486562342171,0.0190254063685306,0.897544265683826,0.03754413945135212,0.004059482503836224,0.0021804898780060007,6
0.024347081173378696,0.6849480076963573,0.013265864284036316,0.004901612163489667,0.009253205719148248,0.015632477095255084,0.08416886710774625,0.14399492608436767,0.005349005026352201,0.014138953649868525,1
0.036626805079412184,0.00897519283366793,0.03810751617213709,0.0031253556685805145,0.7008177045712433,0.00982358707551841,0.15285666652724977,0.022583123553113645,0.023464831353358553,0.0036192171657183163,4
2.462423145435985e-06,3.68575654390233e-07,5.871959777952844e-07,0.00030539253577548537,0.00015140848903258045,9.336496617332284e-06,6.95858890660476e-07,2.029646469651525e-06,0.0006439362652304959,0.9988837825132061,9
1.8522865937847538e-08,0.9996983867137726,7.195559237316562e-08,4.1772320973098195e-06,1.3187458531964926e-07,4.7392107983885775e-07,2.75568938598415e-08,1.0528024505871723e-07,0.0002964143528426247,1.9259002531095426e-07,1
0.0030762326152907167,0.003834444464097325,0.006915736627403249,0.001219332953174879,0.00471189048232284,0.0072622957108380085,0.010847125281719694,0.9555860449742462,0.004441773653221757,0.002105123237685453,7
0.2136915661860048,0.0181942775267557,0.0155527952666631,0.027411846170389553,0.008338530737399319,0.4838335964049327,0.08825937753919003,0.06077774058211409,0.032905269173524966,0.05103500041302575,5
0.006519989647474181,0.0003760000889137105,0.033633562949744546,0.0008264574920046043,0.8626606765630417,0.017154193587250028,0.062427991818469926,0.011595757566440575,0.0038626492778096946,0.0009427210088511851,4
2.4424756474102555e-14,1.3132155862082982e-14,1.747931024026022e-14,9.766531761579995e-14,5.0093642882952585e-14,3.825393932668358e-14,1.438680604501854e-14,1.4405944511586123e-14,0.9999999631869222,3.681280789678281e-08,8
0.00011352710363139543,4.549209942756768e-06,0.0003720911685129871,6.983320871340236e-05,0.992211479142922,0.0007978856166976731,0.00016954697471988677,0.004975016662749703,0.0012445694274329142,4.1501484677225066e-05,4
0.005753222176889668,0.9378395210274252,0.0038486335254385787,0.003103150954814688,0.011498657001982148,0.008814812431613448,0.008191866782140173,0.009761472234268867,0.004433713125196605,0.0067549507402306875,1
0.0014742563010273957,0.005040103595354041,0.0040118895927787,0.0005091345170162817,0.0035263389168521016,0.017989416439132412,0.004719253827149292,0.9590155014249866,0.0024014776066997937,0.001312627779003501,7
0.0017094803433475544,0.9127296074247151,0.0016311350482152626,0.0006161450902521132,0.011030635883481996,0.03543675709167525,0.005292267993522912,0.006664678668908017,0.023212109503599986,0.001677182952282114,1
0.0031999761645741492,0.9351194603457618,0.010126437411107332,0.0025197913328833484,0.0011895443047109636,0.027055997736874303,0.005046959767820983,0.008546625855900191,0.002468806889426772,0.004726400190940071,1
0.9315188964914913,0.0002865916075079711,0.00045958500686917026,0.019470023766018297,0.00044367857597839646,0.030629423432625594,0.0003586599807485879,0.0005272358010746117,0.01005755538363135,0.006248349954053994,0
2.5143710819931347e-05,6.717967552031982e-06,9.654907524701312e-06,0.9931521286033486,9.83445101838619e-06,1.6825475273334278e-05,7.609345919922982e-06,6.762556169384411e-06,2.3722849028028256e-05,0.006741600133345636,3
0.10724927274835777,0.030675734772944753,0.6580953188130824,0.007528676149290277,0.007899336425312181,0.07505053061665486,0.027069340143075212,0.050221955471417494,0.026682068692876742,0.009527766166988215,2
0.00010306281615303546,4.20597337220524e-06,0.00011036894897688253,0.0009946123972081199,0.5509857660312523,0.0003555341710533068,0.0016819075045970226,4.268770898125536e-05,0.4454609527163121,0.000260901732094002,4
4.926248218892524e-06,1.6930734442361784e-06,5.176707958125589e-06,5.537172905816067e-06,0.0038913568551296467,2.0463384487364637e-06,7.506860742766849e-05,5.782269148498672e-06,0.9960063480310645,2.0646962541581225e-06,8
0.08347913911891047,0.16333929458759627,0.283792033799033,0.012463355615307233,0.010028109221961554,0.020964135008613473,0.10749367105487849,0.28246724459849143,0.011083544505171176,0.024889472490037003,2
0.9442157485485915,9.666002913244556e-06,2.0772025727013144e-05,0.044329325408483077,1.750488464913191e-05,0.0002452987596542724,1.0909507590246766e-05,1.3603699876460712e-05,0.00025901190651210287,0.0108781592560035,0
1.8719008385803635e-12,9.27387784515986e-13,0.9999982121595663,2.6445786145667553e-07,5.531178782717345e-08,3.1196213568921175e-08,2.2508245761867971e-07,4.1594772918269003e-08,1.1539186616244792e-06,1.6275879358559844e-08,2
0.4372448166295396,0.00047936119422145937,0.00169056622801824,0.4425258056572049,0.0049768266350426514,0.003171559386980904,0.001813636126347167,0.0024234186048520544,0.04550247448209188,0.06017153505570073,3
4.947987020206192e-05,1.2792301805367863e-07,4.9917286677132796e-06,0.0004055969196235868,0.00010308496429218181,6.381467736329852e-05,7.938956206135271e-05,2.7191488870146395e-05,0.9987147692889856,0.000551553576915563,8
6.593476046663474e-11,1.1520394875847355e-11,0.9999941237803013,1.1176035768537597e-07,6.622346375166789e-08,2.8956240572307196e-08,3.611232332309963e-07,8.15894324243236e-08,5.2118479876017325e-06,1.4641528125087327e-08,2
0.00505072491423502,9.623237457146115e-06,0.0002960186185537314,0.006298702034825401,0.013622493221554333,0.8527373036946768,0.00023137114640877813,0.00047591412787157143,0.12081424763290652,0.00046360137151054066,5
9.436850818366979e-05,0.9876378285115762,0.0003229977038406142,0.0005026518571680767,0.0003393537349206704,0.006834393076147555,0.0013256607832522265,0.001594576837068357,0.0012661048230406795,8.206416480223966e-05,1
0.0008680502192054093,1.679499839099362e-05,9.438208780227612e-05,0.9303452616377309,0.00012671662401433445,0.0002184715649288323,2.471710610464116e-05,1.1007640415484288e-05,0.002084354990750489,0.06621024313065677,3
0.3797588477063377,0.1111823097610089,0.0378226259515659,0.023255515887536465,0.00983455438538678,0.06944514634103922,0.06674587128917696,0.1889591540456101,0.05617436922573437,0.05682160540660369,8
0.019803051026003538,0.00013710716631906204,0.0002841946168272348,0.1643903685096244,0.004486798736127538,0.008953848648363015,0.0007195602807141025,0.0006654115911292503,0.008017110665693303,0.7925425487591988,9
0.05674494093833066,0.003801016924462165,0.13897360670785397,0.06918032570696103,0.024390979915875875,0.048410464656168745,0.6119079146810766,0.023287319207528093,0.014828095909302652,0.008475335352440166,6
5.7078264552616e-05,1.6344180983621152e-06,7.98840867846466e-06,0.8037871931404298,8.08452070099846e-06,4.873147097409567e-06,7.559833694748995e-07,6.602457244500053e-07,2.2542614293965903e-05,0.19610918925705448,3
0.033450760468996345,0.025224473481338154,0.03480455568826105,0.0012789113790596413,0.7093609318779182,0.01749542072352739,0.0539309574941537,0.11064333382873294,0.011166074323200678,0.0026445807348123396,4
0.035901913739878395,0.09313045471814164,0.024504942226533922,0.008506384522318618,0.01060128576415837,0.029964251127014934,0.6144716982959496,0.15659640938433464,0.010435966000207124,0.015886694221462935,6
6.380898924635279e-12,8.534840712673089e-13,0.9999983187112264,2.7139705915354704e-07,7.314397024455976e-07,7.446568892662264e-08,1.2564015621093973e-07,1.6546860620078716e-07,2.7551799464933244e-07,3.7352332001938894e-08,2
0.9433032445007173,4.762432712262075e-05,0.00011480211954747967,0.012575430740848572,0.0006350357016479209,0.009146184336117939,0.00047966694918860376,0.0004904549916854059,0.024141128835134345,0.009066427497989934,0
1.998743586071901e-06,7.518441356763323e-07,0.9980817908080715,1.2069284500215359e-05,1.1664422920543535e-05,2.0466131397142685e-06,4.506938806151179e-06,1.860070039315051e-06,0.001882624012093179,6.872627077170605e-07,2
0.0004317487619277147,1.5392648207492626e-06,1.8639784580498266e-05,0.8055340588103055,0.0004141275646007284,0.00021235738319111942,2.2539275400083457e-05,3.2766540848625425e-05,0.0032947843761793535,0.19003743823814545,9
0.8468144313334192,0.0003192720213252147,0.0016463596759716266,0.03497804562029336,0.002077930665457618,0.007397822316910895,0.0010437058177748604,0.0005258372172782792,0.10218579152031906,0.0030108038112506303,0
0.00044812659057094466,9.203404991647343e-05,0.0009930728313157795,0.0004856828073729068,0.06726293228860734,0.002988109743244823,0.004680567443859438,0.00275301067563843,0.9198046164854202,0.0004918470840539966,8
4.921019410104215e-05,0.9843361282956202,0.00024719104068532274,0.0005149740238614557,0.00027921107545710657,0.011669368345164547,7.980083977508775e-05,0.0015696272667377032,0.0005933866745849399,0.0006611022440125627,1
0.005870415241000747,0.005863308910806308,0.013060987496591339,0.0014047762431040518,0.0030854820447904032,0.010880651451706342,0.9483537134258125,0.004505333938182145,0.004970378817059275,0.002004952430946422,6
7.475069851197401e-07,6.13243050052917e-07,9.746540491767313e-07,5.209472099709176e-07,0.9983932602325051,1.022695557216164e-05,0.0005353325409164758,0.00026902147171034937,0.0007868790308842676,2.423417117250927e-06,4
0.015566713962150936,0.005737074427196714,0.8743837852781182,0.0031153779626784633,0.026085148328720366,0.012532871152243262,0.030868920350896233,0.022061621994770787,0.007056397792042084,0.002592088751182877,2
0.24804109856663015,0.058127563844610174,0.0633599396757317,0.010294033325570323,0.18369947815266305,0.06319564309422411,0.19310255690450798,0.13776954560994464,0.03059460956611192,0.011815531260005941,4
0.0007075292409430537,0.9659892200019332,0.0017312935661654356,0.0012952106958184937,0.003046003691876759,0.01606055055384382,0.002506256523342178,0.0032035991300063188,0.003789533956380475,0.001670802639690964,1
0.002837136013788128,0.00534648039762148,0.007461314092911243,0.003377660029799493,0.003749905007113161,0.04177763108363621,0.011041166092554696,0.9178543088613318,0.004949966762652085,0.0016044316585919936,7
0.0001566942899920132,4.011699136355276e-06,1.0017471014250583e-05,0.9189672907557631,5.268379456753028e-05,4.800243799411703e-05,4.617208188129981e-05,2.2310106016807527e-05,0.0005690004847559866,0.08012381687887864,3
4.565722461096375e-06,9.80741450160226e-07,1.697258601857745e-06,0.002954157803019091,4.7207770299697303e-07,7.24104173014751e-08,7.641498416256343e-08,2.2738619044300757e-08,8.78260176829419e-06,0.9970291722309759,9
0.0006786107334006504,9.791133652155122e-08,1.8650459581069682e-07,4.159653958057311e-05,1.0862041886299146e-05,8.231772303245154e-05,1.8820276959136214e-05,1.0394240025187725e-06,0.9991620462965918,4.422548614311096e-06,8
0.017872148800449777,0.8113050076409238,0.030378338681054502,0.004596804403246131,0.009391131438899834,0.024368643163785817,0.04969405705717619,0.025404590397651392,0.0185847034138972,0.008404575002914798,1
7.584256882904037e-07,2.902228366923256e-07,3.7128050287705994e-07,0.9985720131217587,5.193280259865627e-07,6.962446426827651e-07,3.3472888723215656e-07,2.4194683098798707e-07,7.161335978883778e-05,0.0013531613410378124,3
0.0016394492099005586,0.9678279004195142,0.0011768440977896308,0.0012705417225810725,0.0036841066217641587,0.009280543653338972,0.003414087196853401,0.003535706481970006,0.003662533226195271,0.004508287370092115,1
0.004002169986166149,0.889629300471973,0.0029825451815252554,0.0024916908311638946,0.0038124940851349365,0.023052841621837794,0.010726736613374742,0.01623753093279142,0.04567633127884141,0.0013883589971913806,1
0.38189775455384817,6.923026359989961e-05,0.00014912381012874705,0.0335196708345329,0.00039034421825704643,0.006443881975377726,0.0001172264401806123,0.0001125508557303219,0.5704888949853448,0.006811322062999718,0
7.158534118405777e-09,3.138983726179745e-08,8.437529651533984e-09,9.65319341156065e-09,9.360865455995726e-09,0.9999424960896833,2.3160396207706232e-07,1.6023656990487767e-06,5.467906873645316e-05,9.248719593112251e-07,5
2.2917313442992957e-05,4.431773006878395e-08,5.332864578662243e-07,0.02452649910463777,2.5726977504473314e-07,6.329880591444465e-07,5.507971760766707e-08,6.988702452445766e-08,0.00023258972531202187,0.975216401027843,9
0.000995035231985873,1.7625529350654652e-06,1.1990634538373436e-05,0.0004059301005303256,0.00012492698693953135,0.0016082147292090618,0.0004456205734872829,9.364640122797769e-05,0.9961708074606401,0.0001420653285064957,8
0.0025902055454819994,1.966800323651429e-05,0.9847536716571301,0.0005125043953931557,0.00014490606480593396,0.00025526389716539984,0.011276469995136207,0.00016850156300627796,0.00016987980413906648,0.00010892907450501755,2
2.285969709795486e-11,8.733556742127397e-12,1.2684913854331744e-11,2.1721098741095345e-11,2.0722264587200578e-11,6.059317336563292e-11,8.182872892084652e-12,9.227863918712143e-12,0.9999999598561126,3.997916196485257e-08,8
0.00746436729681933,2.6588988560365755e-05,0.0001686586090750572,0.9510693752933159,0.00018744911674832177,0.0037361691740286553,0.0004997118781262585,0.00012509213089865006,0.027219044870757363,0.009503542641670467,3
1.931322831025427e-05,1.0930955307370289e-07,2.607910954183313e-06,9.977613647541621e-06,0.03083526618224952,0.00011484826428631746,2.301431814043816e-06,1.7298671426960495e-06,0.9690137353978233,1.1079421915096595e-07,8
0.0008578551882418193,3.868247454088041e-05,0.9858904317928179,0.0001406773438941964,0.007117596380798248,0.0020946376209471543,0.0013999580123575692,0.0005699768388077984,0.0017767862913993025,0.00011339805619536225,2
1.1372924394743925e-06,7.309701890446787e-07,0.9982230539612689,9.031443916556569e-07,9.224214804706124e-05,1.4113444415653281e-06,1.2027423249840182e-06,1.3651235731417568e-06,0.0016778336885315828,1.195847926202586e-07,2
0.3415762793201217,0.03375506157040879,0.012056669674461675,0.007885948612359086,0.04647490875625727,0.07670453927931098,0.35202004538985054,0.08321181885880974,0.024990145834150435,0.021324582704270064,0
0.0023949768676303517,3.7743064457269842e-06,3.0339990886242394e-05,0.941050743373336,2.9017607381637485e-05,0.0002087140205221086,4.589651077624533e-06,3.4621168106963873e-06,0.000661647902190333,0.05561273416371958,0
3.2197842827726934e-07,9.01973972597059e-08,1.2290878650681774e-07,3.3427270181863865e-07,2.6773092511830186e-07,0.9991913909292849,1.0520995363752194e-06,7.993720371543348e-07,0.0008044697136987355,1.1507972038955787e-06,5
0.0018431190759894895,9.153322954677385e-05,0.9823446606974685,0.00023478604525037692,0.008461595716193022,0.0005038698649454045,0.0010937681004981256,0.001236675212886688,0.004107400268244915,8.259178897715327e-05,2
0.0024028948732683045,0.0004486570513340739,0.9788554909232664,0.00022499031232640985,0.0014477862121297592,0.001135943640628409,0.004346638121180865,0.010242617191506901,0.0006754310818903262,0.00021955059246908244,2
0.00025394704743692036,3.2872594203640115e-05,0.00011998664369857232,0.00021534703184575407,0.026575508414250902,0.907604669700552,0.0003281061291801724,0.00038274981321498227,0.06436169943985875,0.00012511318575805991,5
0.0002541079444019453,4.247377691710513e-05,8.707428530056422e-05,0.009095083837482096,0.0007943607981229842,0.0002677161347959703,6.519608335454378e-05,6.645947658732575e-05,0.0538772998666602,0.9354502277963773,9
2.652826663697284e-14,1.1233139848976126e-14,2.849352091135438e-14,3.1071199672497137e-14,0.9999998014098106,5.000171881574157e-08,1.2887736539345357e-08,1.9312849606489924e-08,1.0001675278140043e-07,1.637103429202412e-08,4
0.03342933238764415,0.46350065136315216,0.024462982741935188,0.018053334626588254,0.0051690994023394,0.061730067831121255,0.013728214664249049,0.36576470151538465,0.00873390952641265,0.005427705941173107,7
1.1589436678809731e-09,6.096271527791447e-10,8.73691011740593e-10,2.3751089519139133e-09,0.9999651411301507,4.092326980091109e-08,1.3120277580614713e-08,1.497951814295239e-08,3.4758176666470354e-05,2.6652746499020324e-08,4
0.02646031062070841,0.745012258036115,0.009081323198065303,0.012440995542596383,0.011190110278543457,0.061034581738229406,0.0076903939935168576,0.028054366304920086,0.02362277818304576,0.07541288210425909,1
2.223579109258183e-05,1.0880877875429979e-07,4.261145881235971e-06,0.9781047952360071,5.3585545117436175e-06,1.0477413252099695e-06,1.8893555771114183e-06,2.509494263131457e-07,3.1433193999961077e-05,0.02182861922340034,3
0.011768035175345476,0.0005517073298146183,0.9221255402088826,0.0015435975677329302,0.009902600720337044,0.0023123555831585374,0.029740356062620533,0.017694318772949354,0.0024843645943826644,0.0018771239847761888,2
0.2268639270871287,0.031842659510811624,0.13006589217296619,0.010030230032200424,0.01634738034371417,0.02577329063981947,0.3972714928481971,0.1282607506110447,0.013883709706856396,0.01966066704726108,2
0.00011363160417751639,2.8324484634337943e-06,8.934887034700146e-06,1.675409053010446e-05,0.0016129601026910521,0.7167161722569946,1.1941592314081748e-06,3.098013839421293e-06,0.2815237923915064,6.300455315390138e-07,5
2.374782644102826e-05,1.9913025452559404e-06,1.3065055626678293e-05,0.945769282298878,1.4484620283785714e-05,3.3969020305452063e-06,1.2045180515545923e-06,7.842813224806739e-07,1.1530651880098908e-06,0.05417089012963262,3
0.0007174134506357035,5.539508239165896e-06,2.8869670453684274e-05,0.03355306761897343,6.175925005464099e-05,7.537717063959095e-05,4.656637232096014e-05,1.675312657239449e-05,0.003021988474207949,0.9624726653579024,9
4.247886946497825e-11,1.3989434020065432e-11,0.9999891433344064,2.6941781156913566e-07,5.576934792128277e-08,5.972283868665714e-08,1.317798626280142e-08,1.8373148846585822e-08,1.0421747890588829e-05,1.8400101468448546e-08,2
0.0020690932402630713,7.959272447427286e-06,3.109065210375893e-05,0.3034748317032854,4.959303744639565e-05,0.00016688372058438686,1.8864203861327058e-05,2.584359086863017e-05,0.00035670755047357146,0.6937991330286666,3
4.8117957803318436e-05,7.119937168303965e-06,2.1485047084666297e-05,0.00019775478023223208,0.005398509605456028,0.9627309145702123,1.1881596490166752e-05,1.535821496820251e-05,0.031530062150555135,3.879614002961099e-05,5
0.0008036008004297299,0.864006148212131,0.0014456314500489202,0.0025244843562345944,0.000456227845493861,0.00460487531452112,0.0006632290959093584,0.0019850063309573567,0.11449274382749508,0.009018052766779033,1
2.921420092854127e-06,1.3267276827678343e-06,3.370744430387401e-06,2.325098311099172e-06,0.9968901483865402,4.875231830975089e-06,1.963674891990186e-06,1.6744455240582458e-06,0.0030909825750866063,4.1169560928216803e-07,4
0.0018127529005128678,0.0002606415288446598,0.003044271974934391,0.0009142036665904922,0.06289911065009125,0.30016521509160393,0.0016508860897344831,0.0024300072659942645,0.626127177780209,0.0006957330514851236,5
0.09202232055707216,0.19163199623903268,0.01290847255895483,0.012458080696991636,0.016084874388659128,0.08433041687858012,0.45703527524843285,0.06651318954422288,0.03314208986761216,0.033873284020442186,5
0.029427700605063986,0.0010679596779699235,0.5820350483175467,0.0050260333433474105,0.05692891995134297,0.010623975904788592,0.06784162042452316,0.1651417592024854,0.07775161875874737,0.0041553638141844955,7
0.06003565904107944,0.10785501556480179,0.027475607923462212,0.009127519400576028,0.014378817338231873,0.0325087847239606,0.15192731999804468,0.5668646546782676,0.011893592685801825,0.017933028645774163,7
0.00044568874595342297,5.198314862303894e-05,0.00047505323905268945,6.343422351828689e-05,0.9945704130319802,0.0006440703221792545,0.0023577252763686126,0.00044265405650222196,0.0009159698690543904,3.3008086767362256e-05,4
0.00015540639392614772,2.2061787369899126e-05,2.8574609924308292e-05,0.010853089196871295,7.251337529044544e-05,0.0050882005862699885,0.00019722354725267293,6.412410450053748e-05,0.9831151344652876,0.0004036719333067294,8
1.214279798842505e-12,7.91579977060955e-13,1.8082525744619963e-12,1.9307994868543475e-12,0.9999975248660585,5.002990390776157e-08,1.4559186737776093e-08,1.173328434609106e-08,2.3782515969798404e-06,2.055422443001473e-08,4
6.0859699501875085e-05,1.7914424725369913e-07,1.8375930876206476e-05,3.799986959169546e-05,0.00013345217354488652,0.9401878884175994,0.00012708963314636833,4.599514126718817e-05,0.059372961385697816,1.5198604527516876e-05,5
0.7127580968681871,0.0003961280215555953,0.006170944880316359,0.039996243748097404,0.0011294128752438947,0.17436503033168094,0.0032418901435269745,0.003426247077878587,0.014782465560620205,0.04373354049289345,0
0.9751224778899897,9.134233996961697e-06,2.863325263530056e-05,0.011742990561354624,7.172248195054675e-05,0.00022868211087854464,2.9098949077208447e-05,6.647984516989647e-05,0.007730990255567731,0.004969790419379393,0
0.064067640777197,0.01903010920858297,0.022942793944918882,0.005189538358730873,0.007117721096702577,0.026410005048780723,0.8002229018079728,0.03219120821090355,0.008737661190514561,0.01409042035569602,6
0.0038816093763482788,0.000650294452781027,0.0008661554450727111,0.574406305238329,0.0011902181598854162,0.0056261462647624666,0.00102457374727325,0.0006002071968698356,0.22367458647847013,0.188079903640208,3
0.001814402823680486,1.2998018538721329e-05,3.943187909544534e-05,0.1282513252039801,8.107758109511695e-05,5.258867616018099e-05,2.0634703409314485e-05,1.5011482379427178e-05,0.0006294567963927389,0.8690830728352683,9
0.4775178604534287,0.010314738748650966,0.06347283788394943,0.004384652933963343,0.08805172808916908,0.07751249585286508,0.19095671383846427,0.04247454268089457,0.03737009531463373,0.007944334203981003,0
0.04416499297875601,0.20421516142341847,0.032375691585558926,0.030661901603715267,0.03746192499163802,0.14718970669238,0.16305779166869433,0.25004456503740086,0.05717025104557956,0.03365801297285847,7
2.3438614677476663e-08,9.078055185066855e-09,1.3442705690301736e-08,2.2804960411200282e-08,5.141155734719418e-08,5.1156956492939207e-08,1.0533661258292136e-08,7.059107994607719e-09,0.9999988084317906,1.0026425902040393e-06,8
0.605930458945414,0.031117686920662493,0.00825807604862412,0.06141523993404489,0.004531118274918433,0.07053542087173753,0.07097119774646765,0.04054234914682603,0.013093940036759967,0.09360451207454541,9
0.9214456947819686,0.0001259892603952225,0.002696224187282185,0.03527539568979998,0.005031098673723422,0.010899629815683624,0.0008649031978210798,0.0009550806920881171,0.009406306172323747,0.013299677528914136,0
0.002214741071469627,0.9690658731524998,0.0020090881132066116,0.0015575247456066335,0.002262371092579214,0.009660136412856776,0.0018049333708372098,0.0030809186617876717,0.005443090962749497,0.0029013224164068404,1
1.2502092082186804e-07,4.151244081442167e-08,6.188996449845051e-08,1.963887200281536e-07,2.1058309213846245e-07,2.87208601312089e-07,5.2516264965385086e-08,3.9764275811090933e-08,0.9999502362281374,4.874888758210824e-05,8
0.24308231294329702,0.0018591512083203532,0.002610779544827946,0.17534935494115583,0.00505687288902964,0.005348690263135614,0.003704417160052433,0.004797294265237574,0.07943469107711912,0.4787564357078244,9
0.02625209664411131,0.007965126917655293,0.9061253332545849,0.003722996521039448,0.0020594903255855093,0.007269808199779556,0.030370017637716438,0.00799699397368257,0.004728450434401256,0.0035096860914435937,2
0.8073127619888606,0.0028401621198467903,0.0028265346920746635,0.06036882842574188,0.0009976404076495957,0.032864807642815734,0.0030244425319791127,0.007870814551160538,0.002867521857009349,0.07902648578286182,0
0.9383034776562821,2.9827286987440086e-05,6.893057595331548e-05,0.020566192732256232,0.004957023993631476,0.0005663073661338749,0.00020151093243445578,4.134945357494533e-05,0.026256549400533277,0.00900883060221346,0
0.027799045958425337,0.000258185105337947,0.0026473698259147885,0.019530164351291998,0.003639602415525494,0.017826370967262785,0.005158192045550304,0.0022162182660926504,0.9098907760923943,0.011034074972204955,8
0.025972737236942347,0.004895567966551982,0.05684171341633026,0.0050700835537225855,0.7944825140505944,0.021859081170474026,0.019749743593236987,0.05370473272843528,0.009150007099699143,0.00827381918401295,4
6.364894603251403e-09,2.5444697437322423e-09,6.224584082480136e-09,6.484868705120093e-09,0.9999130109934812,8.610536665267633e-07,1.9237001576297966e-05,7.026058269269759e-06,5.8254578521595946e-05,1.5886956682543662e-06,4
0.2313381825305245,0.0038087389597164277,0.007091014279215663,0.04052398866846703,0.012244497714904061,0.5501625065018464,0.014968213236561369,0.08341115071947268,0.025077773318204512,0.03137393407108689,5
0.8709657196021013,0.00014572499499329578,0.002034473054552698,0.020185472276897116,0.002869224037774606,0.025238316057017547,0.001189116640646301,0.0014373134218411102,0.011284856512746117,0.06464978340142938,0
5.579566466944055e-05,1.2886641639833362e-05,2.1899379534721496e-05,0.9895423853767626,1.9937312582765284e-05,2.6216690033445606e-05,1.439754227239869e-05,1.7747460277154523e-05,3.818356612308785e-05,0.010250550366104283,3
0.899941974287475,0.00031862313276204244,0.0003573575088259134,0.057151440429257246,0.0003943008183894207,0.006001408637010167,0.000858413537693838,0.000891135368084864,0.002380322552166871,0.031705023728334385,0
0.029145821172952006,0.00012290280414362559,0.0016833118369085293,0.00630585152621862,0.005475251382763101,0.9427170070945676,0.004253851729664225,0.004071175020924031,0.0035820712514567582,0.002642756180401684,5
0.0051113575086385215,0.0027840639604951776,0.004212333820598141,0.0015945259910743368,0.001503298996551423,0.023661171830146325,0.216536749583374,0.7327671604435803,0.009213413829159838,0.0026159240363820384,7
5.631528355235941e-13,2.0228875410796201e-13,0.9999989786229027,1.7819572621771284e-08,4.3022277978784823e-07,1.7169057690638817e-07,1.0124470154706635e-07,2.099369894740805e-08,2.5793919765749e-07,2.1465804300314025e-08,2
0.0001494995239923669,3.469191003299542e-05,5.737980350636652e-05,0.9825287141712252,4.242355052141482e-05,7.888718318724675e-05,4.1430019963390365e-05,4.6823445251733414e-05,0.00010286818553559078,0.016917282206783575,3
3.967400524789775e-05,7.674333946854754e-06,0.9955618116444525,0.0017307400934847138,6.079603031737885e-05,5.415727636312366e-05,0.0002731915671845392,6.20555954102456e-05,0.0004993889367718654,0.001710510516821012,2
0.0004979331371464401,9.169361364936341e-06,1.3586552619250343e-05,0.48048079688103945,0.0003242540118170681,0.0005251189578252711,1.3860145258545197e-05,2.084427871640611e-05,0.004780184364798661,0.513334252309415,3
0.0018951847198262052,0.9384708172254245,0.0008828273701175271,0.00035762174724419997,0.016429562671688706,0.022273490954333335,0.005152779009741645,0.007233092880525534,0.006899613687628958,0.0004050097334691827,1
0.01035223054610651,0.00047565862129184306,0.0010302707915533465,0.003438791131703699,0.06694223271292561,0.8656115891922798,0.0034879533989117194,0.007762254193827206,0.03976193437402996,0.0011370850373705282,5
0.0677418372792713,0.506878729849605,0.024202227876834504,0.017818709736906697,0.01311155747390384,0.04080843020652274,0.22828432151574124,0.05602166123613908,0.01660567568939686,0.028526849135678913,6
0.0003340125019432813,3.1505005013926537e-07,2.7201854983353424e-06,5.841882465134557e-05,4.794972931521676e-05,0.0006336779300044798,0.00011827141874747077,5.8249162954020256e-05,0.9983254039119216,0.00042098128491390525,8
2.282435804905311e-05,1.4823119671320727e-07,7.014148247167212e-07,0.04319797702395527,6.0237761047333725e-06,5.632799124860335e-06,6.21432745780972e-07,2.823709626316978e-07,0.00012970780787041543,0.9566360807851657,9
0.2763626452641742,0.0017564660319392337,0.001952879973646599,0.24654099298905705,0.002633837595101112,0.006778757765831031,0.0030927468542770033,0.003510098106849849,0.03393390467659337,0.42343767074253086,0
0.034740032475228444,0.0022162839249110933,0.007852391907966483,0.7156212980008867,0.0027971887643941096,0.06336368423599803,0.003965141169297262,0.0029212819755051926,0.12908570848334472,0.037436989062467126,3
3.546074098429557e-07,4.2916301897484386e-08,0.9996035425713131,2.167264838090055e-05,0.00013560277387895166,5.42440111564141e-06,1.7100428581445743e-05,1.6751227777258293e-05,0.0001919817634213853,7.526661819660365e-06,2
1.5942012532812967e-07,4.927047905390673e-07,7.045722211050969e-07,2.184995037609931e-07,3.2697655935065374e-07,0.9996300956360946,0.0002982186323898438,5.415219014627872e-05,1.1678255848816748e-05,3.9531123201314105e-06,5
0.014939646892611142,0.006400826101466643,0.017354016475971776,0.0051523010378102885,0.018526019247479476,0.009956714239833929,0.8870950510789586,0.020126552497861237,0.010912114323123532,0.009536758104883398,6
6.608294003277166e-05,1.4972845329667099e-06,0.0016678160192806913,0.0001691940645760045,0.9725723637707747,0.00019923633445986287,0.00028029917632516304,0.0008846613317471896,0.024127342851930404,3.150622634049791e-05,4
0.0019017519761032056,1.82731056221625e-05,0.0001593907630662892,0.005148297242949174,0.001372198289824573,0.5663552853318815,0.0007419606969343701,0.0006031825783417913,0.4234551705889625,0.0002444894263152824,5
0.0025608497628201088,0.0062934981286492655,0.003192306041964842,0.0014015210934015775,0.011783871925399708,0.012511169286043207,0.014558536944012173,0.9372687226180196,0.005572928134218549,0.004856596065470756,7
0.028057458799214414,0.0002048658430091192,0.0002599894960479047,0.15304954949465732,0.0032473341197826956,0.002190290410017172,0.001221906157530198,0.000475856345534676,0.011015515592251916,0.8002772337419545,9
0.00022434788572751237,6.467025621887572e-05,9.3192547404465e-05,0.9780656214245863,8.945826409278708e-05,0.00010622262407589048,6.607391089258665e-05,8.381017130990673e-05,0.00017079920643900227,0.021035803709252742,3
0.8790409435352431,0.0030328951912660146,0.002967480000524258,0.016529689660101772,0.0034504125585522326,0.021588715121788997,0.008859566515530513,0.00931747012358844,0.026705818212867778,0.028507009080537438,0
0.0004591280466987359,0.0002725356756805175,0.9152195855695745,0.0002562407303815467,0.024238554864242885,0.001158643160479006,0.002955153569397701,0.008927571255781615,0.04630565509388216,0.0002069320338811163,2
0.025347147560724256,0.032922980522138656,0.0347269369674528,0.004310883903322431,0.005038790693437369,0.011395131913858986,0.13878921512068867,0.7312149080100903,0.005123389983544742,0.011130615324741642,7
0.04641811501164227,0.002487333489974982,0.003062004154941091,0.4902531784718225,0.010098987859141302,0.023853804414634774,0.015009018397194875,0.00665670707055178,0.041737682895701414,0.36042316823439513,3
0.00013373362345371896,3.245184358584561e-05,0.000423406286651201,1.8062749922135296e-05,0.9951058321403311,0.0004126426882662688,0.0010510824662992213,0.002359421473228434,0.00045239992902565136,1.0966799236690023e-05,4
1.0052832521242155e-05,3.82141576857459e-07,6.644521363668856e-06,0.06346682803011115,3.696482455450805e-06,5.328218072064518e-08,1.2950484655254362e-06,3.5390625040815323e-07,8.042055677087784e-06,0.9365026516993981,9
0.06279572733127078,0.017903352947018558,0.06377833996516434,0.004758231367289405,0.6628242718079443,0.030031733573904908,0.07159147059718265,0.05654553052531439,0.023316872591903414,0.00645446929300648,4
0.007924470829386417,4.605463416259348e-05,7.744795425961675e-05,0.876317137053486,0.0006849188798908333,0.001219994318442204,0.00022734099115269933,0.0001152413161851189,0.004062330548905631,0.10932506347412893,3
8.970344066823964e-06,3.3811844484706986e-06,6.143069035185342e-06,0.003811628660886944,8.531520734314291e-06,0.8495775971582884,3.583394843213286e-06,3.1067945486898175e-06,0.14636172310922474,0.00021533476392311327,5
1.6438533391940444e-07,2.518052568783116e-08,6.753595180524689e-08,9.789414596376821e-08,5.267303318633373e-08,0.9998201618700069,7.341037894368924e-07,9.39197276117165e-08,0.00017772440223203626,8.780352534151912e-07,5
0.0036990990293593734,7.086988909534532e-05,0.0005883301138355598,0.0012733622701718854,0.15745697555456983,0.7600544044007563,0.006503683155518162,0.0006633199142456857,0.0692318915251197,0.00045806414732786713,5
0.0003089590155975435,6.424284541434046e-06,0.991487410029108,0.000230961600024011,0.0002711478941867471,0.00026972812919166025,0.006917563451965367,0.00012968326931554595,0.00017093964580431996,0.00020718268026543408,2
6.955424040290726e-06,2.884530578101975e-06,3.671859709507539e-06,0.9945098126529515,6.25531152692825e-06,7.141504662406629e-06,3.5010709527850855e-06,3.606870123648192e-06,0.004185186972358125,0.0012709838030964587,3
2.606100792075524e-06,1.0726864920784995e-06,0.9970760239087822,3.191224333176421e-06,0.0015888935002633766,0.00011682087835878361,0.00022549099333647437,4.350755553517613e-05,0.0009402207792928597,2.1723728135256044e-06,2
0.08677566348643441,0.00045156763632616076,0.0007332883849076473,0.6157400320134404,0.0005137524769060195,0.0021962110152084395,0.0008927464746505124,0.0007666921684014555,0.01773344902766217,0.27419659731606316,3
0.06282854056369451,0.03216207877592739,0.016803565957173864,0.014288989970744856,0.012169336979822082,0.024710236825071362,0.058060770967232826,0.7309113670021962,0.00850466005322842,0.03956045290490833,7
0.0004368965903308793,0.9885112870230208,0.0005385963038963309,0.0006034299256703865,0.0009273028224476229,0.002618121914194823,0.0010888787145764591,0.0007676107576093008,0.004007659517843764,0.0005002164304098588,1
0.6029771405554057,0.00029656574762134156,0.0007600143139301833,0.16252548869387876,0.0011424610766171007,0.013604453851475632,0.0008937149672530861,0.0006348648758947438,0.04565082825053356,0.17151446766739029,0
6.667719769878354e-05,0.9884722923382835,0.00025614421392802843,0.00012135640743057092,0.0053845668542209435,0.002599310356404629,0.000827608207841371,0.0005810807533219923,0.001560035703757612,0.0001309279671124594,1
0.02185413767289961,0.06861230355723791,0.024909750267061537,0.0040011366677595705,0.12491233088585087,0.025500368086222375,0.6681008338570406,0.03085210294786867,0.026980525767284918,0.004276510290773514,6
0.853362768875868,0.004512938926762521,0.0034230299969970463,0.04886326371864941,0.001474364678395355,0.013404049013247437,0.008514235892657039,0.005049769985440795,0.010644299184451986,0.05075127972753061,0
0.016944409902122946,0.13503585054527337,0.014652149559352045,0.006211716889434782,0.025566075164312113,0.015744817066590637,0.7133340193896059,0.01304040784828982,0.055381530045407155,0.004089023589611623,6
3.117842679672411e-08,0.999767784993778,1.6034738762452774e-07,5.596517712560168e-06,0.00011340108341435602,7.876808475577701e-05,2.1930693738144696e-06,7.221538992431189e-06,2.4267601990834087e-05,5.755841676191086e-07,1
