0,1,2,3,4,5,6,7,8,9,Y
0.0566966990754195,0.006012933629236735,0.047059067386517064,0.25563562868785406,0.14921425269535404,0.07538088197599757,0.014759605290640453,0.005985680873807831,0.3724558361804524,0.01679941420471992,3
0.8723673167523657,0.0006861100117098594,0.0032676668174935735,0.03261149574984069,0.0007346336923744485,0.0002572845667209716,0.0004536319160615998,0.00026328316441707697,0.00023532048754854618,0.0891232568414682,0
0.05678689360048533,0.015015645699550599,0.14130570472379403,0.18707211139107313,0.14364190934357415,0.14330500680351338,0.03828366722535585,0.016806467704275057,0.2380338840042205,0.019748709504157975,2
0.010295331333389151,0.0009451790631571662,0.007328355979934419,0.0520192562467944,0.020298106898648662,0.0010213467642754897,0.0003672144605565793,0.0007954855078928716,0.0022764074652616255,0.9046533162800902,9
0.08444450215928603,0.009890872681039737,0.09872904588325003,0.050991115711998214,0.27203408805538615,0.01170771413480431,0.0018301918118533737,0.015267952410582526,0.44873117983510524,0.006373337316694838,8
0.020297883962003622,0.0038979588414342213,0.035855977948612956,0.21729767448408457,0.6653694116169848,0.001495509597510638,0.0008188161104138986,0.0007783067277047623,0.0006098083166562009,0.05357865239459387,3
2.593249445043937e-10,4.769895262380312e-10,4.6561242354324416e-10,2.1656825225628928e-10,5.968510671988233e-10,0.9999667012751678,1.1730779198698704e-08,3.310160820998966e-05,3.7664205237929055e-08,1.4570629148210232e-07,5
0.002093227407711229,0.00019312027659929126,0.0003905673982470228,0.0005029309018276271,0.0003049786699866125,1.0448794201949301e-05,0.9950042747283514,0.0004829059135971631,1.1548568818828511e-05,0.0010059973406587048,6
0.06504300533460908,0.008833001194137945,0.07034145991674552,0.07470961938807827,0.20814152917980866,0.045368482792188095,0.009479979254399008,0.013458828872537826,0.490887535490375,0.013736558577120575,8
3.221122088311194e-08,1.371157174171615e-07,5.0203068335516505e-08,2.762652316867354e-08,4.683410011395971e-08,0.9999546997292954,3.127087858320033e-08,4.430837759466152e-05,5.331281527758406e-08,6.13318786237995e-07,5
0.7562142787835456,0.0014836324056614004,0.053665579859071805,0.0333426567203864,0.09711277013663852,0.0038419216623731237,0.000748892187247475,0.009465050260462233,0.0012583798482227052,0.04286683813639039,4
5.447957784997164e-11,0.9999961945089176,3.6314455684104055e-08,1.7727962017067813e-08,3.512735090935754e-08,1.2676226461307078e-08,1.4383130706189247e-08,2.6957510319022054e-08,1.1118043089544102e-08,3.6511319235242235e-06,1
0.00048132146291649056,0.9983373783605729,0.00033372086396748097,0.00020967873538171254,0.00036727567672234344,3.7812639716474986e-05,7.490288778041226e-06,1.5998357034572647e-05,1.3124417501182033e-05,0.00019619919740835928,1
3.3565427911219056e-08,0.9998960384438349,1.6087769755324397e-07,3.3428994897606485e-08,7.448169445876754e-07,5.011059983686722e-08,2.0357380713935482e-07,6.590643179578427e-08,1.9599264145078728e-07,0.00010247328361987259,1
4.631889128701548e-14,3.437228161783116e-14,3.161409481606658e-14,2.6795764770335355e-14,1.693571574200309e-14,1.207191506714854e-14,0.9999998729888242,1.6119252330170675e-08,1.1111508811773537e-08,9.978024657444782e-08,6
0.024841973570121363,0.050090743823830615,0.11112636567433375,0.045363714426859214,0.14496001284771096,0.24107321263560003,0.0026624362552197865,0.020847234351528122,0.33618974238998867,0.0228445640248073,2
0.009669131245791949,0.00026003853953131495,0.0013499920348129038,0.16598870256705425,0.021983990609117057,2.0239660411875364e-05,0.0001261750481226033,0.00018125078994570275,2.0659443468074305e-05,0.8003998200617439,3
0.5784055014043187,0.2468791208110666,0.129463352510135,0.01842253437158974,0.0036462162311794765,0.0011084547832923518,0.0012693561903599567,0.0018774820572175102,0.0009200696664266947,0.018007911974413513,0
0.3968171082716791,0.0017262632467524787,0.26043126502527286,0.18651436050323728,0.0987733082980299,0.009882031249947581,0.003510245508408256,0.016921670008462054,0.003200037822642554,0.022223710065567927,0
1.7958581858612253e-08,0.9999388423636286,6.7210123167310994e-06,9.067308006102566e-06,3.796165006537886e-06,8.983091859782302e-07,1.58207303272206e-07,2.316195687727109e-05,1.3645141217064149e-05,3.691577876415893e-06,1
4.082001798228972e-06,0.0005075650648645723,6.0140124688862944e-05,1.93422430722035e-05,8.355771274613989e-05,9.711505447697186e-06,7.75700235833681e-07,0.9992022555647403,9.02188296035186e-06,0.00010354819944578942,7
0.06781333148247684,0.0006024319017833679,0.7666215705532405,0.08315416054651358,0.04603357012247621,0.0013325811481369873,0.014294544656427053,0.0008189339584743036,0.0010534890586033577,0.01827538657186798,2
0.3120878508017205,0.026655498474887743,0.08603636379230122,0.5436457447846424,0.014337585342354764,0.0008446886705772163,0.0009554897058844157,0.0010807221105204618,0.0029546113033737846,0.011401445013737117,3
0.07811346575368076,0.0030096223032976153,0.03484620252687674,0.09348939938431486,0.7636631693080937,0.0033297431918830754,0.001056326611654317,0.0007933143171343307,0.0015645658261620732,0.020134190776902563,4
0.0005052280090495034,7.079140714809235e-05,0.0009273739487337697,0.020062248736035963,1.242855577940602e-05,3.5548618784138647e-07,9.154331218155005e-06,4.0545486652783e-07,5.369235427569826e-07,0.978411477147438,9
0.043829984553116236,0.019992154733837784,0.6928505037109244,0.06743745447113812,0.07036953124409574,0.015212268450414547,0.0034200951691852966,0.004693487179826188,0.05353928031392311,0.0286552401735391,2
0.1248888203169871,0.008771803767324294,0.4468251723921745,0.12629797117873726,0.1813056376679739,0.03472602391190164,0.016494070737738033,0.0052564314689483044,0.023282919860162784,0.03215114869805289,2
0.050252736806791716,0.01192055102715147,0.3520769339193974,0.2775370192337894,0.1077453612594911,0.04303495109104155,0.02357858980755721,0.006373004037693071,0.06184442950330418,0.06563642331378285,2
0.07673218295205822,0.005549330643690107,0.06253761821560766,0.14389987916356137,0.25088060814926366,0.004258523017590253,0.003809383405787146,0.0046860656620441084,0.010763572531618406,0.4368828362587794,9
0.002805589521741754,0.006953930153800049,0.008271535387864452,0.005867576837782414,0.00907939061922014,0.005173710460104115,0.9335229675351374,0.0021471589790734782,0.02333490358414834,0.0028432369211277056,6
0.2629330865715324,0.00038935860785662644,0.020418362603527848,0.00018578785487420536,0.7053882686495551,4.483806301672593e-05,3.9087246844879945e-05,0.008481683456926865,0.00032378467901774283,0.001795742266848257,4
0.06283425425142579,0.00851590417099792,0.030867937760987004,0.020900206731926767,0.7981379052886762,0.044842305434301385,0.004043649582151063,0.0022801197423854575,0.022827243041426706,0.004750473995720851,4
5.022672337064561e-10,0.9999708724139034,4.864124418596233e-08,2.1097903838656354e-08,2.7302869156649454e-08,1.2616557152676442e-08,1.4597331313457816e-08,1.696544665748168e-08,1.121360124956932e-08,2.897464887564483e-05,1
0.01763536392782382,0.10195943399118754,0.0414326324086977,0.04130380611552646,0.41073747382071696,0.00703989390632583,0.002605175865092597,0.03607681021425718,0.03628587006045699,0.30492353968991487,9
0.12067010558343683,0.011595063392092913,0.07844521318443022,0.09406187038071002,0.19424581427457588,0.03847341262515982,0.00680791160615674,0.0062863157067594684,0.4392877743673493,0.010126518879329126,4
0.001959801893137304,0.9566536739131124,0.00044846826145890036,0.0006662529710723496,0.0002794743905952254,3.560024930246703e-05,5.12428225082609e-05,0.0002955296690201797,6.24560848450593e-05,0.039547499744948034,1
0.0019707633006751167,0.0006318710710686242,0.0018956580424202838,0.002875088774762542,0.0008992636424972449,0.9798966627198339,0.0003598034617956439,0.007342789022635522,0.0032544175146668733,0.000873682449644563,5
0.028121430665153595,0.01897162801159359,0.049198631043871316,0.05155301372561253,0.03326033468360242,0.782346225156746,0.011592476319446423,0.006634989719881288,0.01568730700110542,0.002633963672987215,5
0.02959976857590593,0.0033195448435786833,0.3916889913153533,0.03894803418578748,0.5226536349351424,0.00448247425568727,0.0006275032720146115,0.00025158905316743577,0.0023095003913495417,0.006118959172013468,2
0.6277694864908107,0.012512427908518496,0.0404316425254048,0.1125973567042649,0.07196035090806212,0.012074281297978908,0.0028203653490177613,0.004385670632490937,0.08513058661429908,0.03031783156915256,0
2.3031021293249572e-08,0.999915042999297,3.017982297126759e-06,8.459920090086384e-07,1.5076615288485487e-06,1.4020715411084092e-05,3.1598514879433086e-05,8.69058577566548e-06,2.183965633105897e-05,3.4128614493692096e-06,1
0.016341515517274727,0.004856580895120751,0.008982184472394123,0.015003673030157667,0.0131224565985225,0.009094607340022555,0.8908940064120558,0.005732447682139458,0.025591531060927205,0.01038099699138468,6
0.05135757925710204,0.802536158821481,0.014171380770061717,0.025869057074521702,0.017451241716663277,0.0159760635657465,0.01178009403374858,0.005811002738667911,0.009978879306792292,0.04506854271521471,1
0.5662152085864727,0.009532378474156741,0.12084030952479649,0.052265716587655414,0.23172955317509888,0.004883028422597119,0.0038121551772006433,0.0014320026648242663,0.005564586118182225,0.0037250612690155984,0
0.7143703372848785,4.9341639425401964e-05,0.26423724622933664,0.0051491466209248465,0.0020755196551572527,1.8204733271840566e-05,3.388767267671663e-05,4.181385039974644e-05,1.7855916878416734e-05,0.014006646397050718,0
0.05908054742859426,0.0005769168281311387,0.9256412229033021,0.009762127157865145,0.0018782172702870856,6.364475871477727e-05,3.2792653011705684e-05,0.0003447733529349169,0.0001450239289855949,0.0024747337181733604,2
0.800836338929795,0.006937981564372526,0.03599714683205067,0.10390413944126468,0.029945063099986065,0.0019240606929211005,0.000522098129286818,0.0020385543723151728,0.010702667636391924,0.007191949301616299,0
0.04850165105436123,0.056702018517119916,0.04308990486040586,0.08710860296752451,0.561176560741815,0.027856541428999248,0.005642795671457526,0.008513426013932433,0.13821962056049075,0.02318887818389306,4
0.2453490708256756,0.004489649222500288,0.022342037210743407,0.41479054096025075,0.2637556575484307,0.006163446443629396,0.0013573200501243567,0.009721651636184275,0.003922235058156388,0.028108391044304383,4
0.0005120217911210115,0.00025019280359801126,0.0008850277795605576,0.00030070833172260534,0.00048527921603559883,0.0011278337391874178,0.00032192856465406344,0.9906319586217326,0.00023086920026371777,0.005254179952124293,7
0.003644484105872446,0.948307991268096,0.0023851763877363653,0.004530027676595823,0.016726361195461135,0.003263794527089519,0.002008840719348649,0.005220660245374655,0.0021557947397656033,0.011756869134659717,1
3.3489701193407326e-08,8.49691717076374e-08,5.245680933935208e-08,3.926905335692591e-08,2.7861804535439445e-08,1.1464209482044473e-08,0.9999388165177294,4.9803870676120005e-05,2.5671170512399823e-08,1.1104429674443533e-05,6
0.28051640441701947,0.052143461190188437,0.1621289812322221,0.05937662211912896,0.0634006664980177,0.012444116864715827,0.005463020222965994,0.019122915294226675,0.334654361732896,0.010749450428618962,8
0.07175925302218615,0.1129430210023859,0.05958148120320583,0.14411132202356478,0.12149319705875204,0.14231051268565986,0.03450125963454216,0.054397340079511226,0.23848751041959904,0.02041510287059324,1
0.06109483812735977,0.0138271504859949,0.10617311677767008,0.006633095567087837,0.003206184880272328,0.7930815430743736,0.0016162184266757063,0.0023288159234412056,0.00142862419665039,0.01061041254047438,5
0.3802292738816395,0.010458855942939854,0.009197786137452294,0.5506470670717429,0.01845760488362398,0.0023254186025867232,0.0003102815129345034,0.00024702287266185755,0.0001388287425739931,0.02798786035184406,3
0.03272477582961505,0.010511886093978661,0.046213615116750435,0.1150404789784711,0.10480004196072924,0.10814277794064832,0.03025759471412416,0.008540757127252678,0.5327017305882168,0.011066341650212676,3
0.045788772121465204,0.08431714649329361,0.5577752651933755,0.22505282683264513,0.01947969822226683,0.015801005831076274,0.010056380441503745,0.028399158053399355,0.008911859642914825,0.004417887168060034,0
0.019960658602087577,7.127896032004541e-05,0.9668536896962873,0.008028238841157179,0.0004462890601234074,2.8343947715483818e-05,0.00010357163774738243,6.889795928828794e-05,2.6375537846157305e-05,0.004412655757427154,2
0.03889512159103362,0.3783763516663066,0.03799830989860968,0.09178283712680417,0.13075031832210018,0.09185849630707958,0.012775954886370011,0.006880756258831486,0.08624673436176025,0.12443511958110447,1
0.04499762819771232,0.01053785946432026,0.7827583265579079,0.05086732449205239,0.08298383650990382,0.0025714000114928246,0.00033198406517433686,0.02079785947413037,0.0026043742340725816,0.0015494069932331564,2
0.06274587006087251,0.007621727750884091,0.1999884779269026,0.182475944959105,0.30424876387483313,0.04765958200177449,0.0347815235612859,0.0047162709176160516,0.14418758247419822,0.011574256472528627,3
0.9686304160215616,0.0001801962465600547,0.0005294669935599,0.025815608630197395,0.0007204637075126279,0.0002484116810542821,3.76239197635784e-05,6.352059760033608e-05,0.000591584934269608,0.0031827072679211825,0
0.0008976756740956121,0.0009792836449495532,0.0008623258146814265,0.00023136193161775803,0.0004468477823481645,0.00019322020741125527,5.155967743596745e-05,0.9950093467529896,0.0009885914465272284,0.0003397870679439585,7
0.06466379963233618,0.007430184852692435,0.09832697359799496,0.08718793193531314,0.07935987854585734,0.05682683672583399,0.0112705971267851,0.007951200145326789,0.576986009133418,0.009996588304442455,8
0.0027114791762250074,0.1559821694545893,0.013078646039449316,0.0053410580619441365,0.004667900778195359,0.7830695476632015,0.0033958067854181605,0.019984394011119577,0.007616936020092926,0.004152062009764804,5
0.138133931736629,0.052949797089746994,0.07299530486415001,0.209108450172055,0.2875937867298786,0.03075678954680301,0.029707843266949474,0.006529259431441273,0.030524779810930644,0.1417000573514157,9
0.053392360416878656,0.00712366791254746,0.007484583997570975,0.5454762198947479,0.04575750193515601,0.00027086514323144636,0.0019683507512133036,0.0048828618356163535,0.0033851801902979282,0.3302584079227401,4
0.0506149445062569,0.007930516970675431,0.080944686389114,0.007601439661511353,0.8507050668324557,0.0005824138486369349,9.437512699707456e-05,0.00013883954499238082,9.06825080804615e-05,0.001297034611279911,4
0.007848338401360112,0.002720714270896298,0.022955802145683858,0.006408645066826207,0.009597634619963975,0.942440518430519,0.000977164357004123,0.0015455542424971857,0.0040104773663636375,0.0014951510988860553,5
0.11858889295537701,0.00478036610764612,0.2809302357335498,0.4175314234491777,0.1017459762824765,0.01168775960888842,0.003476185646573684,0.0017518822917246802,0.01808174503607836,0.041425532888508455,3
0.0015060915027130235,0.0007613168849796092,0.003414088127349334,0.0022748449011723007,0.003040090293961341,0.00013598264912729119,0.9805443455001676,0.00015766693288828292,0.001961940386376744,0.006203632821264559,6
4.4069795732911357e-10,0.9999907884109476,2.81218668788061e-06,1.2614973250631115e-07,2.697739536136776e-06,1.823801808428077e-08,1.6307789862611126e-08,1.35912633515565e-07,5.249564357241944e-07,2.8796575207506065e-06,1
0.12151982333578133,0.004623087942260999,0.32533528824084706,0.4970888245857454,0.028596690050859085,0.0007062226387538478,0.007672229576150299,0.0005602167713501913,0.0010123062866849591,0.012885310571566704,3
0.26783464097083537,0.022544756568121823,0.04692965949249844,0.18719032844311786,0.3902221056984782,0.005719833254435893,0.0010037606384428696,0.001673390178617789,0.0012571945366758592,0.07562433021877601,3
8.930047580762704e-07,0.9990154017612548,0.00021968410684789966,2.9548411923861233e-06,6.209380433161465e-05,0.0003325012623842172,1.2372197880227335e-05,5.185773754546181e-05,0.00010888492137945531,0.00019335636242584045,1
0.026253717444014325,0.0001804872335398365,0.0009110742296528381,0.21511467125136138,0.015597844887569094,8.435561575599504e-05,0.0009191366239003402,8.512336394420815e-05,0.00039428466412725943,0.7404593046861346,9
0.07621964072259874,0.0013683832882974392,0.0032622490007119982,0.014693001687523691,0.8911945807871011,0.0005283147817902545,0.0005754414053796139,0.0005992279970732206,0.00276214330292118,0.008797017026602585,4
0.1795880193047593,0.3547515972251236,0.14735941037793093,0.12380995575333,0.08959951925261082,0.042280240766432386,0.005021016116115141,0.021681375966755168,0.01274781346943564,0.023161051767507247,0
0.04045076556170415,0.007030892846661813,0.026098283193006378,0.03335900883159156,0.0018572504507186882,0.8658880486737229,0.006766464910976245,0.0023903986551918207,0.0060210911834437135,0.010137795692983492,5
0.03383903057316834,0.019734115018914734,0.02640456069740974,0.13865887664457616,0.7379681641131051,0.0011962786443547398,0.0014610426985028077,0.0016941310473310915,0.0009381518091623016,0.03810564875347555,4
0.03908206883908717,0.003342177331647364,0.055302263133882826,0.034293613614738365,0.8150624361841354,0.0014027646467300466,0.0006682776135339435,0.0379078909608325,0.0012048018626000564,0.011733705812812686,4
0.4454691654771703,0.00988654130694446,0.18676620713121003,0.3236173169097727,0.024433167076922738,0.0005705026546432621,0.00043664261528536313,0.000534483830921186,0.0007939462178769666,0.007492026779253191,0
0.08813570040136703,0.004392427238195179,0.21022902397233914,0.036679024726083545,0.1149125705754887,0.005670017119222517,0.0027913996971926473,0.013544190820121947,0.5136148925528781,0.010030752897111816,8
0.0006743385234880952,0.9937563014770335,0.0004417882385127064,0.0011928015805479195,0.00015124279291147693,0.00021234963763586064,2.408428100717063e-05,1.1041177366051545e-05,5.1818223048227516e-05,0.003484234068448392,1
1.5272097964054615e-07,0.9997937066523391,9.454162623813425e-08,5.2818553174405445e-08,7.123186100614226e-08,3.345063399311258e-08,4.292186744988292e-08,5.5384444804224747e-08,2.887966050506364e-08,0.0002057613980339634,1
0.04032333521446887,0.01794359513511492,0.0749168050701891,0.1321935915567433,0.14224734625753765,0.07779794826726273,0.24127684628498308,0.009805272926446191,0.24576013777869762,0.017735121508556766,6
0.910781475078947,0.0004935470733478288,0.013322737039488285,0.0677854093000621,0.0019850834220991667,0.00010556073713285311,0.00015675590723971623,0.0009145942335766302,7.70570828225498e-05,0.004377780125283794,0
0.08051343774216922,0.03943092064452784,0.15991813184375422,0.050592965408483744,0.1781649449037091,0.019690817307132263,0.0023300572332252936,0.002845273039985884,0.4140870176421496,0.052426434234862436,8
0.0203856650048278,0.8697786477754137,0.005787560276419392,0.01093661433810758,0.010250705963575404,0.0005115699146641753,0.0005273433431611094,0.00035368055619258953,0.0011862676184100775,0.08028194520922806,1
0.04839246458916266,0.08634150893281396,0.359411155660648,0.23060815389399364,0.04329119904034296,0.03390807784050717,0.011726530457986056,0.04032146993083543,0.045921326490705336,0.10007811316300534,1
0.05124706276478056,0.027228424090391404,0.059602601012616226,0.0513718949995031,0.20840534574095365,0.013700702157150349,0.0035739140450522775,0.0046114285680608595,0.5731660504647498,0.007092576156741778,8
0.004313881777916006,0.0021412480762772186,0.003440279760091541,0.0020305400547382933,0.002396325070769703,0.0012714576073010774,0.00016374204820526045,0.972050839544772,0.0005456515361159934,0.011646034523813058,7
0.03597636009255204,0.009004789889473713,0.06582825844915202,0.03208993090073196,0.10963452994351043,0.037623676753832117,0.013314466202341916,0.005142075451075112,0.682728930272625,0.008656982044705695,8
7.482727942350776e-05,0.0007209334104170993,0.0001042225773787435,0.00019750928430610075,1.6817229690466268e-05,2.22493775887459e-06,0.9981275856924821,0.0002088235187462959,1.1102521315406984e-05,0.0005359535484815485,6
0.11145978632607219,0.02084261008383587,0.09751609077034018,0.0865547080028415,0.09939959160731325,0.03729662586653427,0.006146264468595071,0.4209968127424559,0.05660715710436726,0.06318035302764481,7
0.1602404816777036,0.00762781158176958,0.5015622097736024,0.18515506068181936,0.017294081578624654,0.0018058012407371796,0.03203341250256058,0.0017419581753307762,0.002477463156379339,0.09006171963147232,3
0.8152508578738109,0.007733888553662091,0.05023676181119424,0.11356000937551691,0.0050892938051457495,0.0013225726190292963,0.0007809671018767889,0.0010777850091859683,0.000628919323738905,0.0043189445268391495,0
0.018673418969410677,0.003636928857206386,0.02529954872985875,0.7955290465197987,0.051631706783254294,0.006082022309602649,0.04520290791911855,0.0015068811911839093,0.03596471844990718,0.016472820270659553,3
0.808998385295005,4.54831264617285e-05,8.126225021290913e-05,0.18249051322892892,0.0002941145558025645,7.483410438950443e-06,1.0221162031553886e-05,8.691553889629416e-06,6.613936997736254e-06,0.008057231480230492,0
0.9721633683026754,0.001552775456530352,0.004405050451900446,0.004918100448437781,0.0017453064745675813,6.671398096388617e-05,0.00035289202714489744,0.00010048721460736781,0.0032272633079490002,0.011468042335223083,0
0.009865583981163705,0.9185055726556817,0.015380204666271666,0.0063832533742044445,0.02926104495283086,0.004407550170588542,0.0015225171696382257,0.0017314907736022624,0.002195704265914683,0.010747077990103512,1
0.9857927620534349,3.37000970650626e-05,0.014146554314844165,1.1725445050786413e-05,7.0484353007929625e-06,1.5203759176340824e-06,7.094774354918136e-07,9.69369764411568e-07,5.3014333773011265e-08,4.957416852954921e-06,0
0.08490821583638446,0.013396540951342718,0.13808898586302737,0.3719239790378436,0.12544825844497204,0.13674673621862352,0.0037760377076644044,0.006570627253616886,0.07077765765968043,0.048362961026845015,3
0.001612240172105122,5.670057673286244e-05,0.0006545631602842088,0.00013686008388384235,8.719813861007217e-05,0.9934245177327667,2.1153474426796193e-06,0.00045128189916507984,3.071650688267488e-05,0.0035438063821270553,5
0.0957721349742104,0.03679193997206785,0.16353211636174556,0.43859243487091015,0.07394434449910675,0.0013651731761588697,0.0010551688504163654,0.011001526524330374,0.0010500220038044163,0.17689513876724908,2
0.0921897629453108,0.002033579292341588,0.032579759271047656,0.34745162935385165,0.21830180690593662,0.015605954750297423,0.16732248091418853,0.004593243964739599,0.07605765434819835,0.04386412825408774,4
0.03557113075568377,0.005959264852558746,0.04352617800712959,0.5158768342906913,0.05462969901836563,0.007627670545510219,0.024750908870360636,0.020005585440849637,0.0012090500233063197,0.29084367819554446,9
0.04299836995327687,0.01044766688005484,0.7836801333479031,0.0008260179512978627,0.15929714678297094,0.00011932667008174122,0.00010166172952231075,0.0001300666841411547,0.001135548336889395,0.0012640616638620332,4
0.04181067894930816,0.01632003233972773,0.053370514253932924,0.02164085199330342,0.07425530309980469,0.027760167557421746,0.004383442583164597,0.0524051698613958,0.6997817800539349,0.008272059308006221,8
0.8941316548369276,0.004382672202016937,0.04885623398270397,0.036324960880901494,0.007684455963090605,0.00018794535205075882,0.004407567119938896,0.0005262797044209415,0.001978542312874485,0.0015196876450746632,0
0.0756008190630444,0.022822585310706415,0.08638978542607453,0.11650826351796569,0.049885097214249385,0.08221669333520928,0.051119071262874904,0.0024732580885898307,0.4928583075156182,0.020126119265666875,8
0.00047765613482523856,0.0003987923475673479,0.004886701735112318,0.00022846645954415886,0.000835700268689023,9.513117432929485e-05,0.0001516798962053043,0.9921096059128123,0.0006875057667839966,0.00012876030413147508,7
0.07531666838872292,0.013008574350183233,0.05893805742034877,0.0879666700341343,0.18389909355838502,0.05016704737604524,0.029784762711376808,0.024883769448173474,0.4556413253466939,0.020394031365936045,4
0.014847485090585496,0.061462456822185776,0.017302602022898635,0.01770435694925423,0.03728392076583192,0.010072245566988682,0.004484076413179353,0.7987297800683912,0.023500792714940683,0.014612283585744212,7
0.0019835664295184646,0.00020456203898574566,0.0010483687247525193,0.0002877022023953645,0.0008174415334229376,0.9902913127167245,9.187091946177203e-06,0.005050709307539585,0.00012030129691520451,0.0001868486577995606,5
0.031948407934661964,0.026290517291954116,0.05041676829561932,0.09801620086152682,0.07976993003444394,0.5877210401003089,0.023969918540135457,0.00962279351370577,0.07195115052707238,0.020293272900570977,5
0.35245859951113695,0.010598821432988183,0.13046408010200924,0.4267501460080689,0.04323329493535415,0.0021382452648796603,0.01634190811881682,0.00301611221299916,0.002817656387285667,0.012181136026460964,3
0.0006095483855873158,7.326714908721377e-05,0.0033978864541908357,8.836485829546017e-05,0.0007607285398551515,0.0002620796502212039,1.7400466945189925e-05,0.9944733605304505,0.0002445298720657379,7.283409330102012e-05,7
0.019487271902123748,0.008611142642604097,0.054629251208064576,0.03093011313353887,0.07666099792345875,0.08378938826239325,0.005402128119551248,0.019035983139902457,0.6934479656360099,0.008005758032353679,8
0.007813178597234701,0.00018688271526197696,0.00678331791872702,0.9711084659793657,0.00657356887909785,4.320987889412901e-05,0.00013114875514144933,4.617457106568429e-05,0.0003255766922317737,0.006988476012979888,4
0.01125363329981343,0.03794104839121655,0.007330271694256365,0.017223823827271,0.008051867261078196,0.004807704724034448,0.8920787569810371,0.0014103447384634564,0.0159408067806162,0.003961742302212738,6
0.033019093863083174,0.007142571589685692,0.03130030725703505,0.01876574089222358,0.04884564456384881,0.04084966867953342,0.004508233165683622,0.006145702867830304,0.8003618015712786,0.009061235549797483,8
0.09522220738079519,0.01454000156813326,0.05735679393126678,0.07888745835197783,0.00216091239041192,0.00024901275128733124,0.0009571929517925488,0.0004587009753869157,0.000245673661672863,0.7499220460372753,9
0.989123113313739,2.138202577677959e-05,0.003950088834832121,0.004772525698630016,0.001668279164245243,1.7090202710863826e-05,6.558513560531831e-06,0.00016976893291988841,1.337463991532281e-05,0.00025781867367020284,0
0.9977493438728431,0.0001806954989559946,1.6603888896699245e-05,0.0002625704330024007,0.0001585281515253306,2.267182430569956e-06,2.668369169392516e-06,2.21645100834168e-06,0.00010656580401340625,0.0015185403481548666,0
0.03613974656078037,0.011938718461487266,0.04499132244935627,0.09802916008932999,0.17187926351463292,0.32572682628307326,0.013181358476326512,0.004305155087937509,0.27641894500211733,0.017389504074958505,5
0.06683457169419603,0.01866283210208764,0.2033451356159022,0.09813320061673084,0.33706990708275925,0.06118468542090676,0.04007560909678349,0.011848292620623533,0.14862738461534242,0.014218381134667796,5
4.879881746260951e-06,0.9985483415693278,3.7593401880675816e-05,1.6923677636254056e-05,4.4228133631354996e-05,0.001045172908805981,4.3478903429130096e-05,2.2135495579479107e-05,0.0001555138527661236,8.173217519675148e-05,1
0.009929852074463475,0.953605990302298,0.0008033400256349338,0.006509565720313856,0.002426718403905889,6.314611078776378e-05,6.871738565284725e-05,8.504272262810467e-05,7.756629935991881e-05,0.02643006095495494,1
0.7172134800760462,0.012794171406116531,0.03393823453340935,0.13479788151655267,0.061230951849543226,0.0005102563784367186,0.0005511007911866044,0.0013489088840710744,0.0005409692261797028,0.03707404533845791,4
2.104996878146827e-08,0.9999001293879969,7.064570234854764e-07,1.0526963949784333e-06,6.174985320697704e-07,1.2590904242438366e-07,9.070580655571042e-08,5.193753960144868e-08,1.4117263395745394e-07,9.70631850610614e-05,1
0.04573806298653945,0.0026753805548693976,0.49267514850595573,0.110567466412812,0.2935376789065533,0.0053872016422580205,0.0027395759395433595,0.0023595036482087564,0.0011490025261647542,0.043170978877095395,2
0.006938669775094195,0.988257992495292,0.0019842346551663115,0.0005588879329973762,0.0015147175292827188,0.0003221856767963895,7.195047042583922e-06,4.546550871306423e-05,6.500278918040729e-05,0.0003056485904350114,1
0.09942906130503067,0.03648441874291084,0.22608861980704895,0.014335901459170738,0.5011248328537496,0.0032273271225196137,0.0024647402082923946,0.04520028170121958,0.010191627990019317,0.061453188810039014,4
0.05075469831039085,0.030999440407518026,0.08754247135777682,0.02909295685886449,0.12413166096098147,0.5811199512462262,0.0032145902718676233,0.0032894782123181914,0.08328252141690244,0.006572230957153895,5
0.028548073194461013,0.011588485625617236,0.05082984372447609,0.09572426938199725,0.2766279840587983,0.05904426257299957,0.010745241055937337,0.00518191362456519,0.4501214874428551,0.011588439318292693,4
0.00023632769040262614,0.006391375953784836,0.00013004933667176704,6.475252202951252e-05,0.00048168188121942634,0.9791378036261175,5.389383538805168e-06,0.013231173904014893,4.9112206680880655e-05,0.00027233349554018157,5
0.7483832809596943,0.0804375050732155,0.0024727423604217675,0.03347702889515212,0.003066132664102878,0.001137858626988397,0.0015997496741701456,0.001158902580107749,0.001102771671401246,0.12716402749474542,0
3.651289217785808e-07,0.9997807477295455,1.0329336603552887e-05,1.1231627700340782e-07,4.3876466251517223e-07,1.2463536045313744e-07,1.5478807043592997e-07,1.8415682567251102e-05,1.274732607167684e-07,0.00018918414473067814,1
0.0900462203438669,0.01894586858097902,0.09678244231974378,0.044338812108214075,0.128086020244015,0.4970153366899344,0.009190244690482824,0.06507773936857507,0.03020048741449508,0.020316828239694436,2
1.96836837216433e-07,2.7603480093336526e-07,5.399906849803747e-07,1.1707850441256784e-07,3.4779516850568436e-07,1.0152034920299708e-07,6.934462889383885e-08,0.9998722296268829,6.622901692786939e-06,0.00011949887045022081,7
0.056160955042908925,0.021256898929456775,0.09240376075545513,0.09906746582793002,0.35275655535706596,0.031882147841774,0.04267471928430168,0.025575131412966755,0.24701677165868244,0.031205593889458354,2
0.016526225917262258,0.0008060823683069497,0.9110454381762271,0.0010556553870864679,0.05361927869324929,0.00015604295330175617,8.147574981509553e-05,0.00017194186044785625,7.98903871604448e-05,0.016457968507143164,5
0.0004133707972914028,0.9971402869214403,0.0002877663168390649,9.952215935177856e-05,0.0005680280089748517,2.1442298962975977e-05,3.854216151314933e-06,4.358760782150899e-05,1.4768074327817679e-05,0.001407373598838515,1
0.0004100813428377211,0.00018413834428217013,0.005832069324163794,7.410936254849649e-05,0.0003688173859537821,0.9887851025904083,5.7668174656909414e-06,0.00377951169867436,1.3594464008282144e-05,0.0005468086696575051,5
0.22294468080803503,0.0006664498020470726,0.7730387267861487,0.0021901106734300456,0.0009120045182910802,3.1989065475244533e-06,3.6964344918315654e-06,1.0785692758970373e-05,1.0691405114964064e-06,0.0002292772377379167,2
0.151121792576134,0.008564591867409998,0.15153127294261765,0.10710977952532655,0.4445638818264788,0.019301474654797715,0.0414572622747074,0.007991175937751848,0.04682645095358355,0.02153231744119278,3
0.00024235190553599636,2.5127812440685282e-05,0.0038316936966574073,0.9507576489825612,0.0006145269229002611,1.1197791402643481e-05,8.518988782398307e-05,4.233487645170661e-06,2.001819594845159e-06,0.04442602769343787,3
0.048396819872615404,0.020450810129990286,0.008113106944230807,0.28496807052895196,0.024521295836785775,0.0013977240610996663,0.0008643537690825816,0.0010351794609722797,0.0019062411692076582,0.6083463982270637,9
0.08466125853970509,0.023115810360718338,0.09455486118560988,0.11732722784837701,0.3178729310252471,0.17473629248074093,0.00861866273897704,0.01072215127892399,0.14151564800499697,0.026875156536704067,0
7.82398970613336e-10,6.731002306228881e-10,5.429414375456237e-10,1.5174020145477147e-09,3.3625026364394693e-10,2.3340277142306666e-10,0.9999880515276824,1.2907838512334842e-06,1.4295881767974046e-08,1.0639307088936927e-05,6
0.0516520787832287,0.0013277265809309646,0.920195977683347,0.00857528287754743,0.011014111728051548,0.0018825273215996303,0.0005142060191698211,0.0015447846824608643,0.0017746083678835758,0.001518695955780362,2
0.4229736940794064,0.00217394514879921,0.4371503182386907,0.020750886697797455,0.06694455568676073,0.0022003169390071367,0.0018438318893214492,0.015607314974365164,0.010344399620069795,0.02001073672578225,0
0.016420529930740717,0.006158501927403232,0.021135081416605115,0.0027654228934522887,0.017187309416979078,0.8485133618326859,0.0001858844995718706,0.08003609955436747,0.006874837268379779,0.0007229712598143143,5
0.37574954472205535,0.016621825703104384,0.2679759793227122,0.05086955486160851,0.1027090022658485,0.009077529110322691,0.0019514530410056012,0.0036747557205477075,0.16224581903472635,0.009124536218068684,8
0.0582803514454057,0.07455947475172665,0.21555236243912348,0.1299294047425281,0.10951958196974383,0.1764935917348945,0.010669822594074103,0.12268375037365561,0.08284563320466384,0.01946602674418441,2
5.392090168335984e-07,0.9991131806250638,1.883458355259191e-06,1.665928572939451e-06,0.0002832455708837859,9.06992186153233e-06,5.608172210792846e-07,3.830242046528987e-06,5.937837092058647e-06,0.0005800863898861952,1
0.007572335569274352,0.010099592960241216,0.9438689849039822,0.013189887991376537,0.002834267218102297,0.02152231737466995,0.00016771397174981432,0.00040626818779740723,0.00020683029555161283,0.00013180152725477708,2
3.993603878686015e-14,3.0617673949451575e-14,3.784363493036919e-14,3.157180645071357e-14,1.6253996697009592e-14,1.3750095641302453e-14,0.9999998751672251,1.3832208885228938e-08,1.1111169594357428e-08,9.988922633206349e-08,6
0.13298023552056012,0.043988775184257575,0.08365689147807953,0.4430096151335127,0.14939979735335682,0.02379704296937527,0.013419988606867165,0.004997314738713403,0.04172518010424149,0.06302515891103579,9
5.8156272299223635e-08,1.0213994325185484e-07,1.5478917784710953e-07,5.2975508811079985e-08,1.5048196795765232e-07,3.767655861004285e-08,2.8028044531794683e-08,0.999927002195898,2.2919101536946605e-06,7.012164647497575e-05,7
0.0006978433007515285,0.9981381018912509,0.0006331513230465157,0.00013461475203286062,0.00017767907573330475,1.8935747330033846e-06,4.654527624905372e-07,7.725505539434797e-06,4.946107772045145e-06,0.00020357901637807566,1
0.37753848738929674,0.0031449932622605392,0.25060882745059343,0.0794056555602388,0.2386252208833661,0.014391228563036111,0.0010558488530847572,0.0038010349027547846,0.013758657890956998,0.017670045244411726,4
0.07513675711448692,0.02288313230770261,0.7859892350435215,0.005652912634230256,0.049759304992170614,0.012981903902048534,0.0012293779140557836,0.031713771333887905,0.006797132214343369,0.007856472543552562,2
0.026125959281739313,0.015270897190642289,0.06277043986251524,0.10617180291970513,0.1427583180540168,0.09631959674139451,0.11567393022826897,0.012373415942613392,0.4036000744293149,0.018935565349790028,6
0.03598483074805034,0.019186120661925536,0.05779414316552572,0.07147578863952743,0.12663488025392336,0.14200231811012953,0.01285586630309308,0.007994681500681809,0.5140590537017286,0.012012316915414259,2
0.19205188932766462,0.05706990453468351,0.12649398374896043,0.25568752788063315,0.24986637598208428,0.06634288340689923,0.0021556796822473196,0.026752959801696247,0.006301926567579445,0.017276869067551694,3
0.8480374331406225,0.007302028785064929,0.014184346157593012,0.08632493526479466,0.013873830793622787,0.009342927698713283,0.0031031434660662685,0.0012117088533240895,0.0018571985814779888,0.01476244725872102,0
0.015465923807212092,0.01441755433597291,0.04037955305210732,0.00887168923502261,0.02802812114477682,0.03847664382991179,0.008806695121599586,0.796807881906002,0.043048440402474006,0.0056974971649211776,7
0.009701449402647796,0.01422477516221797,0.02358535594412872,0.023531272034922463,0.03935641532478961,0.8629848557529859,0.0022190131443321987,0.0024658301510132328,0.015580072623592216,0.00635096045936987,5
0.0017500175624953617,0.9733833689295396,0.002669988586242131,0.0009540878395264881,0.0011180539949749461,0.00012886523162848506,0.00027778739396110505,0.003478256971921771,0.00020030951750816902,0.016039263972202056,1
0.04313425614232288,0.0001986288354820992,0.0007564372188042413,0.7147020017606461,0.03144714924179242,0.00015506897585282144,0.0011198473411287858,0.00018243634333048276,0.0001333775721846262,0.20817079656845555,3
0.0015331875437256234,0.9864077536618113,0.0008823822917013813,0.0017111765345712245,0.0020719580876531088,0.0023459893271055494,0.00020615318063686548,0.001780636948757372,0.0007473089729626689,0.002313453451074935,1
5.1785819177714775e-08,1.1734796342201888e-07,7.46070052397998e-08,2.8496690550921486e-08,1.089622598184073e-07,4.0711238798227587e-08,1.6050108664261994e-08,0.999932831223751,2.267616176893635e-06,6.44631989864543e-05,7
0.3492531423824859,0.030229273017237414,0.16056466282199638,0.20591273012079866,0.05244091871643057,0.099319489271851,0.023758793045370225,0.0034402426416298955,0.057225329402576096,0.017855418579623677,3
0.7220532820949144,0.004687795681670977,0.040019968229096724,0.11974866465096322,0.097474607736636,0.0022559442214141715,0.00013388205155476078,0.007846516013099995,0.003167990909902703,0.002611348410746925,0
0.3229401185720506,0.007194202836167104,0.5284778988650847,0.08006554454281702,0.042902015290789366,0.003003882796057424,0.0014532565795049785,0.001971456176579963,0.0015831197059798343,0.010408504634969127,0
0.99850303831295,1.4748273150781548e-06,0.0001006215394858897,0.0002959886114402102,0.0008158240510697496,4.656665159871167e-07,1.7932949382982112e-07,3.496413356487762e-07,0.00015278966639610452,0.00012926835399755608,0
0.09029530959305576,0.011411795157861618,0.7247576218092722,0.04351858139902826,0.05497971421927077,0.004931465713776475,0.009194699369053294,0.0017189117687056838,0.008127073309851037,0.05106482766012471,2
0.9941306385938837,9.652973925654339e-06,0.004946079672854853,0.0008489108653669399,4.5891134004210755e-05,8.601124166470264e-06,6.549550215968184e-07,2.6401292771135555e-06,5.132186541183727e-07,6.417332845368261e-06,0
2.4722931721422623e-09,0.9999579707303845,5.629685077651259e-07,2.3674183344544352e-08,3.830404349153631e-06,1.8579715663824097e-05,5.410469442246833e-08,1.2140086543178039e-05,2.0558045521652433e-06,4.780038828773111e-06,1
0.03593352465181289,0.0019067100457620307,0.0059618952854168655,0.021608705445767297,0.022310125033383824,0.8732574651997301,0.0004979286856812932,0.004197154993498426,0.004190893824179268,0.030135596834768453,5
3.8838452298078363e-10,7.882190572880533e-10,6.495598456488158e-10,3.10279957876368e-10,8.892006850401269e-10,0.9999659157345668,1.1996647025956286e-08,3.247155516767511e-05,1.8420239943111582e-08,1.5792677342237106e-06,5
0.05516886385159746,0.015933466723590105,0.04834966828824816,0.11665564185253027,0.11977629599212615,0.26722272836023797,0.025932388723072488,0.00823537101278877,0.32101537434393873,0.021710200851869935,5
0.06117418233763882,0.05207428577401631,0.07728288273549105,0.13987339394246195,0.14796031786045225,0.10998010670466377,0.020680838257540708,0.006858125582220125,0.357056027770753,0.02705983903476237,1
0.5178635919749078,0.004816382674076839,0.12528713090009952,0.2777911405615301,0.018755217180415215,0.001488800854447566,0.0020887585258131365,0.002634882856432724,0.005055383831382426,0.04421871064089445,0
