0,1,2,3,4,5,6,7,8,9,Y
0.312825258065786,0.021860764598655377,0.005081383484863423,0.016297697040197047,0.05706810518341483,0.17540971193243365,0.024804910755514824,0.31550657927893244,0.04837767395561911,0.0227679157045832,7
0.09116169006011852,0.11665191501381554,0.11974546784540681,0.20336242704382398,0.006647734103134984,0.031658900456797825,0.24484910114625982,0.015210060983211522,0.10299264514010431,0.0677200582073263,0
0.3117779578633469,0.09885239154623025,0.005631621462311605,0.1598725254237436,0.006731111502491577,0.03516953869993391,0.28712304203691213,0.04744256373570276,0.0012494192169902835,0.04614982851233689,0
0.0005964882628335701,0.0033058291378613176,3.8045550537520376e-05,0.007000453368541614,0.00012457619935521554,0.9727521647975156,0.012553673083115797,0.0007358151423388494,0.0028409734685904803,5.198098931043836e-05,5
0.06647788219585062,0.16012614954663437,0.0053676872636854375,0.20478834796691484,0.018660274197151945,0.1562792308516974,0.13791347755675337,0.029509977986112466,0.15554344036757073,0.06533353206762833,3
0.003629624926481682,0.0007613689861026591,0.0004003639459481829,0.07492876312828547,0.00040519348963023385,0.42731149687428915,0.47959274191513807,0.01097018154272153,0.0012409611403249347,0.0007593040510782324,0
0.32024975408351813,0.2496889414014271,0.05613237805737557,0.1445248432140472,0.031427153721490395,0.023440006380644068,0.0479419564590617,0.027152798079098397,0.004822662497099443,0.094619506106238,0
0.30170588467296994,0.08278170629763987,0.1144830817464818,0.2155193694665723,0.09070730804283386,0.01807838315783569,0.044848722823842266,0.02123414802627705,0.0033900912479978666,0.10725130451754943,9
0.0004790925832153251,0.0017117681840963781,0.97933805328933,7.583034928651528e-05,2.6706203013234605e-05,0.005217284827159956,0.0006448747077896415,0.001954723820981096,0.010470986846145076,8.067918898267451e-05,2
0.11377413849312089,0.018325812054629957,0.05216013323500993,0.17413041080984534,0.16697076565919317,0.34993856071398793,0.08786774375504697,0.011401305073533038,0.017686747706452587,0.007744382499180288,5
0.1854911882164416,0.31632199969729524,0.024150229254612555,0.268492456503094,0.007172826539599384,0.03922600946387926,0.054436867022713484,0.0408178012033055,0.005063545114574157,0.058827076984484486,3
0.15854896801764004,0.0920661313957271,0.3522862233129361,0.045554756547711385,0.03133226379450335,0.015181586896123304,0.028625192501761914,0.12124330039133423,0.07089679935205058,0.0842647777902123,8
0.0006250264915089415,0.001588004973493253,0.00012342638848261627,0.0027957154068692634,6.375910915236602e-05,0.008550079745097689,0.0019942033816620314,0.0011866405150394116,0.014093477838655282,0.968979666150039,9
0.000661947902559128,0.9637885688147146,9.12078760113027e-06,0.004196440541833285,6.9154436677864125e-06,0.029860126619110878,0.0009556099260818171,0.00012240155643265587,0.00012575737934414336,0.00027311102865458894,1
0.24173294496340658,0.28925542691725864,0.11480577785651987,0.18290072662316068,0.04146418279377699,0.01421804784601612,0.039317130330524384,0.039446518665129236,0.0049616347414297825,0.0318976092627777,1
0.3198754979015046,0.05329289871097464,0.010216421859295366,0.4171711218388137,0.0023112167731307504,0.027776527688082,0.04322522893295636,0.054443154671608235,0.010276990876237386,0.06141094074739738,0
0.00020883639855779227,0.9913612671794864,4.186383479773237e-06,0.0017636695725430634,2.037243909950815e-06,0.0026570428319190823,0.0002574723722589672,0.00031093883677336444,0.00010378671349186925,0.0033307624675796687,1
0.02163745288826088,0.008284063371171142,0.0005998057301362152,0.026429715232134488,0.0006685720762601425,0.8651762005870189,0.006543163310284413,0.0033866686319995506,0.0352526417124207,0.032021716460313196,9
0.09822200837988558,0.2172021405235151,0.03375554324473972,0.05825948765305887,0.0108180821431775,0.0606793947425446,0.02698012214803964,0.2291487405395336,0.03506892455440166,0.2298655560711036,9
0.018846672780725902,0.14676427943905354,0.0017622525267387075,0.6311978606940576,0.003374677805678845,0.041449928212108245,0.11155270571283579,0.018870417779863213,0.00696344028061307,0.019217764768324687,1
2.6125086761608292e-06,0.9962398766233543,1.6007104041075446e-06,0.0011061762423411178,9.249986996517221e-07,8.833332286727516e-05,0.001484896195748507,0.00015034704614107892,0.0005120171344024079,0.00041321521736520746,1
0.022515866738263987,0.812518959041694,0.0008590754366197283,0.008057697211591821,0.0032043979952769337,0.08808870940217002,0.03133511306145627,0.020551845850486535,0.006442055716550244,0.006426279545890446,1
0.021742006116446107,0.38847639777276044,0.050797816467203064,0.4228117574259045,0.0062251568547873285,0.010349023994264187,0.026038357655890704,0.005469143804232229,0.02772664820706186,0.040363691701449864,0
0.12022463778288045,0.24305760532424223,0.004581129488292639,0.07500012779770918,0.003637701612162069,0.33500876402699253,0.13988805669109097,0.03733034377626593,0.03455094956960383,0.006720683930759831,1
0.26214114492279184,0.0597137359960599,0.3071505356990167,0.25828698269976125,0.028460233046791513,0.045035413991519155,0.0224472949781604,0.009239116831405608,0.0023025090694920396,0.005223032765001559,2
0.1099948996871131,0.09231286185402517,0.05529853640351022,0.28832586864924875,0.23615443767217423,0.036714148179898716,0.0639503592473053,0.016417951946466516,0.007596599526917835,0.09323433683334037,4
0.02805923102551971,0.1942862834478351,0.539249422016647,0.04745024005011359,0.003127345687336661,0.007969955578759359,0.0448757017157155,0.017026466063947268,0.10187099405673437,0.016084360357391587,2
0.03580961544212015,0.008528264581054774,0.0023733038017861568,0.004613711174609324,0.0005747940879632434,0.009294735608921068,0.002667282690077306,0.892309205091697,0.03651688822698594,0.007312199294784993,7
0.035055582561346076,0.038079140990536,0.7043380292622059,0.027229040498453625,0.003990677584211415,0.051443172168979624,0.032781440645832306,0.043657306615495176,0.0380984938948063,0.025327115778133864,2
0.37002413597505723,0.22690935032069873,0.06496319747903231,0.1637840144137244,0.029127551017221212,0.019341053930783985,0.02961460301355947,0.02515140757669179,0.005231552642412334,0.06585313363081818,1
0.031066898756057594,0.011094361165814326,0.007969000953539687,0.015245037655475734,0.0019741347631000083,0.1440193530650562,0.053230026017263336,0.6742395950374805,0.05831670791593377,0.002844884670278948,7
0.005410180423211016,0.0012409820755591998,5.61719146504173e-05,0.2334365446968553,0.0003664932514743332,0.2166637909145514,0.5408584019209699,0.000789139212267796,0.00029781002341325145,0.0008804855670467267,3
0.16329552263907215,0.24553157884222018,0.07511911239228244,0.35286746187538254,0.011118178324629248,0.03903523181305517,0.03884199748142921,0.055151864884855996,0.004163943442928267,0.014875108304144595,3
0.035848857810227695,0.04989382858719798,0.0025424682417746814,0.02212027697395074,0.000521739482480147,0.006505807196872372,0.009624235249015496,0.01265267652604872,0.8565735278790881,0.003716582053343962,8
0.05986631855630305,0.09209350731172405,0.06339403634176467,0.05581585331431192,0.5967185746668648,0.014099890719964259,0.018318916682954135,0.049372625954201416,0.00596296744358615,0.04435730900832572,4
0.05881058907918146,0.02875068449387815,0.7243158763129472,0.1093812376555037,0.00457385376953704,0.007466575042803459,0.012401440309304741,0.002441721234810631,0.009825412764217235,0.042032609337816516,2
2.6023208340120623e-11,2.859825494253858e-11,7.480105607959677e-12,1.1641668502432473e-11,5.566971124719973e-12,1.6592003581553243e-11,1.3161551617276299e-11,3.169882902555691e-11,0.9999963530988224,3.646760415045686e-06,8
0.010569039190638984,0.017646936413283718,0.001733068938273569,0.04168938624345913,0.0003595633790051658,0.2595001784655561,0.6449303386201631,0.008075321872702308,0.014969396791442128,0.0005267700854755652,5
0.02195140201230596,0.0003526537055037245,1.8927419494711676e-05,0.004387369478469885,0.0001471723884404264,0.011455722268957432,0.9610431614472191,0.0003032479611353294,0.00010055966748479504,0.00023978365098885075,6
2.1197094586596043e-08,1.3108578327665403e-08,6.0679017621489376e-09,4.351008665270957e-08,4.958398474224516e-09,2.5549440000468086e-08,1.963993697847772e-08,1.4288048146736963e-08,0.9999877275922819,1.2124088233117535e-05,8
4.975551438051189e-09,7.057340273062953e-09,2.42516533712772e-09,8.099019578262143e-09,2.425321989263131e-09,1.7069072398451828e-08,1.3550066364915267e-08,2.6739118373729602e-09,5.287626532477711e-09,0.9999999364369243,9
0.09454516758490929,0.06374501306231775,0.032590251285300735,0.0820361960118011,0.5431765280640619,0.10042476011730098,0.031695510082660555,0.02538472577811367,0.004026545781100594,0.02237530223243373,4
0.004964880508523132,0.0007306158504618571,0.0015563189257544567,0.0003730731730200136,0.9600149348514754,0.006701315676928268,0.010656698477434438,0.013797247601893105,0.0003281498341405016,0.0008767651003678966,4
0.03551056141620423,0.012254475016138508,0.06944814061340053,0.025930032183856498,0.8111144832700546,0.01853963540182985,0.009795485984008697,0.007259532624081423,0.0028583280707989976,0.007289325419626873,4
7.562120340109312e-06,1.4102310305818013e-05,2.1044414119682676e-06,0.00012028917937598406,1.3536619281932934e-06,0.00028593725127856403,5.805227406902107e-05,2.094441729850819e-05,0.0008971205696389954,0.998592533774353,9
0.0009608051358801195,1.147966059989925e-05,1.9945640465611902e-07,0.0004166827559118703,1.026330177897065e-06,0.9981500254027639,0.00040557178135865207,1.327806413814214e-05,3.9972096218413455e-05,9.593165464635265e-07,5
0.2411845661577118,0.05002878078400677,0.0017772320193059638,0.07652700849798932,0.0026718558035762167,0.099799195130779,0.031794801551680456,0.44368814377297383,0.038776257247959696,0.013752159034017135,7
0.30776712613206864,0.15055911975579336,0.03858653153665684,0.040887160685785975,0.022977602684435747,0.01778692879010915,0.06437001043256911,0.16231231561665801,0.1442176949043649,0.050535509461558055,8
0.14342962223336286,0.024806359657630686,0.0009988272275641011,0.45537111954812826,0.002025589938180396,0.020820315349621456,0.28387560841312337,0.0013476270570826068,0.013382040740176846,0.05394288983512959,0
0.02036524475561904,0.015248796155054199,0.8969030033910066,0.01990945142106798,0.008395398903727494,0.004356696473984825,0.02102786786176246,0.005330983560082966,0.002180250684275902,0.006282306793418168,2
0.132140906191488,0.6931264462676617,0.021895127054473246,0.07193285474486898,0.0006059352545675691,0.04209864802683188,0.01526587315023471,0.0039543490447415475,0.015333922271243607,0.003645937993888174,1
0.33358438742905305,0.06917140471211747,0.11112582851418597,0.22980518391056845,0.04411414705986754,0.04488352229162023,0.08245648568199893,0.03190652390128133,0.012397201521515112,0.04055531497779181,1
0.4559181744389318,0.07083695859574694,0.02097184453093841,0.19235168107698533,0.02003079586407471,0.02709401273771478,0.08474387851562794,0.06280352133797927,0.004322359334371981,0.06092677356762851,0
0.0026022946373595378,0.00013152183976573092,9.849015471571699e-05,0.00017716330396246608,0.9543111118772313,0.030443155879951365,0.0020219200749293192,0.006840846729179701,0.003242701742801194,0.0001307937601040702,4
0.1316281607238369,0.19030677474805632,0.0027818159912174592,0.05429216436919973,0.007544970890551713,0.26129889323835087,0.26253702368833975,0.009640204946015972,0.06553047066154494,0.014439520742886531,1
0.17882629088192117,0.059002880342266445,0.01147557243835082,0.06651710537323215,0.006704309328484234,0.06144804386962676,0.025415327183360512,0.5403696518839978,0.03990739969240558,0.010333419006354646,7
0.00596993226834381,0.0035872756495563735,0.9528956149421922,0.005547346842198532,0.00012748396585240745,0.001401110529757068,0.01801406033928738,0.0006443251683233151,0.0021163925709868506,0.009696457723502496,2
0.03879004240957644,0.0013403041036163584,0.0003662548828271405,0.005561166169913954,0.00034575556479141676,0.8624835169852312,0.04778731686899766,0.02881147675965443,0.014030284620342939,0.0004838816350483069,5
0.0310257586888043,0.4406649712013911,0.3818505660169733,0.056599136591805245,0.001297033987399242,0.02067225920597766,0.022133261574317827,0.007647690592878171,0.022190970028012267,0.01591835211244137,2
0.08404058340815883,0.13587678115264537,0.02951066012624151,0.4445490907786856,0.008921033881603984,0.048464933711860225,0.07959328325126042,0.09916684052315106,0.018547004078711953,0.051329789087680766,6
7.028440321838624e-05,0.9711245988821492,3.3928087662462465e-05,6.346799888945354e-05,3.0168429204256215e-05,0.001897408419626441,9.726301531892853e-05,5.6907393707600466e-05,0.016450728965382706,0.010175244404840572,1
0.015727962896629664,0.016952626158760056,0.001435285889686763,0.025106181679708805,0.0007029836923052153,0.021920105048246305,0.031553238003033966,0.008214247780797351,0.034408784224517396,0.8439785846263144,9
0.02132459534068709,0.11292101338954307,0.0015629779135528342,0.5397780207118213,0.000583484847368651,0.2025256487534973,0.0607644569113108,0.019966608741396715,0.011559605829564857,0.02901358756125721,3
0.17379712147102677,0.4626985057859217,0.02599840734139823,0.17173742676828674,0.013181066782379377,0.04510440918522205,0.052788958993036185,0.02314116505544813,0.01297794301196085,0.018574995605320485,1
0.003304457655411583,0.001522975923033118,0.00021128762769109173,0.042695197885816584,0.00028721754856269504,0.32257275412773095,0.6258538737582424,0.003043792449085726,0.00030042166797486497,0.00020802135645045066,6
0.004750496123414316,0.012541788442141422,0.9531718094533485,0.004877018768990861,0.0006204556304972481,0.00208055393285113,0.0023501853730811344,0.006613426725380784,0.004917856381296296,0.00807640916899839,2
0.2852477451167098,0.15244720173875018,0.10500080015989985,0.1333916340469827,0.0677557267617412,0.012448499946830652,0.02786511967236105,0.030990169549822557,0.00541581992326919,0.17943728308363227,9
0.4103904350847961,0.05717917798544412,0.023239908975887572,0.27826078323298853,0.03607621573490973,0.10683079361187116,0.058335108147172715,0.016416985361329166,0.0026871403264281278,0.010583451539172744,3
0.10062369183661238,0.00371060650192973,0.0050772933387761374,0.07067757975449544,0.017793919622177957,0.13327121800852026,0.34505416746994294,0.01870632184702212,0.29757686001367445,0.007508341606848849,3
0.4522295665508056,0.09070725701626833,0.05240433111880842,0.2068088945627096,0.029725871331115095,0.040787133359144044,0.09392366478379023,0.014599651729461293,0.004022731394262449,0.014790898153634583,0
0.23950836604516365,0.2094561260781222,0.179345065947657,0.12940732277190675,0.10087537457972513,0.015834005583279836,0.027623877771648143,0.03828431515996075,0.004819259826106682,0.054846286236429474,3
0.11255605833203289,0.051098971417307,0.004706216734905477,0.3689504769949343,0.008030825893481095,0.1115043277461442,0.2818769312197964,0.005545481355506184,0.009300054364081167,0.04643065594181152,3
0.11281752464196462,0.16126273183855025,0.30080471727101415,0.28114757083215536,0.017110296434100888,0.01940135134882246,0.03919340329931409,0.024309422603197874,0.005398801249623686,0.03855418048125631,3
0.11232391950713762,0.016949797081138432,0.046753430537205924,0.15022765587472275,0.002454918050438519,0.10286588121282833,0.5493862289128847,0.004348525095505343,0.012028714230548689,0.0026609294975893424,3
0.06318998934386,0.043121301094872576,0.462810210342135,0.06497363274321048,0.10197582764295196,0.12868664451702597,0.0805067581877903,0.03247618533344174,0.015743591645027446,0.006515859149684704,2
0.002107376991052333,0.9156872569248934,0.000526187438446478,0.029150348559574157,0.00030235461644195544,0.010487318649834994,0.009942113464731764,0.016027847150084658,0.005682421279959329,0.010086774924980734,1
0.12493097996561141,0.12612836811454037,0.13042374482812472,0.18786407611634487,0.31270564193285183,0.020320301553052252,0.02810213964993637,0.0182994613480825,0.003167096434641942,0.04805819005681384,4
0.06197175481394156,0.03979834461842967,0.00046397041665706596,0.25361296542000217,0.001348952084919306,0.0679646895157769,0.5649525704919279,0.00321262819756376,0.0018789912090542906,0.004795133231727043,6
0.00023899377783158477,7.599335079369931e-05,3.2326940367642134e-06,4.181507167397655e-05,3.008812854552798e-05,0.9497060041169941,0.046935888265452606,6.915040303010254e-05,0.002888644924619906,1.0189267021496531e-05,5
0.22402477522078004,0.20139478760900498,0.06970100935351688,0.12313239464438272,0.030590394173621957,0.10413648695980261,0.18199225336879982,0.04477276528814249,0.007546731211214367,0.012708402170734517,5
0.10464138918869204,0.06884013796997623,0.6870462422778177,0.0430639536360568,0.034924348394049884,0.009019330502646873,0.013487611591588079,0.01945749358293496,0.003369879194452446,0.016149613661785397,2
0.0806211966554,0.06674818684899883,0.0008202609854528933,0.08647021626038179,0.00226805479598214,0.6469591985721462,0.06306508901833338,0.008283391293714758,0.01440005248436952,0.030364353085220633,5
0.0010499554812169161,6.716286631624664e-05,9.184528169039367e-06,0.0012262594878761296,0.9737092303034509,0.0214606383497038,0.0015719919505300874,5.0989146884924074e-05,0.00036760576461017727,0.000486982121241799,4
0.4051540722937741,0.11068343616360544,0.10811086833778362,0.11786491168653286,0.08921863801729296,0.019606830619645705,0.028950758630888376,0.06515674195172617,0.006237758009710282,0.0490159842890405,6
0.5153746480780717,0.0692088513727239,0.024154505959031288,0.11742866366349912,0.003981841732095168,0.10731606838554499,0.05121308083419902,0.03767336124797237,0.010083556331888916,0.0635654223949732,0
0.2730011392511936,0.0068482465665265935,0.002553670453898962,0.12280745356077484,0.003249145653465763,0.09140243105602903,0.44449832263644373,0.03040247442708351,0.00391213547184748,0.02132498092273638,0
0.23804433252559426,0.18869714755040726,0.19890891461136,0.09954227127697263,0.11073068552452668,0.015017363581613517,0.028156894812367585,0.04100776150789486,0.004877406330963977,0.07501722227829918,9
0.005490856963226507,0.9225874285595997,0.001180943222415866,0.01993910639389358,7.279213811305695e-05,0.024662342592334872,0.015040220183076165,0.0023753428616422466,0.0034792894530286194,0.005171677632669113,1
0.25173386557452854,0.15775512870528172,0.08154009061386178,0.17788605829176343,0.07709394724393301,0.05243203762607856,0.04134871044544819,0.06323166238611763,0.022317889414165817,0.07466060969882175,8
0.053765210304462296,0.03383626844815181,0.028252353213292614,0.03290145337432121,0.3214041116797029,0.1982861849299945,0.20922986703417382,0.09498441051956717,0.006942440868278022,0.02039769962805569,4
0.05948768176052609,0.055277774270237216,0.6900502765989801,0.023405288242549952,0.006737196373271416,0.019290032576346587,0.0419268476682531,0.07364223890255758,0.006623432246686753,0.02355923136059108,2
0.33288161569951236,0.18419238535051854,0.11979223619553872,0.12960599202610684,0.06269854143152821,0.021886296694949178,0.035452989386594184,0.03441964621635165,0.004526965575210614,0.07454333142368974,0
0.10701277085248735,0.031866481513670664,0.03347130668942607,0.10300810933300285,0.6245524940536203,0.03701188375387859,0.01311454248555589,0.012396412720751022,0.001847544278999028,0.03571845431860868,4
0.3803928906573691,0.19551945401221302,0.13298227735102736,0.12313771646830302,0.04870785265153886,0.014010355879342224,0.024266759731633936,0.04531076109012636,0.004209032475346023,0.03146289968309971,0
0.041073914016635946,0.04857690782109695,0.0026174191581799767,0.44117972490497037,0.002491009656082561,0.14460881140961115,0.22051874721890935,0.005009539901444716,0.061739518067385965,0.03218440784568306,3
0.07521346278675321,0.011492930511404351,0.0011351631443466993,0.7191841386287104,0.0008107510479572333,0.06523931369790027,0.05532567834792461,0.003358308662550102,0.06416278319453905,0.004077469977914038,3
0.023878110859009545,0.005767824435264455,0.003364239382496988,0.03430015753167647,0.8433381390697426,0.06630641386243467,0.008370623030174443,0.005932351775759657,0.001714037008284399,0.0070281030451568504,4
0.0022977270258457308,0.0002567117900054933,9.062270497362545e-06,0.00041472340447623547,1.6801010067212818e-05,0.9895659286080004,0.0016718159561169826,0.0007468887799520779,0.005012231325978423,8.10982906035972e-06,5
0.01955541295135164,0.0011432150087963874,7.21945794523797e-05,0.0012492365665371804,7.498944487189109e-05,0.7717830839219083,0.19450740849850548,0.0037024063455577214,0.007667099679719153,0.00024495300330020783,6
0.016174007764300485,0.027651031442206098,0.0007490426891803018,0.8349474415975953,0.00019103195815054508,0.021246893412779824,0.02728328348246145,0.003868718145609091,0.0023189934750182683,0.0655695560326984,3
0.35745406293710297,0.20313291540937758,0.10844214041449904,0.12866857891533245,0.04855734634336527,0.017988294443861016,0.03173812729936595,0.049918785413423115,0.006037143506700596,0.04806260531697236,0
0.03598371821009898,0.05882645952269564,0.0028169528521860333,0.12636121392226873,0.0005716833014616299,0.06632518629237419,0.6196236573848783,0.01712301335187683,0.003746234662839658,0.06862188049931983,6
0.5332413921183864,0.07227127551063711,0.028026572786493814,0.05650847694271344,0.006910802576120152,0.2311403901493032,0.041276646571041097,0.02379770059700638,0.004569279505571852,0.0022574632427262153,1
0.03759500127539688,0.45752503634934844,0.015607721425272558,0.26151039408359017,0.0021585633625961016,0.12049877472923115,0.03796416876120983,0.002603206019376109,0.01831540932652467,0.04622172466745364,1
0.0370236191699576,0.002594848227775887,0.0032737019772966594,0.008465665510152482,0.007147640224942524,0.003764927662423889,0.01052158488780464,0.9255829827869946,0.000746601885193642,0.0008784276674583487,7
0.38872742001177857,0.005747452221642954,0.003656464832371115,0.008022419805872358,0.005317829662451884,0.01587759166601666,0.016387460386685267,0.5535028280080119,0.0011356084392216428,0.001624924965947234,7
0.1944964470781567,0.08728581255481724,0.007851548901952714,0.054822442234868235,0.004227404006859783,0.03894856605540577,0.058360376590853205,0.4695949272683294,0.014360627331688382,0.07005184797706837,7
0.15890829993609473,0.02876764321522558,0.013243946065334473,0.33474360416941584,0.006937479189154548,0.020438648993050854,0.3956479910783477,0.015620125156281313,0.01878657927660295,0.006905682920491612,1
0.11313100491732223,0.029010792439091226,0.005446547884660599,0.18930044975263935,0.0026308959372010714,0.27545517127541175,0.10087124413400636,0.23250965200867155,0.01327072163899276,0.03837352001200307,7
0.24557403609902867,0.125104292865092,0.026098781355169038,0.044050085033841786,0.01661976068599666,0.037206824480966426,0.015696302394375777,0.43915810740989253,0.0086582270642409,0.04183358261139689,7
0.35207336383710863,0.14902803825550526,0.0911022070533762,0.12713031962606802,0.0771885712190697,0.018176482939440276,0.041170019031572865,0.04738015466612169,0.005651263691363996,0.09109957968037376,0
1.274957956721368e-09,3.774251050324074e-10,4.786894114772849e-10,1.1615626254865496e-09,2.5819056196651544e-10,2.099953047598898e-09,0.9999966183485607,2.0870924200623798e-08,3.3354144073935312e-06,1.9715328840439706e-08,6
0.007035825544692311,0.012900118866471112,0.007081151825841293,0.04989139900567076,0.005460762014759406,0.028211911744962664,0.016337987348099575,0.013455741357992029,0.20969655220607336,0.6499285500854378,9
0.021871744755404456,0.00945965287763206,0.0013233684632737387,0.02917393798068731,0.8410964891920202,0.01313918525240484,0.05170484663655876,0.006976618942134497,0.0030593877124367084,0.022194768187447703,4
0.0602287937709667,0.07211512508680168,0.015402776785173839,0.09475228178558116,0.2679998508238798,0.245609125748541,0.04372990359494961,0.016693445182097092,0.032539607592514,0.15092908962949542,4
0.3614075643521813,0.09058265658839791,0.010788737007422108,0.020746466262433847,0.001830434271884851,0.14814507997437154,0.12206930270709825,0.06948667435960941,0.16536221899054399,0.009580865486056741,0
1.6986988447053814e-05,0.00025596980061509136,4.232440748248534e-06,6.097852967876112e-05,3.0707536039114496e-06,4.9052555713541146e-05,0.00020783765028636192,8.762063075723463e-05,0.0016014904463991949,0.9977127602037507,9
0.0069459661304953684,0.0034412170995215033,0.0005035464221192148,0.0011839937853980879,0.9284166653190736,0.035397522190377506,0.006036139888245702,0.015138696212421976,0.001885705579803489,0.0010505473725439796,4
0.25726545783621657,0.1582243049074335,0.2140313382095508,0.1051281062402585,0.10655660214578082,0.01673048024827167,0.029541625488556867,0.05115338267801269,0.005851151441911213,0.05551755080400747,7
0.25518184745817285,0.04122415215081741,0.007586642939520182,0.060072725919836825,0.09775748483264037,0.44189847251444686,0.07234433027364116,0.012894010686713099,0.004223496958820727,0.006816836265390712,5
0.01506942960438916,0.05398689190333199,0.00523123284387225,0.031691105263423454,0.0025884421601293445,0.012540051300055184,0.009727786329205793,0.004808429415584586,0.028490322800350177,0.8358663083796577,9
0.3610127418838989,0.10131921681945674,0.01951503799104758,0.20497688036719458,0.013401498917527498,0.14625776990568837,0.09852623158799449,0.012478663465222984,0.017246234118991642,0.025265724942976978,0
0.11123029097952562,0.056993824763561185,0.03146747780138678,0.13379442390889743,0.5128155781430761,0.0664977451792981,0.055472728137147743,0.024101252639611128,0.002432314734980381,0.005194363712515875,4
0.2527949656610998,0.22428998726128271,0.12954784555441543,0.11567740477968297,0.07985201855151089,0.011430731120967283,0.04004596749244786,0.07198609829054069,0.00803176318550203,0.06634321810255012,0
0.20915259033847294,0.12676746984342668,0.08197918541781332,0.30210209367044244,0.016072622358095055,0.015948112514943973,0.03526041852265074,0.04567657290074705,0.011202941928463984,0.1558379925049436,3
0.07581496390367688,0.25476700983705985,0.11805957763974358,0.19750356552894627,0.007170508856382482,0.10468308622473753,0.028156220246329963,0.028579999425218567,0.025195876944866222,0.1600691913930383,3
0.034270379506648074,0.007950958215241352,0.0018327701968377805,0.00411307506237519,0.5039519549448286,0.2999324644799144,0.089967727639192,0.05124177113438658,0.004259506270845428,0.0024793925497305063,4
0.009357306779538018,0.12083265061690658,0.7030264122508602,0.02066959968966436,0.000770984975316152,0.051513026732133586,0.045406078211409885,0.0019592681315521647,0.043823793669795046,0.0026408789428239076,2
0.2693648891945984,0.03851422529129011,0.02183911513907972,0.10800707587378,0.04681674151649798,0.10829468978523846,0.3563589278235464,0.030134735222521525,0.003864010397430201,0.016805589756017217,6
0.1731022793770225,0.05371816721821758,0.021268105090992785,0.4572229284392522,0.02920560287755837,0.03620214128049371,0.1533802015564502,0.016185452313977135,0.01038583755427875,0.04932928429175625,6
0.016132203716057645,0.019979655386474462,0.042738303984863314,0.026858995605428402,0.00042515432917830746,0.020412816744784786,0.04364345288279505,0.0021433704067728475,0.8224637823040406,0.005202264639605285,8
0.016866393949304736,0.004463244727291233,0.00729045670775195,0.07648249497447729,0.841015082955679,0.014564473361726187,0.03511211792577186,0.0009462517654014673,0.0004626360804728184,0.0027968475521237724,4
0.027255599923130275,0.8631746144538216,0.016683346057892057,0.015185978467094423,0.002537265363383217,0.008997482845732634,0.01844814989420065,0.0190299926760286,0.024630851552770457,0.004056718765946019,1
0.029801417899695194,0.04060442056623743,0.004001153987843075,0.07149151628052844,0.0014465151223937137,0.4652651764524203,0.3698834988222737,0.0021439387346273626,0.012146979543354388,0.0032153825906271216,6
0.545326177381536,0.02663371335847808,0.022089771363179654,0.09480892665821498,0.20453334271493717,0.05200484114589714,0.027290178124912596,0.018915993272004387,0.0015938324661820735,0.006803223514657646,0
0.0274884729948838,0.7976060119207591,0.0009801355842326658,0.019979860056672967,0.007626002726423912,0.09154084748001826,0.028703867501204995,0.015034172002883402,0.003872987098108491,0.007167642634811779,1
0.0006004545151349432,0.007150448679983819,0.0017218702513078863,0.00200772526082464,5.8605012821832475e-05,0.008395749893411407,0.0024914188208736057,8.701804739661568e-05,0.007643687610934716,0.9698430219073109,9
0.15482150215223633,0.5012336341051965,0.010065257168279253,0.061850178123063336,0.01037393965989801,0.04692986464293405,0.11827687285433619,0.04821228057272389,0.02108123586829492,0.027155234853037134,1
1.3311156961772358e-07,1.7114210514817168e-07,8.964989874255924e-08,1.5133328407991337e-07,6.583764962683634e-08,0.9995756040154444,0.00036430743701899735,3.436131432410945e-06,5.598290635044248e-05,5.8435246500701946e-08,5
0.22535996680778894,0.33884545298940705,0.03429240534821257,0.1022884820881164,0.08097200358271843,0.07967825011186644,0.05116046190233444,0.04758897786948364,0.004144449288976241,0.035669550011095986,0
0.050054078057435565,0.04336803440852662,0.003143694547997599,0.022925038997816196,0.0043550041217153565,0.009788687367498303,0.007699524477361274,0.0039669500384378565,0.005704623832147274,0.8489943641510638,9
0.0003410017089308361,0.0055512911679139925,0.9495529159011514,0.006265344335119614,7.277156709402846e-05,0.005785034171288892,0.009111955606697697,0.0011259757275256192,0.019526684647573043,0.0026670251667049497,2
0.268766762537296,0.28682714970081524,0.15692655201355996,0.10134726994337277,0.04977754485652685,0.017787231348493672,0.04414796205840853,0.040357998592136,0.0039180939721674595,0.030143434977223847,6
0.17494533884186675,0.15633821406382936,0.02029516348272199,0.18076326541272847,0.10244061868112207,0.030767645771074843,0.03951136292523055,0.0224318928788698,0.0055418093678425775,0.2669646885747136,0
0.13357197577253904,0.04888339299489126,0.007501559919156836,0.5605557835300482,0.003718582927655084,0.02851805037846543,0.20638806806053941,0.0014181074140386413,0.002808343786781535,0.006636135215884926,5
0.22012675610267438,0.4444755657661242,0.029547403438674208,0.08026401162824777,0.034850069921634697,0.04037959983845342,0.04583109569989329,0.03194930384544574,0.015192325595434568,0.05738386816341779,1
8.25533692079087e-06,0.9929012423404909,7.2626978075296016e-06,5.0345121633992185e-05,1.391667953148228e-05,0.006243285075468207,0.0001710202124121616,0.0004073693542453937,0.0001631807994248723,3.412238206462942e-05,1
0.19802112816762807,0.07667092738445637,0.02582054243877126,0.13140137051158998,0.17684603676785632,0.05148743444322369,0.11600276100075944,0.13864884422656185,0.007699088593061396,0.07740186646609183,7
0.17178527657709125,0.10303666125640108,0.03840827584089523,0.4092759030553279,0.004372429487575842,0.030016716272254447,0.041812103709414544,0.16094238891173399,0.012822541130925229,0.027527703758380703,7
0.3643131439737609,0.1537345943845434,0.12406241390715819,0.13603861914140716,0.0659122509315275,0.024674045382153738,0.03565816561540214,0.050876528009468784,0.0043223862684357425,0.0404078523861429,0
0.2560647501033296,0.12474696306488595,0.021468860999912957,0.08970639581151527,0.01537527491151671,0.020392596583020964,0.038793957534215336,0.025452773917914635,0.2592224368012678,0.1487759902724209,8
0.021943192886382083,0.0012710244998903656,0.0019494088458480174,0.00394291208422781,0.0064177319946931875,0.0037911015951462607,0.005470072362495137,0.9544234776998963,0.00041968815776951,0.0003713898736516778,7
0.010318491169734993,0.03442839447557961,0.0013492338086772083,0.020259595402547865,0.0001365195803250966,0.006539419984321583,0.0073132008855598014,0.0016975361812749897,0.8416009795815501,0.0763566289304286,8
0.0035611906015919213,0.9490111449369372,0.00022364530084109289,0.0128514112247834,3.880769947321884e-05,0.01170665469914005,0.013997625980401713,0.0067640818734522904,0.0008668782952593924,0.000978559388120385,1
0.0028233955942398984,0.00434397757083464,0.0003459664885568972,0.002566770980353379,3.191245330635598e-05,0.0009594548223728639,0.0012775070788181631,9.55908588288358e-05,0.9810331075274555,0.0065223166252339265,8
0.09757562741195323,0.01210063066025507,0.0022545342447912193,0.19006643702064513,0.006844487303453239,0.5125608339616862,0.11677348069864246,0.004747544446333775,0.010663981130764038,0.046412443121475605,5
0.0596696142644151,0.0886021357408337,0.01658981204966496,0.34496786182987627,0.009282385102075994,0.0354587956654573,0.40456753752139285,0.010966288247222858,0.018982802386704127,0.010912767192356712,6
0.006213574486864616,0.0067618315996672874,0.8806175083177632,0.004744254180419071,0.00016035312649270993,0.005494115308969175,0.07990685771257512,0.001125372959390226,0.014112785110312357,0.0008633471975458646,2
0.3405101436243161,0.0077418752078431356,0.004120596567169306,0.007472320639331095,0.00242168452733768,0.026916680904328055,0.015754153572589677,0.5923408732574348,0.0021292490022620275,0.0005924226973884531,0
0.38459552168256744,0.05531964194949856,0.02541926430113076,0.17383436535941404,0.024415436199843998,0.08380758584531993,0.22286474162369904,0.019703109697810903,0.002139946373140603,0.007900386967574424,0
0.3091404829096645,0.20945650421354414,0.02211882570506335,0.20703559591642873,0.011553792906850142,0.15236396408626957,0.03991294904634136,0.007262904073461976,0.029576448850652592,0.01157853229172327,3
0.12377811974418923,0.010417653398893419,0.0021153859487889393,0.29300357304648156,0.017340085493329535,0.29466118663205254,0.1587063196855612,0.04233713565122811,0.031224744856259427,0.02641579554321612,7
0.02062513284604191,0.6444277687285898,0.00336793430487417,0.04421664487252879,0.0013451488669512315,0.031721718561848355,0.0173585006875953,0.004426602267451423,0.01732311093911652,0.21518743792500297,1
0.0004647678817297154,0.0005464486889042483,7.35806270569289e-05,0.003169284642849414,4.357279560195948e-06,0.00042041624486819956,0.0031321209214522287,7.049739287882913e-05,0.9903403060483177,0.001778220272382868,8
0.28637619978105516,0.0858501990236068,0.02258772492275669,0.21729423936730738,0.038685800419162114,0.1113726753434326,0.1360896771877757,0.019275000949844207,0.003605821015459602,0.07886266198959949,5
0.046952553227905314,0.020499247597568222,0.013757874840199804,0.09506037008518364,0.7621370225571222,0.04006862280957461,0.010853276108606872,0.004169066593257881,0.002591674211497078,0.003910291969083888,4
0.08650530515589966,0.0670944349041729,0.3401337726787151,0.19216269809295683,0.13344450664922264,0.10482448668113022,0.051170267347648866,0.005553769850662702,0.007386522858893461,0.011724235780697536,2
0.35024090879520975,0.05410452822504286,0.009768786231830555,0.08689877482621952,0.01395865621477594,0.32060129951276123,0.08316056989169789,0.03610248959699315,0.01802411173258168,0.027139874972886963,5
0.003571394151493134,0.1649919375044324,0.003971835929312454,0.7901321746368689,0.00011852757300545836,0.004594783060715048,0.004060774347188757,0.001215066143038025,0.02297717657422593,0.004366330079720062,3
0.3752593181475922,0.003430541814147689,0.00256912648563393,0.007260999758770053,0.004010743894992722,0.013627642522547782,0.01090543379732289,0.5807648430532102,0.0011526208453100171,0.001018729680472546,0
1.2198899445523002e-07,2.3585060383482784e-07,7.964365771353563e-08,1.3212297983925498e-06,8.553154471467022e-08,0.0005671373084194601,4.262368601340766e-05,5.905336335383294e-08,0.00014134438011330374,0.9992469913274916,9
0.00030279065484503296,0.9513753688871032,0.0002680317119601224,0.008184970457008632,0.00020484317190482598,0.01997530414516928,0.01638015740609747,0.00048773056492503575,0.000979874423656652,0.0018409285773294316,1
0.02126593935828078,0.17153208203910789,0.002298558717088185,0.4382322984197303,0.0025503015650036407,0.2712026820150614,0.019991952283312908,0.0027451599692507977,0.0606977830103613,0.009483242622803732,3
0.39009780622290546,0.0813045091145994,0.20760184537598106,0.07992852074448467,0.10225597205796698,0.026478581392980517,0.044511893325451544,0.030352969094504464,0.0034356245360112657,0.034032278135115265,6
0.09857068424236366,0.18018989868457694,0.4889677916613867,0.06470390233676625,0.026599298250882836,0.008376053529144339,0.027360158960019934,0.03672305722305132,0.006140782395615155,0.062368372716192895,2
0.3134743717838368,0.07902525110032559,0.0024274342290684396,0.06526463217503299,0.007706705312165187,0.3892872116408403,0.10886637541898525,0.016280994214230717,0.01215208902343768,0.005514935102077114,0
0.3923272661584062,0.0889105530500276,0.034877345005243914,0.05961973988483233,0.028517490650482313,0.08018601562294908,0.095469783539326,0.0880091066506592,0.013582376543320328,0.11850032289475299,0
0.01155576049500023,0.0030007095540576655,0.012436782080887492,0.007952790984036406,0.9126083102634949,0.03586054085667932,0.008426218002855434,0.006271509807581173,0.0008155616335706245,0.0010718163218370322,4
0.10189043390045337,0.02457413101923251,0.0009234959708268516,0.08489220356535145,0.012462722639575569,0.05005638808260178,0.713776238568844,0.006163237531778067,0.0009161536566792783,0.004344995064656648,6
0.005081808510215873,0.8959230720118281,0.015079098679592586,0.05682848929231616,0.0004446263467277336,0.0068684603596548925,0.007639665524131925,0.0020685091577111203,0.0026805024563205677,0.007385767661500566,1
0.3605852143573601,0.022224628613754953,0.11500684988189404,0.044386039474497936,0.16946620617301325,0.13981717207394717,0.066364851985794,0.07256667572676259,0.0028722255840468694,0.006710136128928852,5
0.14306946564986464,0.17186466886657908,0.03464136144192032,0.32121878735317333,0.00583001193849944,0.19050702538895956,0.10879514182446481,0.010105070116184067,0.01156247479197773,0.0024059926283765947,3
0.012353283827335882,0.1583102830115226,0.7536913563538863,0.02738539062360912,0.0006226415349161793,0.0039839309796764885,0.01952178254811726,0.002531180306943237,0.003997620878813858,0.017602529935179346,2
0.5766798839081676,0.01969960284203995,0.007719320331293755,0.20724678672887345,0.0035202686543741694,0.03673306653409886,0.06621073274652006,0.035295398618956066,0.04507478691043326,0.0018201527252426982,0
0.012465543411334509,0.0003110179031130014,0.0002673774572154603,0.0014609112805914943,0.0013131168768857901,0.0005277465992599851,0.0030659290398543765,0.9803296606598737,0.00020353374400835478,5.516302786356707e-05,3
0.17968795341381466,0.00715095895914413,0.0017586102728763236,0.009345042694237554,0.012182474615369988,0.0770784887971898,0.273669299007753,0.3783208173274072,0.04319170221769655,0.017614652694510787,7
0.23839353827879334,0.13255121996279118,0.3209239307618566,0.058326762692798025,0.09712040052014473,0.014253310727217342,0.022864260763006714,0.05840629422080304,0.0067957966148735355,0.05036448545771538,2
0.0086283227464626,0.005865456710861574,0.0014661970320627063,0.015282726519825528,0.9399210115051554,0.004681433461839466,0.016023493581085405,0.0025552473370378036,0.0008688924484506883,0.004707218657218694,4
0.4540361431147582,0.036854208065442484,0.02678281730959996,0.04726728685207906,0.008160461542719414,0.09962742533235519,0.25465491350331915,0.04462771935941141,0.01438316766629633,0.013605857254019346,6
0.005569580065085475,0.005157076985353906,0.9291607179489598,0.010736851473146635,0.00015028482433670934,0.00923709535989344,0.01043419944203518,0.0006307711040305828,0.003063223537333767,0.0258601992598243,2
0.00272869878716135,0.006697613549640406,0.0007356274978081586,0.005008764854593948,0.0013385314125131569,0.0024822185953163947,0.002505937979443981,0.0034913671529009467,0.00713994044968179,0.9678712997209393,9
