0,1,2,3,4,5,6,7,8,9,Y
0.0011513191516709428,0.0006323842331889738,0.008843767761745832,0.9743441058283767,0.002976693955960928,0.0013156170540654173,0.00372046261432561,0.00021067192273625403,0.00039000905867391964,0.006414968419255649,3
0.002937276554193762,0.952679486120427,0.0006470494653205546,0.011469271691984155,0.0030575961073780493,0.024923713909473462,0.0019872456398232863,0.00038672647708096403,0.0005109524407451393,0.0014006815935737656,1
0.0005221905923000195,0.00411484535771777,3.268024536745446e-05,0.0028406556799303304,0.9923637013772376,3.995435155034797e-05,1.407338373933178e-05,2.7516776379749853e-05,8.128797838972505e-06,3.625343793791854e-05,4
0.00015912898917358912,0.9548800873579519,2.8519788827535467e-05,0.00010777412494793849,0.044527896886077875,6.347601853573398e-05,2.046140948262887e-05,1.5203307492545983e-06,2.0761072730580293e-06,0.0002090589869804052,1
6.192540015111528e-14,0.9999997046517626,1.434959020102367e-08,3.944184062647039e-08,1.2523084057025566e-07,1.138177735519799e-08,2.520344339461831e-08,1.2572530081748146e-08,1.7130340919815637e-08,5.0037812936668555e-08,1
0.8845129189507565,0.0038796183309022124,0.000277986553603939,0.08795451005777966,0.002421653089058296,0.008122862200347684,0.004070836534345762,4.1837679592756594e-05,0.00789535223870858,0.0008224243649045112,5
5.550781916525281e-10,1.2424643401585546e-09,2.9301129987494296e-10,5.198361434772547e-10,0.999988708521922,1.4730071321039244e-07,7.1411685017356484e-06,1.126006047726209e-08,5.7880536289994605e-08,3.931257876514951e-06,4
0.9986541151573083,0.0005802584730936849,5.499565035821726e-05,1.832673504070807e-05,0.00042690679632108986,3.09523228313098e-05,1.0250980072370908e-05,1.703888923869978e-07,4.194556974753581e-05,0.0001820779263341902,0
0.02021324572019662,0.3670168268080658,0.0876085318141018,0.09065091104687586,0.16147838690026714,0.017243003346910757,0.03653053857841466,0.018731219969370206,0.014868633601136747,0.1856587022146603,1
5.756684543849214e-05,0.9871957345540139,3.1209054834757766e-05,0.00011068042511119073,0.012364034135914505,0.0001541131039941472,6.761159129824124e-06,3.318638995948595e-06,2.9574005159122254e-06,7.362468205145726e-05,1
0.01191753220452317,0.016179617582624727,0.44142630530968574,0.012642103401778113,0.07651958015444218,0.41424439256930856,0.01723596174891802,0.0019452162330899424,0.0018662320130946723,0.006023058782535149,5
0.989380912351731,9.452098610863944e-06,2.0945386069176326e-05,0.0007674521386156403,0.009691742002096666,6.840252399701106e-06,7.868356178394421e-06,7.539135657521612e-07,1.6116984510607457e-05,9.791651622160644e-05,0
0.003187929159582865,0.0009045260808959857,0.9327449953038119,0.0004469453595758993,0.021403815367354938,0.0006355389179192467,0.005181118177560822,0.0002983933918937146,0.0005739127621779308,0.03462282547922684,2
0.015786438045428217,0.006703494545518179,0.7917174114693077,0.008412022730738298,0.016268805497079656,0.10404674257331573,0.017498564822765114,0.026252842104438342,0.008304034599334445,0.005009643612075117,2
0.001225604195114647,0.0007356144038398717,0.03684955778494146,0.009746479395522143,0.016378986318216736,0.001551483072930877,0.5614030706962211,0.0008098077070052566,0.10317369413846061,0.26812570228774774,6
0.002148165062393848,0.0004286102920034222,0.005776575237209028,0.007754564643808939,0.9624145725704565,0.00034864208315780077,0.0014583696578893278,0.0002491852049069998,0.0001919719756929255,0.019229343272480718,4
0.03320742277878692,0.0050440096958220175,0.00337821504292638,0.8397168002631081,0.10682148238160438,0.002374505937872551,0.00369402785308314,0.00127718155350597,0.0017039949900091525,0.002782359503280897,3
0.00017415990939847575,0.002553695527327284,0.0013246754568236518,0.00044123825681102605,0.991774553416588,2.044969114550419e-05,0.00018731298428765455,6.0831212575678855e-05,0.0005553021146152841,0.002907781430427453,4
9.890177377238967e-09,2.8252491683627402e-08,9.167210308980537e-09,1.574252515629329e-08,0.9999611197772138,1.4781650471908418e-07,3.62058402968326e-08,8.896875024145394e-08,7.93754503493112e-08,3.8464803835950164e-05,4
3.683127753405926e-06,3.2156617282434615e-06,2.6917162523775023e-06,0.9985844888891282,0.0011536404094688248,2.4307461937741266e-05,5.629751518506039e-05,3.388781875560806e-06,6.58405535371522e-05,0.00010244588313355787,3
0.0015592559528686096,0.982558624798681,1.295213331985065e-05,0.0001323878760512779,0.015502356816183761,0.00012111110811553619,1.208158597355746e-05,4.532737490810243e-06,3.870571870507281e-06,9.282641944516034e-05,1
0.0019851070354813738,0.0009531706838101112,0.40014910238379325,0.0033962385064000393,0.01579034059010183,0.004961675920914168,0.2332655848561658,0.002114544431986122,0.11653874470980168,0.2208454908815454,9
6.278965787510919e-08,1.8943457668612186e-07,4.522742282186676e-08,1.0174119489472127e-07,0.9998900135904333,3.9174442440244165e-06,2.1442267452702456e-07,2.0341256573435227e-07,6.669148706195341e-08,0.0001051852457429415,4
1.2870837540535607e-14,0.9999997190864164,3.351006816123728e-08,4.5609825134278336e-08,1.0000155557266854e-07,1.495423891820835e-08,1.7238012641927316e-08,1.111601807042038e-08,2.0454860462571798e-08,3.8028991699426104e-08,1
0.9324451340235094,0.04328741880130166,0.0008678990010900366,0.0010615373133499512,0.019838387627928528,0.0018064126846552302,9.779315236102593e-05,0.0001830473656504081,0.00012492021366419947,0.00028744981648976594,0
0.5522975688672684,0.14137959399387662,0.006537986403369927,0.008262591002610445,0.06817321426400645,0.19861212305368925,0.005285688974464138,0.015448965052105917,0.001813099076993364,0.0021891693116152557,0
0.013040748230771655,0.015799349154131014,0.0024295149503877718,0.03271443243541883,0.029283395637816328,0.8902166591482026,0.0035600422343972362,0.0065950742225088345,0.0012482737812591332,0.005112510205105889,5
0.004895871515456369,0.0028027188705266786,0.9180793560741468,0.0053338350840194115,0.00575215644738588,0.010912532610181989,0.012740766141665277,0.020509855809727334,0.008025171392086507,0.010947736054803888,2
0.00033822386596310197,6.687523849874838e-05,2.339832495101802e-05,1.1662931720721759e-05,0.2665085028287317,0.7329626995021611,1.0872428887208509e-05,9.447795251670078e-06,3.5460588674651763e-06,6.477102496755208e-05,5
0.0009513395703093814,0.007095930085946465,0.013334158853293377,0.008942827442337589,0.004335993092075084,0.007082824094221724,0.00973185467712221,0.9275955334501951,0.0062235906750969785,0.014705948059401876,7
0.0006809911236625301,0.016189996915464782,0.00020247261106627224,0.9368620150332518,0.04490220810210512,6.510282412176648e-05,7.928203541009149e-05,1.8608205002971357e-05,1.8645015521532304e-05,0.0009806781343927344,3
0.19432669098647645,0.05382903109281684,0.021754095769563005,0.1904045365844042,0.0597629745847643,0.030870903427281236,0.011659181857713502,0.4071567494179393,0.009726233239990794,0.020509603039050497,7
0.026606348399005574,0.03496324105645559,0.004675017178233993,0.8736049230180005,0.02742180258743588,0.01273706223348346,0.00213385969526086,0.0037637034373175786,0.0016126973220297986,0.0124813450727764,3
0.0005713368711093581,0.02401453811475367,0.8849498244979828,0.0008555974658177757,0.07988025301620474,0.0007462540815469937,0.00129849911648016,0.0011821827533334476,0.00012034438305944396,0.006381169699711593,2
0.03305655208498437,0.10133904943204723,0.02508252924910467,0.024703774366986488,0.024988751473454963,0.031630076406155436,0.024007779995909577,0.059167372069190885,0.6558148013232005,0.020209313598966033,8
0.3626742698815364,0.3163481946793795,0.004781277274402327,0.10271625910407421,0.00675869691575651,0.16295029280198178,0.0051171884595654325,0.02858994800363551,0.00697433527845637,0.0030895376012118263,1
0.04224241260231167,0.0647417868107057,0.002434999186390821,0.015239164288731616,0.005004209019420029,0.856975200256321,0.002249289423173812,0.004151599279216716,0.005060770465935348,0.0019005686677929243,5
0.001281249566629502,0.0012503039495300441,2.0122317781516533e-05,0.000545613716786479,0.9968444058073611,4.148997014302121e-05,3.4832961131179984e-06,8.264392972153854e-07,1.1829187160766235e-06,1.1322017641656776e-05,4
0.00268052266872112,0.809910381566136,0.00014371936243096767,0.0010450443749511064,0.18448298784924586,0.00016178140374899927,0.0012399325056385835,2.094832012379154e-05,6.516588020750866e-05,0.0002495160687962022,1
1.0344660440361957e-08,1.486497265677044e-08,3.347204344265079e-09,6.970762165997129e-09,0.9999758613275831,1.528738451580532e-07,1.1143866946655463e-06,2.516136370776405e-07,1.3512830440235178e-07,2.24491423360737e-05,4
0.9942056164977086,9.131749740079022e-06,0.00044100077487271416,0.0001169673083194415,0.0051956620117041,4.408696542779862e-06,3.5291923959589998e-06,1.3576184289895268e-06,1.6060072656695143e-06,2.0720143021766303e-05,0
0.025530666695603815,0.0009565756659266979,0.9599758803714047,0.00034288373950523726,0.00650530960232097,0.0016569687857120252,0.0025759289280100363,0.0004034128157596323,0.0008332791970191821,0.0012190941987378647,2
0.7265691620882253,0.0007939417976711378,0.0007211692909684438,0.26553828305565913,0.0031678346836735895,0.0002673149275804784,0.002450352898016645,3.697213201302287e-05,0.0002947852231994682,0.0001601839029925857,0
0.13227061850237837,0.03691228417196673,0.20093895566875933,0.0917753534417463,0.018468997659641537,0.09301757448864607,0.06725408907479824,0.08086594283165,0.2538640739076412,0.024632110252772513,6
0.8119108606509049,0.0021968513388045726,0.0022857028404019417,0.02204761316332462,0.1251949228052418,0.013375751825561114,0.016387232822465226,0.0005998823886784522,0.0008143505344963826,0.00518683163012074,0
1.9056399215758507e-14,8.271777060586796e-14,2.964067086573083e-14,2.2801045731249572e-14,0.9999998859680086,1.1112195295398361e-08,1.6667399571177237e-08,1.2500495594463808e-08,1.4285863505250336e-08,5.9465883228456966e-08,4
0.00014402773140554867,9.143993942603873e-05,0.009696132150719966,0.9209032034093717,0.05619913649472184,7.219284704055653e-05,0.0005086657602802575,0.00013163753384720677,5.63803807574263e-05,0.01219718375242953,3
8.497811560834896e-06,2.223910961126076e-06,0.9903044700286289,3.333745810037123e-06,8.981110570488022e-05,3.3950363615641872e-06,0.0012734716542153776,1.825317940226067e-06,1.970665863825931e-06,0.008311000722953056,2
0.00553030400743074,0.0006227494961506363,4.959032263265717e-05,0.9649248129652693,0.026929432791715266,0.0014424011065794474,9.597968993177872e-05,8.497989514703335e-05,0.0001341205101021344,0.00018562921504085286,3
0.9747818165015453,0.00468804809209964,0.0009975349140097553,0.0043034968278451635,0.005928982367699083,0.0040982477933531524,0.0014238109391282352,0.0018977965540550533,0.0010049612057976152,0.0008753048044670639,0
0.07939082743641383,0.0019485490902986886,1.018043259244428e-05,0.002198421932073058,0.9163775402320706,1.0134146839799644e-05,3.1070829621373495e-06,9.236512681374218e-06,2.1563347513125894e-06,4.9846799316436014e-05,0
0.002445215283793944,0.003040802814956737,0.00019549613448862057,0.9388422974541806,0.05306576894686743,4.859207467528638e-05,0.0006553275169060838,1.9365691854078447e-05,6.003183345583173e-05,0.0016271022488215361,3
0.9098978321882218,0.04100772103777903,0.00026396792803724936,0.007049496176539801,0.034100436024440545,0.006440173252422208,0.0003534174853004975,0.0001252122727429646,0.00024492074821849945,0.0005168228862974999,0
0.9994197652464736,3.950737744006911e-05,1.4832107955483624e-07,3.6618063131915702e-06,0.0005237203689793197,2.545381051442978e-06,2.582311155026816e-06,4.0772975359789175e-08,1.204311690510008e-07,7.90798336308479e-06,0
4.011075853497543e-05,0.0008322769730460826,9.882699301461887e-06,3.914073830351411e-05,0.998966954223783,1.93114754695595e-06,3.5074694911097973e-06,1.902747023154918e-07,5.699022722162271e-06,0.00010030669256820569,4
0.000621337313640269,0.9698161927371005,8.557152316790095e-05,0.01807831765728127,0.010222579793717183,0.00020336880083628693,6.858581332130228e-05,2.190960133406369e-05,1.3427623834818498e-05,0.0008687091357662989,1
0.9952024947548042,0.0005421477772934809,2.1170948121423375e-05,0.0006943707047775365,0.0030261816651748173,0.0002054581735734132,3.5292911380875635e-05,4.1658450277000005e-05,2.2737504612929054e-05,0.00020848710998456866,0
0.9777181587150576,0.009843202096964867,0.0003135275964764734,0.00806514078663949,0.0033859814506243184,0.00015156764062669302,5.1145941408676565e-05,4.631708686810704e-05,2.4053909794565573e-05,0.0004009047755393404,0
0.0031322924861748236,0.003990755172914441,0.5421827333681289,0.004868573704728464,0.05639388270666,0.004693987910256869,0.0924258722836463,0.008813622208457982,0.007160678883262304,0.27633760127576984,2
0.07025561128771035,0.005896043004552175,0.00041809954311138807,0.001678685664078797,0.9140288010377852,0.005216165727782659,0.0005549340765556002,0.000527346898893409,0.0007184073055757531,0.0007059054539548025,4
0.00045822479933520346,0.0003542133705684833,0.9859057435931912,0.00019279339942472465,0.008028936938201583,0.00025680269841719673,0.0036607865616767334,0.00018435639599355887,0.00012488143155653234,0.0008332608116342988,2
0.10782495894290271,0.8842122546697915,0.00022832609420150052,0.0007128695970351694,0.003658818592405231,0.0010348237823195583,0.0001429830564319736,6.552605092308631e-05,0.0002892918911603883,0.0018301473228288614,1
0.0035308443781905626,0.0007999441673964232,0.06847829867424822,0.8605872515294968,0.050324546532406596,0.007510135765060321,0.0030020870592112297,0.000476756987443447,0.000897062610319462,0.00439307229622661,3
0.014897365929951535,0.7205982255618315,0.0004591543722960484,0.0002526813118069714,0.2597905966868925,0.0033834759638959747,8.673608372810353e-05,7.984579965450097e-05,8.466239004042442e-05,0.00036725589990252265,4
2.4916392446611783e-14,0.9999997113925333,2.0623825436069257e-08,5.0087355634904406e-08,1.0011311188581444e-07,1.3140075672137385e-08,1.469550057685295e-08,1.1111150267099153e-08,3.187786055715892e-08,4.695856157900021e-08,1
0.0029987199358918297,0.005476387461162014,0.019844055215444783,0.7684811189087626,0.09284334492684351,0.0035016645063174743,0.019092035658294402,0.0010377768870661397,0.01266570918683467,0.07405918731338289,3
0.004108233297168553,0.0005807579474361596,0.32910512690931754,0.002709462226599466,0.04357095281822122,0.003137589994252009,0.042840720255372965,0.006708639829639726,0.0020223631643521063,0.5652161535576401,9
3.879622753080895e-10,2.5070163472752626e-10,0.9999732160324439,1.8414031455618544e-08,1.1064540149208648e-05,2.6861855865747918e-08,4.4665986602624475e-08,1.1517222489854514e-08,1.814597239493525e-08,1.5599183674212427e-05,2
0.015819386838413142,0.3206076481381189,0.2556809890566874,0.022508592377692028,0.13983513854288834,0.1432605334154696,0.021150837260953,0.02622704682106023,0.04315745538388749,0.011752372164829928,5
1.3285671689917774e-07,0.9993589764831126,1.3147231528083894e-07,2.5461374699232007e-07,0.0006404132241806558,2.5910628635135877e-08,1.9634759759226242e-08,1.3524008226292161e-08,1.1814823584746876e-08,2.0465707337379214e-08,1
2.9826000422533264e-06,2.508203225485102e-06,1.0686847723586567e-06,0.9985157991961678,0.0014663012132118624,1.7837156974268515e-06,8.003777911413519e-07,1.4554756106606295e-07,3.18116078688979e-07,8.29234545188545e-06,3
1.233129995979703e-14,8.12749879100554e-14,2.935850506018937e-14,4.379877665770477e-14,0.9999999078471242,1.2499796042804217e-08,1.708519930676065e-08,1.1156965463082885e-08,2.083660880768069e-08,3.0574139417517066e-08,4
0.9990355876719572,0.00010503390198989958,3.497297546313795e-07,1.1721770360246609e-05,0.0007523430738275741,8.308451469667465e-05,2.531022153856368e-06,8.70035070721552e-07,5.226188867502857e-07,7.955661302152067e-06,0
0.36828007765684,0.19345646175836687,0.01195785633703334,0.3590218680688226,0.01595019381528128,0.021602200828874533,0.01318707643977488,0.011871818626689267,0.0024797986498609984,0.0021926478184562037,3
0.10198548962160392,0.05807625522748083,0.05337097841632692,0.146322823284955,0.012014976998758212,0.38874382758192116,0.029210011765457733,0.14967082680799523,0.05289866123412168,0.007706149061380142,3
0.33332847016232814,0.04168958470071293,0.0008079676788671609,0.007689340632073706,0.6098324086349269,0.003486799276680595,0.001460758226675774,0.00021140083169278492,0.0003859571159303223,0.0011073127401118122,0
0.9593012011142091,0.027745176576437065,0.00039079342314051694,0.0028106250252547824,0.004227246574534839,0.00425796833214442,0.00027840237109863194,0.0002120324414142073,0.0005195168226761105,0.0002570373190905121,0
0.9974626083745973,0.00011543711021683047,7.401853611137801e-05,3.493278431514908e-05,0.001822554430411142,7.217348336820423e-05,0.00019982106653058747,1.2165092014693899e-05,5.438546070780399e-05,0.00015190366172711535,0
0.0029183606448972403,0.010314672759860507,0.005136314041496447,0.005764800628604979,0.9250385840665866,0.0033460818131132554,0.00372598463845918,0.006188801906835687,0.00022437750940774854,0.03734202199073903,4
0.8129415023264103,0.028811487283084147,0.015358101160689386,0.05005855280037598,0.03366652865686193,0.03743671795019976,0.004421035500099805,0.0023852419153650123,0.009826184062634257,0.0050946483442797655,0
0.00023001954715586858,0.0007938045008924351,0.00015021683837930185,0.0005607966191082192,0.008325030760710577,0.989040289596251,0.00014051427216601092,0.00015212925936022167,9.963723694589061e-05,0.000507561369030405,5
0.026163756695209345,0.051247061686105676,0.08743143817421493,0.15423636597087798,0.02454330074007927,0.575126216259452,0.024935373170605617,0.02269805099223093,0.027430462244446948,0.006187974066777414,5
0.00413378826307552,0.014032201201696232,0.023910892030215812,0.008421523148221444,0.03446065880655524,0.005150792911407549,0.030067104209994096,0.7870608476361766,0.056910724394843015,0.03585146739781447,7
0.006827479398059203,0.987464798770508,0.0004140802312926513,0.0007602316613819187,0.0006379330550029803,0.00013520868447354327,0.00218050748713587,5.938050040329995e-05,0.0001013278872235401,0.00141905232451885,1
0.9992994866397181,1.956227820633042e-07,1.2051260066490606e-07,2.99755840996877e-07,0.0006992246512166828,4.151283792688719e-07,2.424084663017728e-08,1.4010727488221317e-08,3.292498207480827e-08,1.8651290601384817e-07,0
0.9769922903857208,0.0004892556526528773,3.445763130308591e-05,0.01538181673394639,0.0065090022906834286,0.0002717488899673041,0.00010209599387109765,3.610616165665166e-05,7.849892521991409e-05,0.00010472733497871702,0
0.8876914265690551,0.006986904367371022,0.0009455413525367458,0.03433973793619515,0.054506338706524965,0.005392314280133216,0.0013620632912252225,0.002680581510210588,0.004747983102435789,0.0013471088843123344,0
0.009497501963773176,0.00668723952915554,0.9129379396131969,0.03387618358761595,0.012616089423457077,0.009304339332115656,0.0057463607903999875,0.0011767264334912378,0.0008891151864671259,0.007268504140327858,2
0.19050229848292807,0.09295636071401052,0.01655058714985144,0.09067829483236586,0.01671846702310662,0.4010902693557495,0.02455068309627445,0.0787938039679229,0.08319541917717012,0.004963816200620055,6
2.6955850972007267e-08,4.690873676446386e-08,2.2238419935772617e-08,1.8473978481267802e-08,0.9999388106700573,2.8658335114701084e-08,1.4879921274322952e-06,1.9917209547177635e-08,2.2405979101225684e-08,5.951577930520845e-05,4
1.0561248982656608e-08,2.555297771034521e-08,1.236945160176795e-08,1.93563950361463e-08,0.9998734859761335,2.1853673074148266e-07,4.010192029430133e-05,4.904780535584497e-08,2.0552346375469005e-08,8.605612661647455e-05,4
0.000633157420904741,0.0004490679234713471,3.255847022138026e-05,0.9747409431868826,0.02351125277808891,2.126932689377214e-05,2.7870356735904074e-05,1.0068892695010633e-05,1.3313835219896928e-05,0.0005604978088863624,3
0.003970638470407925,0.0012559538854128487,0.00033956845867969443,0.9735939350651154,0.018168962324358905,0.0011377929113184251,0.0005381699334269831,0.0002617088340808065,0.00027718095241987905,0.00045608916477843093,3
0.0013526849059104405,0.004259553249849783,0.001615820034877077,0.006980054562648365,0.04975470905400902,0.0014546207625442849,0.05138862147544446,0.2850696874598286,0.02987959421670843,0.5682446542781798,7
0.9985933806020656,0.0007150319038839408,1.4868268180495584e-05,0.0003375949725661424,0.0001772603080199274,9.018213436876856e-05,1.136998208443022e-05,1.3636248846516646e-06,2.6599992401644088e-05,3.234821154474919e-05,0
3.936681476069258e-06,0.9975886954738834,1.410304112449024e-06,4.758802368955899e-06,0.0015913794859795556,0.0007107069048637229,3.213769323097949e-06,2.80937434094902e-06,2.183338881875733e-06,9.090586476985571e-05,1
0.33447987530350093,0.08540495581056926,0.027883784933307374,0.13547717398720308,0.25341378165953765,0.07184036756965763,0.042577339749703465,0.004087088327722023,0.04136318704364573,0.003472445615152924,4
0.9900453620061558,0.002916363900473725,6.396012794450232e-06,0.00028747288780294497,0.006421772055344739,0.00010155906365773122,0.00013196941851482944,9.083625954819497e-07,4.1798987387540825e-05,4.6397305272676085e-05,0
0.007452960832859748,0.0010071707912460114,0.8028596824058767,0.007124864262440503,0.028598929738114374,0.0016538433292588406,0.03694250118778552,0.00443011572639524,0.01500194587705141,0.0949279858489712,2
0.9866128704680162,0.0007474652397529959,0.00024574495121296164,0.0017019789923565097,0.007006314551299174,0.00042846287390781905,0.0002497543139948463,8.871202281001324e-05,0.0018657129143125509,0.00105298367233707,0
7.37104809964903e-06,5.9621562446325e-06,0.9785115557336206,5.888374154163399e-06,8.124088379523571e-05,1.0990462452001826e-06,0.0013104428156744054,1.4180024532246295e-05,0.0001649778005470326,0.019897282117086326,2
0.003067349055104534,0.002040692108117265,5.123859677099548e-05,0.0009648406686279811,0.9935522637225831,9.011207285541814e-05,1.1355221427350352e-05,9.373221931647752e-06,3.3662083865008644e-05,0.00017911324871640544,4
0.00058970941743785,0.019134539316509238,9.508559061224377e-05,0.6621337612400364,0.31756824100025505,0.00010462098767584485,0.00012092751503976906,3.73399255261949e-05,4.523134115194835e-05,0.0001705436657550728,3
0.9999007316521349,3.253522669442648e-07,2.7235625756801693e-08,1.3827813487762677e-07,6.414013447139763e-05,5.150153434064898e-06,8.999294237609592e-06,2.9027154796771917e-07,1.1955845967808948e-06,1.900204355010812e-05,0
4.4310907188855997e-10,0.999977953941241,1.4591990008139402e-08,2.9134353363512575e-08,1.8370592449443027e-06,1.2767242129498904e-08,4.502761195923116e-08,1.1350799582322425e-08,1.7027788388827957e-08,2.0078656619560475e-05,1
0.01240209035891695,0.012402061064399875,0.005551821433375434,0.9348323685949036,0.012561176878031913,0.007705819773992503,0.0025718551117535995,0.003430617263196162,0.005595408742337009,0.0029467807790927226,3
2.437474285363466e-09,0.9998987848965919,2.1173303966688694e-08,4.883822456422392e-08,8.708872111697599e-05,4.839056317387993e-08,7.450005899090027e-08,2.8281860205614363e-08,3.39261049865137e-08,1.3868834701121632e-05,1
0.0661550388279838,0.070624529869171,0.007792771738851199,0.34829077023525945,0.007519991609205604,0.45087859970673433,0.03194885151212495,0.002986321749939299,0.011194697818427449,0.002608426932302737,5
0.05598874717097244,0.09153064141877781,0.14644326868999127,0.10107929542030124,0.02106700847771328,0.3829371534487434,0.0362628494599122,0.09134749658413754,0.06660661165096794,0.006736927678483392,3
0.16560310770543105,0.19271546001174633,0.05529252430607441,0.11435706853779376,0.11303389653569218,0.08666879070913856,0.06948302555633423,0.11978211985275347,0.07017869624416939,0.012885310540866437,1
1.5104958916137702e-08,0.9998261594700187,3.1292071384660345e-08,7.592546773097125e-08,0.00013083427613922068,2.84054336661723e-08,1.9602605580252095e-08,1.4291280307934527e-08,2.5418326940399878e-08,4.27962136977442e-05,1
0.0025740672812601317,0.9948704307088028,0.00013893722157213868,0.0002068720552417442,0.0010427820345236631,0.00042613596597733676,3.056709567647034e-05,4.406131835982137e-05,5.59269085597024e-05,0.0006102194100261368,1
0.016469560825192728,0.023123184532769254,0.0003915567700846576,0.0010067265184642011,0.03947562510992396,0.9154221554930163,0.0007003821959278398,0.00209272264974087,0.0009274391174577057,0.00039064678742237397,5
0.36590235104878965,0.0002649457624488572,1.647119261735247e-05,0.6320685788064381,0.0008570650971191652,0.00021084843213523832,2.1801690646047222e-05,8.57151551132642e-06,0.0005430159629541798,0.00010635049133984482,0
0.9990352331759909,0.00044740384382516585,4.758828275654267e-06,1.4924335465071223e-06,0.0004464119094484111,3.9573593405837044e-05,1.9464212570027203e-06,1.1300486538822741e-06,4.0827172171848395e-06,1.7967028379278124e-05,0
0.9647584204393824,0.001512866071460543,0.023762202530280937,0.0010430343969194686,0.004801814380751324,0.0010320220161515248,0.0004337134904522537,0.00011785275568716594,0.00022971556329523765,0.0023083583556187228,0
0.004608078681632974,0.0024836938035401133,0.9334136421210077,0.0037964098979909947,0.011503864255005715,0.00445320422291597,0.014613435977569597,0.003268412425714548,0.0045040536166939754,0.01735520499792825,2
3.7719542234059974e-06,0.001691838070338701,1.545905745700368e-06,5.701836594595527e-05,0.9981876292207617,1.973039290985709e-06,2.355907971416653e-05,1.581979913676002e-07,7.921352150459471e-07,3.171403077292292e-05,4
0.38032450761566283,0.011400923367907214,0.0006894592409137962,0.5801016618307059,0.010055974642252294,0.013194639085488732,0.0008417015125075773,0.0007927672804096656,0.0013399153130606225,0.0012584501110920014,0
0.013818166604929046,0.0038518155313976487,8.199807471169946e-05,0.00014574948176539253,0.9813033560329963,0.000611477423759769,3.9065256101674135e-05,6.663486012186505e-05,3.966862882271063e-05,4.206810539377512e-05,4
2.7376043969982847e-11,0.9999954984535747,1.90842472167277e-08,2.594148211510201e-08,1.7569381595605257e-07,1.922999681407852e-08,1.716109720817355e-08,1.1188494964533762e-08,1.2548280015091494e-08,4.2206716345945285e-06,1
0.06918251167543729,0.037967810573175005,0.05802575087985594,0.10431476269361632,0.010954361829495229,0.44894296748329976,0.03035603363344221,0.16326617251284672,0.07010072679663575,0.006888901922195814,2
0.8432130088324312,0.003057719937695778,0.00026841842384963283,0.00832564874701035,0.14123756614184763,0.0003264320219465913,0.0027981404188456124,0.00013544763436161932,0.00029565219410804526,0.0003419656479035966,0
7.925909502879801e-07,7.072554312502457e-07,0.9987943879655137,5.925098720648617e-07,8.631039369836818e-07,4.995467662998305e-07,3.914129386404225e-06,1.4465242388541375e-06,1.1136499065380252e-06,0.0011956827239978651,2
0.003924083876189884,0.0003210236142552131,0.0011866263968767375,0.9713931097414142,0.016360571950454126,0.001915140694478824,0.002770624445470408,0.0012251142765951296,0.00030255600268509677,0.0006011490015801314,3
7.460511374991038e-10,1.4745759689418432e-09,3.8808073034369914e-10,7.734004238157295e-10,0.999990968438458,5.324311279816467e-06,2.702377259236763e-07,1.2086611198390683e-08,2.0458042647236715e-08,3.4010857743078755e-06,4
0.0016362441271291286,0.001627794826571305,0.3921107732428144,0.0031718956888191997,0.002372180813933538,0.009647499320788594,0.5563964180365512,0.0012422779509617661,0.021224082421419734,0.010570833571011061,6
0.003597752747559061,0.9789605338277227,0.00020410401039051577,0.0006515496476713046,0.011475827818071811,0.0044090299471205106,0.0002497371870011223,4.751049561797971e-05,0.00019281629040529324,0.00021113802843972593,1
0.0016680783999387437,0.9632123910731294,2.479849650412681e-05,0.0004938271657423467,0.03415937904857829,5.471552881368233e-05,1.985489964609455e-05,1.5242355423281384e-06,3.50778450806425e-06,0.0003619233675967377,1
0.9926542487066005,0.0011886792971000444,0.00010457276766714817,0.0008138888151180858,0.002714232441255114,0.0017045393620020298,0.00015063197698549747,9.441711352648868e-05,0.0003619457303705281,0.00021284378937442113,0
0.32259785240447186,0.13513095142876683,0.0008749925126563217,0.4835984732445657,0.005103767830735995,0.04341052603251913,0.002639539675500252,0.001215352350951649,0.0014196921482174376,0.004008852371615037,0
0.0022864706358200117,0.8463162449590256,0.018199119105633887,0.0021884588014301457,0.026577822586388817,0.01900748051051757,0.0022601572472795285,0.06931168736847475,0.009990932970305389,0.0038616258151247633,1
2.5442672881728704e-06,0.998238590570737,8.576575824840048e-07,2.0394221809825573e-06,0.0016391648542230484,1.9058983084658072e-05,8.027592018940706e-07,3.0692460541522595e-07,1.307439017033695e-07,9.650381719449775e-05,1
0.01229678124753724,2.4597857427446194e-05,1.741637652829004e-05,2.0889038057475248e-05,0.9871896357060174,4.0306401717273874e-07,6.1075865413188435e-06,4.1503185092745096e-07,6.655544377815488e-08,0.0004436875365788621,0
0.0032247617383797424,0.009597628417058508,0.0031849348337953795,0.0009872603529733435,0.00326706945480003,0.0010874798399875191,0.5549545504172032,0.0006338195117103959,0.4144887458127092,0.008573749621382432,6
0.00022119853487096583,0.000994929336776495,6.536996108744171e-06,0.00021137029511543565,0.0011855375794029225,0.9971328272916448,0.00012486175168686158,2.1325773245057045e-05,1.884610643456518e-05,8.256633471399903e-05,5
0.043579316113291564,0.2770895138740376,0.04209682391395505,0.023847771766040943,0.07714233122782047,0.45368034981911665,0.048130394291361386,0.0014479315949266582,0.024364802352314766,0.008620765047135237,1
6.366464633240272e-09,0.999834785357575,2.5282033063695877e-08,5.266126595452174e-08,0.0001381138037951281,1.5068259213426107e-08,1.7514308695536733e-08,1.1506407027858137e-08,1.2944800269825648e-08,2.6959495090940508e-05,1
0.0001756669782169403,0.00037170151877861875,0.9915112410723254,7.353134942430297e-05,0.0032464403431331956,0.00044935526307492087,0.0009279819595168696,1.859773450136096e-05,0.0001378510676041041,0.0030876327134243048,2
0.034084108426899726,0.04801276387137019,0.005463735434970751,0.12826961108050244,0.6715299345039246,0.07850948643368043,0.01852215949943154,0.004907246424914546,0.00300868900211909,0.0076922653221865025,4
0.8883343735343039,0.03573064199580359,0.000988953229178293,0.029445787448978685,0.0053388713338538485,0.03364861861477666,0.0014490232606869857,0.0014808988234819753,0.0020853839091058163,0.0014974478498306788,0
0.0018838325178637742,0.0007205244031563439,0.9607454609969417,0.0032485647403726835,0.0011485617057835468,0.0010359534153061532,0.004607289510912429,0.00018146160694290658,0.006094095009876807,0.020334256092843415,2
0.0027820059250181143,0.0032454850580994556,0.000202897730302776,0.0008978159944231704,0.009842009329741852,0.9822435158442722,0.00014830998178109095,0.0002451423606359573,0.00012781436967589644,0.0002650034060497901,5
0.004496803764566754,0.005308016345670056,0.5311783148835333,0.03026028424420937,0.04190903949851486,0.004527184523028752,0.3699105699057538,0.001844092240597518,0.0018511199141868914,0.008714574679938853,2
0.0018784622172747483,0.00029221560929638875,0.003246288864656523,0.0011697263456649225,0.1085341675698932,0.0001829677783889858,0.00746836111043338,0.00021688564180983642,0.02478771925892497,0.8522232056036564,9
0.0021038699472617586,0.004119026281879902,0.9345081153250326,0.006604375556586338,0.006627229017691231,0.010332800320419288,0.014478587175076914,0.01313356060658076,0.0014870489103640222,0.0066053868591073005,2
0.7035592679281489,0.019361172209607494,0.0019390479644823652,0.03697049737414287,0.22973784529747535,0.002557621842535422,0.0008702628005023223,0.0007321157304590178,0.0004929337373676047,0.0037792351152784037,0
1.0138010290062715e-08,1.384962748902032e-08,7.295546563419444e-09,3.656545862717132e-08,0.9999041346603939,1.732047702849989e-08,6.065211749600023e-08,1.1219169482005894e-07,1.6745752169926092e-08,9.559058092154286e-05,4
0.06050765317787101,0.02260199894369225,0.1777061612926998,0.05563022620340034,0.03236005365646071,0.04698481724534447,0.36905069621453374,0.09954642156329747,0.05551311075447742,0.08009886094822263,6
0.9899559996690149,0.00013919581183463958,9.164679271243187e-05,0.001278193346229286,0.007954374255377783,9.81887226596341e-05,9.444505985107956e-05,7.052169994945634e-06,1.764159865066285e-05,0.0003632625736740477,0
2.7881308708214686e-07,5.416096075809717e-07,2.4121937174067386e-07,2.2034550185866088e-07,0.9998224048965506,2.8686137972434262e-05,2.9900073186495973e-07,3.7639666129406995e-07,2.402504984113874e-07,0.00014671133001720838,4
0.0009421214730584371,0.5562453181624468,0.008438995858928627,0.0021088135993892186,0.37997041444399965,0.001335856594715555,0.003540405604349867,0.00047005999745156844,0.00042105755451380105,0.04652695671114632,1
0.00399127227057556,0.004734163087303366,0.0005397827404388625,0.96760441266544,0.015591654052711366,0.0017889236753958714,0.0024702820448772784,0.0002479127719593211,0.001510448987514822,0.0015211477037848809,3
0.0012606322841268022,0.0010208876448729249,0.000513748739184925,0.05613691835013772,0.9233880687943946,0.009547840911828946,0.0008652189930782869,0.002245550771148151,7.955473328053845e-05,0.004941578777946927,4
0.46052066611809384,0.02594179244405053,0.012659780281542125,0.09124715539259168,0.3744373975756045,0.011624773354066524,0.007989527299929867,0.007182434859192287,0.003003960143398699,0.005392512531529891,4
0.0010163947597370898,0.005961346708854707,0.006112557401692517,0.8941907078185539,0.007124380021394331,0.07630095227817292,0.006167006259296513,0.00025024537435008165,0.0018086404965767466,0.0010677688813710234,3
0.013716988408718954,0.0016662190348465818,0.4707522516934978,0.29450459414159724,0.060663324175526896,0.005567513024314196,0.06098331868157721,0.06075760382334107,0.0031792678727667746,0.028208919143813283,3
0.9775526736903793,0.004647026094192582,0.0002732075100880572,0.0006532330913803035,0.01347369381065312,0.0028623615730825743,0.00017133717958916044,7.592445586884604e-05,5.431097560236789e-05,0.0002362316191636274,0
0.0060427593937687,0.0013243876967569007,0.2112965787167876,0.5499225281209765,0.0027142416157305282,0.01277371571037385,0.16987029108931015,0.011525736343566365,0.003939001783181449,0.030590759529547828,3
0.9568624839418928,0.005796175962825601,0.0005223411815434147,0.0294894638595908,0.0025576629152890495,0.0009433085591396667,0.0004164315317308139,5.785694283520521e-05,0.0006375975691219342,0.0027166775360305566,0
0.05942170879913445,0.8916115875643253,0.0008119363705138337,0.04008864745430802,0.0041750193342840304,0.0014257192903397672,0.0007924259475775393,0.00039676733311813916,0.0004752234070123704,0.0008009644993857627,1
0.0011426419845141653,0.9880309172738384,0.0008476415177189597,0.0009183443189194145,0.00127384834745993,0.0009851398183030379,0.0003163397703637515,0.00011342193421936509,0.0007054748139054743,0.0056662302207579444,1
0.0018770405698176566,0.0286735118831349,0.00030370936195376887,0.004619986604206882,0.9609985968735217,0.00030968025997592675,0.0007604391070880025,0.0002462646392653994,4.4256026931855825e-05,0.002166514674103744,1
0.061889636635280416,0.013423494722884103,0.037129983070775585,0.8487987948965949,0.01354668870582626,0.012567977305215262,0.0040003331706120965,0.004524187361491439,0.0020682352861006096,0.0020506688452185916,4
0.0021636170837083437,0.00047728594746873805,0.6301486687561474,0.0018790200922820222,0.3537950299396508,0.00020419921243204213,0.00732439254723686,2.0612938770723913e-05,0.0001007834164255866,0.0038863900658767728,2
0.011691434312947403,0.005594344938266233,0.9153228082091907,0.0033834696784596887,0.007129514377576027,0.007352158546508416,0.016071502048243584,0.013970059189233244,0.0071012948112243665,0.012383413888350583,2
0.03222613567516881,0.005330109186455678,0.49573262095119125,0.1996415497267613,0.016980308494007498,0.16447696254610308,0.027469090506872643,0.028095530235877103,0.02436788887080147,0.00567980380676167,3
0.0012219092945823572,0.9778674923286474,0.0001067063180266529,0.0021607657056963653,0.013866646822178492,0.003180332609136721,0.00022457412823154274,0.00018314230837114393,0.0002896955132764299,0.0008987349718528909,1
0.0009067393065966077,0.9977035322097336,3.898263202871495e-05,0.00015778815048547785,0.00014240864292815216,0.00020000022142499052,1.8772676600672095e-05,9.197308873182002e-05,0.00043073129400560123,0.0003090717774647268,1
0.007304579431029451,0.26502354036273196,0.08399214180381882,0.017766459425943813,0.053936171722040564,0.008715178961236416,0.051924911367123815,0.3054238489614271,0.040429859255996764,0.16548330870865113,7
0.01886044493716598,0.021486859520831944,0.0008631537669801444,0.008770765746345156,0.1755090464509669,0.7438268194906158,0.00595023746298959,0.00047630983822411453,0.006135632839843416,0.0181207299460371,5
0.034220149881383936,0.0018962823174032938,0.21215629000224606,0.7304442255472009,0.008210762789284653,0.0012915886206910927,0.004568294583833603,0.00030926247690977906,0.0002637300549764417,0.006639413726070338,1
0.00018245552865921673,0.0001919116402103197,0.000761532977304949,0.000383297259511009,0.003036878185358435,0.0006383955388084088,0.0015935976433179395,0.9857330417944847,0.0018360687271161023,0.00564282070522872,7
0.00019385508664995858,0.85983856366581,4.6696292593055736e-05,0.0007406229381870296,0.1390683732891208,1.564396569941743e-05,1.2334692908450695e-05,1.0880407508248108e-06,2.4035778909556465e-06,8.041845038958237e-05,1
0.9936314147429596,0.0005960499260726312,0.0008974362218754067,0.0004602993188012424,0.0036236109298843043,0.0003536613513932405,9.287848984528754e-05,5.120423099883849e-05,4.547685735901658e-05,0.0002479679308103848,0
0.9982065712088943,0.0005921563321395839,2.834898875223848e-05,3.978164185741233e-05,0.000899354769177805,0.00012308041790845585,8.038747551154698e-05,4.1908385956403214e-06,1.2342955775522972e-05,1.3785371387153641e-05,0
0.7758597761853183,0.013976838154433471,0.001596600950413589,0.06197725038396991,0.008981563128892428,0.11174052169978149,0.004643875626847468,0.012501760922125418,0.007480599290402703,0.0012412136578150812,0
0.998754534151996,9.02130751151028e-06,1.506184764374449e-06,0.0001967949169438789,0.0008551631230948087,7.841878929047938e-05,1.996703961424422e-05,2.271173679261013e-06,3.944649587070106e-05,4.28768172350597e-05,0
4.1435397109495263e-14,8.481712904399692e-14,1.8910513015253437e-14,2.8188083866278814e-14,0.9999999086783267,1.6705255058991456e-08,1.338432008740772e-08,1.1111121321225704e-08,1.4578446102449834e-08,3.5542357501155824e-08,4
0.006430779264672185,0.003612290507932095,0.0055950966361891395,0.7065306869203298,0.03149495260645645,0.0037170002403705783,0.006699577469082633,0.0029651059146978995,0.2214231385608985,0.011531371879370082,3
0.01317116111750135,0.008505817624936062,0.0004943591716100916,0.003120612031542215,0.05290653793826383,0.9196877581258927,0.0005894532308703169,0.00038339442338936156,0.0004081196258560051,0.0007327867101386788,5
0.003955228049016699,0.9786819985030142,2.7291027825667365e-05,0.0006892716082046285,0.01646246692594182,9.84727515581558e-05,1.3989011712039442e-05,1.4349491748085681e-05,1.0258265976686648e-05,4.667436500214541e-05,1
3.032302645924234e-11,8.233140993786422e-11,2.0282794780696976e-11,4.5448943535334244e-11,0.9999989630726782,9.657453381664035e-07,2.9425630349237696e-08,1.1298354420094709e-08,1.264380917007977e-08,1.7635803726415872e-08,4
0.07504848115054832,0.062206424815106964,0.014137764677365418,0.04735366570223698,0.6273691636679168,0.14410563172205032,0.016797632448385662,0.0028559252759897255,0.002744379925870364,0.007380930614529615,4
