0,1,2,3,4,5,6,7,8,9,Y
0.1333268045020867,0.16179000603261276,0.04714070764242915,0.33690668455654027,0.14088101059544153,0.03641317269099347,0.01000549751909042,0.044921106178973776,0.05765996910416837,0.03095504117766314,0
0.08774671801409357,0.32356422536200546,0.044952842326077436,0.05208779039802329,0.09095056497235275,0.14073579539453013,0.029295156981617332,0.033190130769422684,0.0628970977081537,0.13457967807372345,1
0.3512070776489232,0.023314565116714193,0.10693692779113168,0.08997748317504135,0.09439838735875729,0.01894120477293305,0.024665155847941045,0.263451332608552,0.016327302644421966,0.01078056303558424,7
0.14042911027092145,0.06299452568137157,0.0969246117198896,0.07027402361041246,0.26993383331567317,0.06732102455000445,0.022213681409234742,0.14355627040769492,0.06892551524838393,0.05742740378641363,4
0.0008927457246006547,0.0032881329512510944,0.0005161644869776234,1.2720155751846406e-05,1.7245552325743845e-05,0.005682428553832996,0.9885257405157423,0.0006483676208587682,0.00011436047571927419,0.00030209396293939404,6
4.02338914964516e-06,0.001093657453948097,1.0226162583631806e-05,1.6131807393828133e-06,1.986026449413921e-06,0.00019748522416533697,0.9921966392970237,0.004841165385766907,0.0014649796618454813,0.000188224218328704,6
0.18911646930311019,0.07129246658979048,0.3407066142926803,0.013935417482938174,0.08970089463398083,0.03636031449374402,0.05404061842217633,0.16069167448621438,0.02869633221137343,0.015459198083991887,2
0.07952437780704394,0.03352559755116695,0.024827914443994462,0.02151160993391873,0.6531342652787778,0.03404855464525817,0.019707260975165845,0.05126945059241037,0.06620344212575058,0.0162475266465132,4
0.06768395866804977,0.045948849658787316,0.03732241575728172,0.531757400044603,0.18266905706652906,0.021583837238145973,0.00832628257097467,0.04000842432354271,0.04343500971705674,0.021264764955029672,3
0.0030461831327416823,0.004327715509929086,0.9372083906862851,6.328345962278006e-05,0.00019994278769981113,0.005818353953761595,0.04268969233398133,0.0059607577689376875,0.0005406558259815673,0.0001450245410594049,2
0.07868588341723982,0.156359989007311,0.15599364198028148,0.0356501047652512,0.09615850825558671,0.0620742196384982,0.018924550830990605,0.24396858722942594,0.1258772643756498,0.0263072504997658,7
0.3935918180430691,0.09974062045837655,0.06298935473195691,0.023066446523628336,0.02430973659219375,0.02822588082296286,0.1450887552184518,0.04937119125110382,0.029628263042051687,0.143987933316205,0
0.1107806196744374,0.08654572064853022,0.027223440430101553,0.5329857505920469,0.08101897953318603,0.029165616459024685,0.011009633549208276,0.040031259928557696,0.05427551712581357,0.02696346205909378,3
0.011279251563512479,0.17396755414688722,0.09378255342059484,0.00874962929529896,0.01535888828994854,0.07435720625258938,0.15975141624034023,0.20120884016379867,0.13159409238214106,0.12995056824488838,9
0.07092883619656279,0.21195179703813413,0.09878694942863922,0.0336555768194611,0.08388591562022342,0.08815679647340707,0.053467287211951306,0.14831636064326037,0.05107197089190249,0.15977850967645824,8
0.012665788551467537,0.04302935623479847,0.1322068455875718,0.029943311626136487,0.037470355992570065,0.04202137666167713,0.0696258769196195,0.012619425577415803,0.07101292013404102,0.5494047427147022,9
0.05574961149099677,0.11881412848679743,0.2806416942044944,0.11662148763827049,0.1148556645404659,0.09173794283832085,0.02163176163376564,0.09600438041664823,0.07695860534997129,0.026984723400269355,2
0.44169746663282744,0.16700518006711176,0.08184258460089862,0.06535615254069026,0.04603601032495383,0.0618405186746654,0.02759616663455339,0.05192071204927459,0.04609515607028226,0.010610052404742328,0
0.12707000629629825,0.17752794296288454,0.07211778771857666,0.282755635343988,0.1556323574077378,0.03910330281398189,0.009861651199422799,0.041778202863971756,0.06561125760784163,0.028541855785296475,2
9.239263750575322e-05,0.00020299585924259797,7.201506598300855e-05,1.9647604178509535e-06,7.91168332559753e-06,0.00030185913183987867,0.04012227170760437,0.00037373296315896387,0.00041349299539862925,0.9584113631955237,9
0.10161699217045819,0.0035707850617032206,0.0056158071172216235,0.013410504288743439,0.002346152102989686,0.030441953345220055,0.24215095322704056,0.5565249295523835,0.009894732308869792,0.034427190825370095,7
0.1477732983231865,0.059970424853239175,0.11088262951838733,0.1057525309995621,0.16485261811011875,0.12962400008544603,0.05841949259515973,0.10435744522485947,0.06392253469295331,0.05444502559708755,6
0.1303336941900971,0.19887096193841614,0.16001235761857396,0.10230036164234768,0.11473246187110468,0.030671509160626116,0.034476001171097365,0.08871650145919292,0.08439201460439096,0.05549413634415295,9
0.76936602215932,0.0022768884999862966,0.11652942414069184,0.017898429650590207,0.024446877776912693,0.003568452808120994,0.007030113173585815,0.055505080311322015,0.0028635109940671932,0.0005152004854032395,0
0.21489364106190742,0.2123031538477083,0.048037961819256396,0.2602519907333874,0.08845156490674783,0.040026786557964836,0.01005914668346296,0.06750466932778132,0.039151505012446665,0.019319580049336742,2
0.1405992584606961,0.09842747954286134,0.050020275888648755,0.2526732533339297,0.23880484002012983,0.047311489165703775,0.011890099663268915,0.037926889957516946,0.06749520858882264,0.05485120537842232,4
0.01137516883885123,0.09882066634839248,0.015013000799902915,0.003125548936319889,0.01009011359078925,0.16107396854001868,0.09373613377016593,0.07452414739869191,0.07104454341688549,0.46119670835998283,1
0.0011051032359674904,0.013908278393489232,0.004104271211147586,0.0001092660383995575,0.0002639563015374255,0.0038764929264246887,0.8733227997651618,0.007401224641309498,0.004197576338759088,0.09171103114780399,6
0.2023046962251996,0.14633720914424872,0.09197352145424555,0.18700828549572474,0.034555404534884135,0.06999504090198805,0.03142947947916944,0.08595335236879484,0.05251501112043231,0.09792799927531244,3
0.018781334274252957,0.1162054755784001,0.01896196084835639,0.009751888074847212,0.043040629166287,0.03583464278883304,0.09038877867924164,0.018844671306563802,0.07708095866077615,0.5711096606224416,9
0.017130959977505383,0.015673704910148255,0.00982404809320219,0.0009466010418767653,0.001157906316530351,0.03477885203455616,0.7758127912472793,0.08008906346685912,0.021574311714155702,0.04301176119788689,7
0.11823553798644607,0.3269693926674003,0.03834890153099116,0.12397140605648421,0.11255545500239236,0.11855405911998643,0.024702107458146154,0.031931919003385455,0.047647487410511134,0.05708373376425655,1
0.10705510519010236,0.10711770806442425,0.14789619072960708,0.031566568687396074,0.023306975168328338,0.5115140793433571,0.02466451179393431,0.014153130807449517,0.013788214906361528,0.018937515309038973,2
0.01671305412512374,0.002583903044337641,0.0016986657794596826,0.0007204624973379703,0.001589130604366357,0.47868660450422895,0.4706641252950204,0.003980463603981275,0.004715046510456839,0.018648544035687255,5
0.004567584002602756,0.12520933549159988,0.00414152263641432,0.0037864392502926355,0.0014444591835266684,0.05497395705187428,0.7172606097828527,0.0477177384016321,0.011680496822182296,0.029217857377022264,6
0.005558010315134349,0.05494450417854022,0.689483964878768,0.0037922582773066197,0.00593739293158523,0.01804977126035394,0.09718196507221877,0.09723659643816128,0.008642569045246311,0.01917296760268471,2
0.2113706748327493,0.13961142062929166,0.04672743941301083,0.3350802614934943,0.11829874354765998,0.019597902613169235,0.01121861582107371,0.04767851967917571,0.040845506948667745,0.02957091502170778,0
0.007353860831302383,0.003357413735782497,0.9283242280442997,0.0011608488537216569,0.003738382875299884,0.007014479927444084,0.037323815189986474,0.006271482883064797,0.0027763559659503474,0.0026791316931487744,2
0.16516146200236667,0.19354487639314155,0.01885050436737868,0.039971931578063856,0.010682048578431098,0.21879345653216564,0.1690269471290526,0.07486330415627612,0.05648244014423527,0.05262302911888888,7
0.05213093316488991,0.6832233722799129,0.024206787607627275,0.07902779716673525,0.04096200950536359,0.023639948599657568,0.012101491631578276,0.030118132357423392,0.033641496014556245,0.020948031672255372,1
0.01779327552414182,0.2771292777709068,0.011764960269957143,0.005966040355465297,0.02127834671558725,0.4674265203124931,0.056097922999251856,0.013270016933342238,0.05572842641135103,0.07354521270750386,5
0.033707692270147124,0.05613043367605929,0.02028616193717964,0.012798265435741661,0.04271498942301025,0.12736551361559562,0.24655246612444578,0.1647734409779616,0.24644103147155902,0.04923000506830036,7
0.0720460087001644,0.10606049404169263,0.031228844173544264,0.015897004028099078,0.03461240015568723,0.2313317061465361,0.25479402016606195,0.11878426900116307,0.0938193019226034,0.041425951664448527,6
0.054216666822837836,0.3371195939282398,0.07911432231529547,0.012861075266499438,0.05816134340617564,0.05209739191536616,0.03357106790354476,0.07227218235748037,0.1976354671702063,0.10295088891435399,6
0.0017468580886110968,0.004372682669732551,0.001167180407322888,0.0006771062446026608,0.00022268185861520177,0.0010089680879957642,0.06254016919424688,0.9254762599814783,0.0012789378840443284,0.001509155583350015,7
0.02178979580164579,0.0006830319605950761,0.7812061223576353,0.0007398721555890439,0.0011037626621891695,0.0900249031392317,0.06276695666110588,0.03025868018817771,0.009598655684884674,0.0018282193889460376,2
0.6410959410557217,0.02071321574195061,0.004334595815542702,0.09569830629624271,0.011745902719516328,0.002524043025498961,0.010265896297550666,0.18367299382125282,0.00713881373882882,0.022810291487894315,0
0.047349677385111595,0.025850445949665464,0.7601223005266771,0.0070059210083101755,0.015345258658982792,0.06770641494652958,0.03801961623385346,0.008219761523489785,0.010874866258751932,0.019505737508628513,2
0.01580612046536575,0.30391994917465187,0.015704310472433602,0.0026496685722310976,0.049942585032052,0.08999880102799271,0.2457631617579457,0.10166438136337742,0.10782339763521022,0.06672762449873969,7
0.010399345425977131,0.05237953932966802,0.1640242318636667,0.021748601602394134,0.030899939823870175,0.009744682665689456,0.13232649764457674,0.02663980738957139,0.03885315286659909,0.5129842013879873,9
0.12203516162099508,0.0612655003724374,0.04910009033997211,0.2693403211991456,0.023426513982986223,0.02014015520614763,0.14878559278433268,0.19453402436508765,0.06834622355652903,0.04302641657236664,0
0.024771350365101592,0.02883815140231897,0.7196750064030655,0.013276437803008386,0.02733086153013164,0.02070796491130121,0.057216944308937236,0.06383294558922692,0.03218536242001471,0.012164975266893086,2
0.14216816651940542,0.13581645629505038,0.06524461189453215,0.3214366254968153,0.15736216638704575,0.035130728284038945,0.010629807581107051,0.04772473706030002,0.05381211376047521,0.03067458672122965,0
0.04164006830892417,0.0025937664043177598,0.0006314780644330911,0.0004216039179188104,0.0005604328023864346,0.001831583332890998,0.8420366684395132,0.08709567852464431,0.014274687597400745,0.008914032607570031,6
0.03714395646827083,0.035687213840883254,0.01825658390190708,0.004596249359678044,0.11073057503314528,0.05555188313033349,0.0986955545787298,0.5406889282798207,0.06899197303248464,0.029657082374746797,4
0.2468181463973418,0.11378365518095399,0.03117342662463969,0.05698671494034283,0.04703956007302087,0.012664903721218085,0.010201362807259584,0.37702687540098767,0.07960731767709722,0.02469803717713776,7
0.018422488035901442,0.001569477102015146,0.0016814852510224649,0.0009404043517377672,0.001186525145884934,0.004855723685810438,0.0800811346235706,0.0027684121531294484,0.0025597337359388453,0.885934615914989,9
0.16533504280304945,0.15436589290534225,0.06191462006235619,0.17767521708738715,0.1802321595410624,0.07100325146364499,0.01245794635699422,0.07121375845565905,0.0772999298848458,0.028502181439658682,5
0.009863526653086332,0.14636673546291884,0.0029700314048832686,0.012032910881236595,0.009680678041549887,0.043820088111025314,0.12911890449960758,0.010114286902870383,0.04103393292646169,0.5949989051163599,9
0.1931049714223715,0.18021422082610886,0.018283077957442696,0.010410895706533618,0.04501478271309839,0.024617526223015423,0.1362794910376693,0.21006430448926383,0.10478744257273279,0.0772232870517634,1
0.4071781667309764,0.3135692586929207,0.09549704625383133,0.008481186951268283,0.022018099005849157,0.043881113014050184,0.019631856413165612,0.017647989998541728,0.043951242253305274,0.028144040686091307,0
0.011657872671334012,0.0009921416560099436,0.0009278401237013498,0.00018174394083477461,0.0003570159001833295,0.013108456928021213,0.9396435602632756,0.00116882651674638,0.028480088996257664,0.0034824530036357423,6
0.6277802886123884,0.0047163734484671534,0.02119728676469705,0.13941650146661858,0.004193432279351821,0.002914597809119666,0.006769084117132847,0.18475306661545907,0.005906088954808902,0.0023532799319568544,7
0.26849980447719385,0.08362804814401299,0.020785014839624392,0.05653922858222512,0.012989411351084373,0.00655990705082648,0.053287723444999484,0.455915921538156,0.024327491570709726,0.017467449001167677,7
0.2510771355408286,0.0627486917485369,0.46241959551593265,0.02453522468051388,0.024291275064341207,0.028578048891713753,0.01910212971485798,0.0671295221101187,0.01128610590950074,0.04883227082365554,2
0.01003642631780674,0.5089652336842081,0.11392426329923667,0.0024723168811780724,0.0027812696120988966,0.019491492361204774,0.19060296124342896,0.03681517389797991,0.10233467056808018,0.012576192134777795,1
0.03408357866237652,0.035260196327546206,0.022238357057211538,0.06175122098159674,0.03534136206229047,0.053368152502584275,0.12034913850437277,0.047998934120903954,0.086990038406355,0.5026190213747623,1
0.11815612800757688,0.1240367870387822,0.04170433161517838,0.4029703821094738,0.15029489736697058,0.030830119403894636,0.009217854084318492,0.036871937308887305,0.0538033320528872,0.032114231012030515,0
0.1322860283981112,0.10666823127142179,0.050452024970209605,0.33936489722228697,0.1870704701364316,0.031093612861056625,0.009435493186753,0.06096679845274163,0.05225895230536279,0.03040349119562514,7
0.2865692200956704,0.06496637684684442,0.11373872475756051,0.1285565197524977,0.13706490566785987,0.06375661850533387,0.03189042220223793,0.10870035987242958,0.03666663191312001,0.02809022038644602,7
0.0037747657734690863,0.0038948623840945958,0.8356614346977078,0.0005440779673710025,0.00028461008230578266,0.011582642827451093,0.04892465230214785,0.09116288722366153,0.0024153286398672313,0.0017547381019241848,2
0.07087773786541944,0.036091037393263754,0.0259044156865169,0.0008735662055233439,0.008357061320526587,0.10570352672156139,0.6782873659058264,0.04484906252863764,0.026112882346834995,0.0029433440258895822,0
0.12786612528961094,0.0024286682641436377,0.014820449347960127,0.11370466918719797,0.0020021315133145062,0.027716824682876003,0.6426815602510697,0.05184740829253618,0.013524525883265253,0.0034076372880259597,3
0.02124642684452579,0.03159162582363698,0.020295817103254708,0.007172408527814251,0.09180083356037091,0.06814255719015377,0.20286179567894955,0.09522199116343867,0.43364422053321905,0.028022323574636087,8
0.19612625989878613,0.19403671985564167,0.06630556117612317,0.18274946407215664,0.18037618483528498,0.04208383559211375,0.010621832945120847,0.05128264445819823,0.047342565254904996,0.029074931911669957,2
0.2341272629695024,0.022410794185464634,0.01835084838326001,0.42663778618433806,0.011718148527988009,0.012495696237809356,0.03259116820024768,0.19245743567686363,0.0166185709873516,0.0325922886471747,3
0.05649529899836235,0.04630188785236479,0.021085821184291132,0.0029090199455904502,0.0013846620001048324,0.03264428773134084,0.18501400582087013,0.6413969648631288,0.010704650449492535,0.002063401154454257,7
0.09036841537807531,0.14755519654778562,0.1211502169130947,0.28679724643084914,0.16930677642535158,0.06083928399960589,0.015134913002314634,0.032507695294838115,0.04564477563724975,0.03069548037083514,8
0.008089494330994247,0.12058707413109788,0.009441826792584505,0.00846369837631222,0.02650818957869287,0.02891352507306887,0.2529176415783398,0.12823741669839275,0.2101756751974327,0.20666545824308444,6
0.12438532180174192,0.14553166513626936,0.029891175025795053,0.044181697628139255,0.13858085104491807,0.1817166124656148,0.046644279102006,0.057142025890755364,0.1916765812933807,0.040249790611379496,8
0.12417002085817383,0.20398135848719312,0.17056338681993197,0.19210874946598255,0.1310206213554919,0.06051287854437611,0.013954068201520084,0.039226791824913385,0.04005120651122392,0.0244109179311932,7
0.1710834480401812,0.13272013265336477,0.3639620371018197,0.017906920342160085,0.023170644966512624,0.05409829687111618,0.026506560953424088,0.04859037357981349,0.012740807706719447,0.1492207777848886,5
0.05394733338752802,0.14434879819260849,0.038446491307025814,0.07438641024070619,0.25340218786424157,0.1862664016593181,0.035075663962020574,0.05649154748034525,0.05699723596952467,0.10063792993668161,1
0.004143443347518273,0.01691269041442417,0.19136546754428324,0.002594622250539364,0.004398078554611814,0.1199153043147039,0.6132270842776698,0.007241745475204387,0.026900339451546004,0.013301224369499185,2
0.012419998278244053,0.051120714321127296,0.011654367109859082,0.031122374057663087,0.017862370732631267,0.2192877135759991,0.16674147854190216,0.04413206033888356,0.08566552212526728,0.35999340091842286,9
0.7132287314903968,0.01096817825926616,0.011012254483475363,0.0013731320661182118,0.0028291338387438202,0.04494340737563471,0.039781294874566143,0.04118022648308256,0.008718566228246833,0.12596507490046935,0
0.0007344336372225432,1.1236354346246294e-07,8.110225874451977e-07,0.9983791012970559,9.702375088616483e-08,2.6730210139824664e-07,1.051531303741515e-05,0.0008738276216541263,1.9341812637338554e-07,6.410009203006462e-07,3
0.2891622199462026,0.11401988911985513,0.0680799431357708,0.23401454897891616,0.11005387846470002,0.028932631395879906,0.009694997557917143,0.06851218240905584,0.05329018644993757,0.02423952254176488,1
0.10905227133128476,0.17467012045583644,0.026618749038390923,0.01807286963374431,0.19591402027963883,0.09456652642929657,0.17850289274086814,0.0690758882037881,0.04941060211043548,0.08411605977671625,6
0.030453716043980714,0.1255115925355425,0.018766034630531097,0.06261200700533111,0.2285573087874092,0.10156846816898682,0.07260441881177565,0.08166258961851824,0.18907986815074793,0.08918399624717668,4
0.28187991280733604,0.03712913775818935,0.033153372910730734,0.0027335156721472018,0.005087293370034378,0.017170144985514346,0.26370707910123914,0.3433251304507468,0.004799392305297117,0.011015020638764913,0
0.03282680971006489,0.2018026772914805,0.06379461232729754,0.13231684307845412,0.1346375951160294,0.0716928627983768,0.033200280783718596,0.07777830757905602,0.17488683622757858,0.07706317508794379,1
0.12384716826830194,0.27862337010877286,0.07959941720665167,0.11694884720469853,0.07551844470571834,0.07733660778918425,0.028269677536209733,0.06496199953287435,0.11723186169630297,0.037662605951285594,1
0.05234627829447256,0.03402395314091616,0.029738687595972167,0.35206714481312257,0.40402710018402216,0.019721686363038022,0.008681116003049204,0.038466848259431745,0.040943633942340574,0.01998355140363488,4
0.11242342026857312,0.06775339274607903,0.04415158852881103,0.5533724158225636,0.03838697676336164,0.024759126537453813,0.010579324351072263,0.04876578013049142,0.058151145719525454,0.04165682913206853,3
0.0003472480760555431,0.0015303557872266458,0.0015435669324192383,0.0001847266677789153,4.810696421256556e-05,0.001439498650562599,0.008726078069062228,0.9846884249123027,0.0011111200794464207,0.0003808738609331107,7
0.01715928412522045,0.18234563758212785,0.036701461358999314,0.03164791426990047,0.02709207300618042,0.02626189061962365,0.030556679901577823,0.007575162721742235,0.21455585200269228,0.4261040444119357,9
0.004321020974702229,0.0260016759940613,0.002734933955169999,0.005361796602001382,0.005280871833250955,0.08638092411513482,0.5726677434290146,0.017760265378626284,0.2615490962947117,0.01794167142332706,6
0.0020962021693966717,0.017971364294547255,0.8713651373187442,0.0005961399888942207,0.0031741995040963675,0.005892193497977903,0.04436455229100177,0.02602629787642415,0.020779637805415165,0.007734275253501891,2
0.09375356471753941,0.20046022214545345,0.05809885677852741,0.052505778726367,0.1751346738056042,0.0766017760034828,0.0815583207020728,0.055381612813983724,0.06773880754985208,0.13876638675711697,6
0.15098871977098036,0.20403529966673306,0.04514749542537625,0.2656071238211087,0.15321639430988915,0.04192367216666308,0.009410516506877667,0.044108766094325805,0.0591943746756502,0.026367637562396035,1
0.21113076036021228,0.15143191800416408,0.05787723211076907,0.27711884657635316,0.1230518185086015,0.04448743275978865,0.009900196459538543,0.04338777344113011,0.050588288532142776,0.031025733247299448,0
0.05232981672726554,0.03402270295290104,0.029734466846341606,0.3518814715708895,0.4041872620532374,0.019737193027881742,0.008685446036529418,0.038465004991941255,0.04096715988063177,0.019989475912380518,4
0.026504371110940526,0.1640070032264182,0.015750338093881027,0.002913533460467481,0.018602744436256494,0.012136358133592883,0.2990377338519853,0.27713245366729855,0.10582612981883033,0.07808933420032947,6
0.05789007507203997,0.011922650685361535,0.041991437460817856,0.19941498373383,0.09745043487523222,0.14911563086140037,0.17881293898710185,0.1816289437934407,0.0656007757253613,0.016172128805413664,3
0.0944346896563588,0.1183133121765119,0.050310967399686886,0.22540303572353446,0.08078032219545327,0.07910626303438618,0.026260704281542258,0.13081533521642444,0.15287810258762585,0.04169726772847604,3
0.06959107485244627,0.048512119230468505,0.03644928763036674,0.5396420209496964,0.170224997885349,0.021766004014904337,0.008312231060567112,0.04082772375305824,0.04342055858784234,0.021253982035300562,3
0.22337183441368075,0.08771636274906236,0.04951579023876992,0.07959011526822284,0.06250670268413343,0.10718474867820406,0.061731170283472615,0.06938459568111933,0.15025093596177685,0.10874774404155747,5
0.992472681520863,1.4476369604343616e-05,0.005585082876469306,3.732028446633886e-06,2.6022883321337004e-06,7.155262157717188e-06,0.0016338403197553948,0.00025428699700546825,3.6921749437776574e-06,2.245016242218061e-05,0
0.08847775133244798,0.3194234932813652,0.012102979424595612,0.10852518679168166,0.06343782782668113,0.06536094699104095,0.054669381374093134,0.10855115409024692,0.08087872773994909,0.09857255114789819,6
0.11933263873123931,0.22236067916708105,0.11557685679743379,0.05629319579220207,0.13187416717627554,0.1872443754274073,0.02602267773019209,0.037634117247922275,0.05861377873661512,0.045047513193631546,5
0.11185134387463336,0.026032386771431496,0.006529281172988902,0.015298573480283495,0.15195877514609069,0.11082003981735779,0.04738764781637367,0.03931423017548433,0.18466383656516663,0.30614388518018976,4
0.0627169206252177,0.3012130815157758,0.0799482388812402,0.057342515202092194,0.14531044361594408,0.10350363462084096,0.025426071817888623,0.05918020326108915,0.10236317537365082,0.0629957150862604,1
0.13850341608222216,0.21345310825137903,0.11194860530802171,0.10385485945522457,0.15927647920185634,0.06383060538027585,0.01571568572362085,0.058786542375389716,0.11585186865101828,0.018778829570991633,8
0.9841604931300862,0.000721863032969981,0.0004766366177035682,7.74523492524315e-05,0.0002689322414102761,0.0010389373182101472,0.012042131907737758,0.0008483198005610305,0.00028141331387189305,8.382028819660492e-05,0
0.9999997157633655,1.4193377243867783e-08,3.3333342716371956e-08,1.3470221637013585e-08,1.1111133711598464e-08,2.5002195021768684e-08,9.999905999798036e-08,5.031832771345991e-08,1.6672058443122078e-08,2.013691797664493e-08,0
0.03499275423873617,0.052194706021306596,0.1058736994911834,0.03585116981947596,0.22441257366463166,0.023833327578366998,0.030580767924022857,0.02753158757283536,0.4015743377295184,0.06315507595992238,8
0.10096677153562125,0.2705617674904212,0.03155538981844644,0.041131977606018846,0.09091379839363721,0.035242977612772106,0.08014645181150329,0.06376311277306984,0.20682402019615384,0.07889373276235662,1
0.06768395866804977,0.045948849658787316,0.03732241575728172,0.531757400044603,0.18266905706652906,0.021583837238145973,0.00832628257097467,0.04000842432354271,0.04343500971705674,0.021264764955029672,3
0.12415885426604933,0.08540687643971633,0.041918562230826954,0.10332762442303531,0.4126203466214899,0.0626940496719983,0.02287880621999548,0.03172374504076524,0.0820743909126677,0.033196744173454903,4
0.009856387367447692,0.2840399053576828,0.09567531371874247,0.0023284708158570274,0.013774908316269882,0.017081487921523125,0.49043533520077665,0.04780908374936981,0.02127040526775645,0.017728702284573957,1
0.3870494930501763,0.09167293605008091,0.04761144181090807,0.23128063893331183,0.0545702865890164,0.06637955526695816,0.01434700919476867,0.06043526645004116,0.027142353972080466,0.019511018682658365,0
0.09939278294394514,0.24154622534948086,0.06698258778265545,0.19960495689424415,0.12284506302504719,0.05467574793895178,0.022267632440688096,0.06402131013819007,0.1022470453724482,0.026416648114349496,2
0.016431605421557374,0.07670808450832246,0.17480107737562045,0.005020725616931374,0.027827418002048167,0.4828441556650829,0.09832322799657546,0.05405260110153518,0.03734924956240262,0.02664185474992363,9
0.18773774309564056,0.12316645828325287,0.06990519464836432,0.31265938492690915,0.08488313117744126,0.056207539348103804,0.013068203437253071,0.060210671523501375,0.06681426624893469,0.02534740731059909,0
0.05483151028526464,0.046087056729601276,0.06911694361734994,0.030017138961421847,0.04255080722954463,0.064335743590298,0.055902510299925094,0.27623961950516146,0.34292820552997855,0.017990464251454417,8
0.0018179820100902152,0.009427596085222902,0.8606139696607918,0.0018749540402606469,0.002531602957853319,0.024681649510617187,0.08129139552653275,0.012190636608698267,0.0036855562559555237,0.001884657343977728,2
0.020248764380997097,0.150452034048479,0.011732343344226306,0.0189761374779876,0.042183665740248684,0.16054824248456334,0.10573910446322482,0.0541392619725437,0.09776194218899441,0.3382185038987357,9
0.006007847377361643,0.044187637121984424,0.00407489026869865,0.0026514221571614185,0.002537186334878489,0.0054113553668943175,0.8889769724055702,0.023809776483986737,0.01114810107647602,0.011194811406988149,6
0.10382640023450444,0.0871200635577066,0.15336746143156846,0.019837914615756333,0.02184296220340329,0.26667438628896883,0.13304969528183716,0.08735932676272548,0.04786452378494421,0.07905726583858548,2
0.1614004420921213,0.34015347536248935,0.06234925928861751,0.11593827774726938,0.04713214082072136,0.04300789059852286,0.026068384672485095,0.061111276341596375,0.12574120969473637,0.01709764338144068,1
0.22724029294903722,0.052169190934973804,0.024310675774056965,0.02684571542552491,0.006927405354672257,0.281965950015215,0.2282758223451151,0.04688090940613628,0.07410985982430073,0.031274177970967855,5
0.07058419222994093,0.0037008123010191327,0.001801745477582729,0.0002990899936290069,0.00034352409602608454,0.0012677001596160214,0.0734903344254188,0.8458474005716226,0.0009269642019311388,0.0017382365432134328,7
0.026343346291149528,0.10639624037271846,0.41572912718623506,0.09628145617231634,0.00997518668522828,0.04347910448178745,0.14603995812247972,0.055350018616553406,0.013233935491913089,0.08717162657961885,2
0.17677378509000374,0.2701016543145984,0.069628278865524,0.19208716904293988,0.08420901755647399,0.05779353541294629,0.015521951831720688,0.05974703219177964,0.0458087169091644,0.028328858784849153,7
0.0203279775728284,0.24810340963660443,0.03400575090277073,0.008128302608481165,0.01767307082038297,0.18866096906099458,0.31883526544765134,0.07728479354443445,0.05992821662273279,0.02705224378311955,6
0.023393217836085136,0.0401433074776223,0.014730302360974229,0.16702470649029472,0.042783371834592764,0.17904997810403492,0.049608194765474414,0.0812713907464915,0.3496836562276496,0.052311874156779854,3
0.06959107485244627,0.048512119230468505,0.03644928763036674,0.5396420209496964,0.170224997885349,0.021766004014904337,0.008312231060567112,0.04082772375305824,0.04342055858784234,0.021253982035300562,3
0.1783967124382733,0.03850482338720646,0.01804275447803687,0.1412283924586953,0.03482443039590444,0.20053394594225651,0.14781878239382848,0.02769062059914959,0.19193110284840406,0.021028435058245174,8
0.15547414893379974,0.23651987506326067,0.050252597292683464,0.0019128818082211401,0.0037653658861003226,0.025237476527490643,0.11236303561229102,0.39673717741818415,0.011845185520773783,0.005892255937195106,1
0.7431346289766491,0.0010999223380864574,0.18124639120667338,0.010748516856990055,0.0013322280134533734,0.0037670246303892203,0.004025058731915423,0.04611214263019757,0.0012788950159952374,0.007255191599649925,0
0.30014577835720047,0.016802785472680385,0.030888594869911506,0.08174099992442786,0.027620541695817957,0.004123046585291785,0.006315071999603452,0.514041393375294,0.008472182152776933,0.009849605566995046,7
0.03061038731125794,0.12150656041459654,0.3138498936514135,0.023433812344470208,0.013041529239415005,0.05665368286602438,0.028965324464809962,0.03037567730958571,0.022483610247924286,0.3590795221505022,9
0.03766677205635958,0.07475328614960004,0.024057757195821036,0.028679372629609932,0.020756210771870072,0.03171881106099337,0.28422964980583837,0.44441461169370594,0.025944211074961625,0.02777931756123999,7
0.12647469485877993,0.16477788437590724,0.05330588927131797,0.303730492531881,0.1678326448753091,0.036540059298252624,0.009468721494150274,0.05005752999008564,0.0621177010855463,0.025694382218769917,1
0.08193250274233015,0.06234991989018169,0.058458105877145276,0.013652267559464804,0.3409539420553601,0.1013286485301658,0.11684018063131413,0.025286847390449514,0.15357702671323964,0.04562055861034939,4
0.13769414867223898,0.08026578272833257,0.24137319915620095,0.024484966802364703,0.09286409314496977,0.02965862601332182,0.047023265149087154,0.17259453373603098,0.09003934014975298,0.0840020444477002,0
0.17859628397523064,0.08555322476347174,0.09698411691407963,0.04472412803401208,0.18036457388647192,0.17180174599258186,0.06553720210236393,0.055820321349625314,0.09773903973498656,0.022879363247176085,6
0.06632225337103474,0.04324620827377866,0.038263615862911965,0.5437659383712581,0.1746264696117933,0.02031920157069083,0.008253424726465133,0.041099878824323456,0.04219296269660168,0.02191004669114192,3
0.14062502372491467,0.012286699551833508,0.03361704663623336,0.0023285002507060838,0.0023991696136609814,0.008058475902285736,0.5495919623312083,0.2378106774532873,0.004825437067837187,0.008457007468033347,0
0.0847478452037392,0.08397793368159823,0.043460050828385124,0.0572810974958805,0.058092358395712765,0.052526319565505554,0.03756559255991045,0.023830073113365394,0.49363613115985266,0.06488259799605063,8
0.011906328239838289,0.00927605362534636,0.02937102365491329,0.0014140525980322269,0.35935239313882045,0.02696064543324515,0.09610727987369884,0.02273681761981777,0.03443632918149883,0.40843907663478896,4
0.0537877105886935,0.6776499404710532,0.024621400680337042,0.08135372247121538,0.04096333358760885,0.023830458417202275,0.012133911220400355,0.030991541400241435,0.03375246851492653,0.020915512648321307,1
0.9393794064477923,0.001816192129688246,0.0005985605151837304,0.00028512325541058133,0.0002819703847823551,0.0006173391040038168,0.0446127131718722,0.008686400338271191,0.002780744707169572,0.0009415499458254417,0
0.09478195450542176,0.03686173953911021,0.030870118994442555,0.6298335030103703,0.019939323408556094,0.015011936856050193,0.03549109247991077,0.05397802986741292,0.035623784317423815,0.04760851702130094,3
0.036447624049861786,0.33437173721021507,0.011411796704242784,0.006420281598638987,0.014063390507688367,0.1665305274490031,0.24116239974411932,0.05092201263230903,0.08724638816173089,0.05142384194219035,1
0.11217564865589051,0.30390405458765485,0.023263779330997512,0.018793592334339287,0.03077656690782626,0.1933522941313479,0.060779130482196644,0.06216607322689121,0.10336720367796022,0.09142165666489556,1
0.03803520207946945,0.11764907657983058,0.0490547918055734,0.11214207587423944,0.12137376182900045,0.033807358095086684,0.030510377922762538,0.09460761951238944,0.37997302359258994,0.02284671270905868,8
0.002996502129202343,0.004656792560961688,0.9411465219728377,0.0004077627008309488,0.004742243761950653,0.005352289355536114,0.024837850270611035,0.007894704771782363,0.0013103619793776425,0.006654970496909348,2
0.04233218240667509,0.18524873529535585,0.11614277994468458,0.02528828677184965,0.10083641707768709,0.11786970521888804,0.04253172373367812,0.027319976524174113,0.04510429728546115,0.29732589574154583,5
0.12762681910267443,0.2690095441561554,0.03690694878184963,0.008659590120921195,0.09788606049883701,0.06280531141284579,0.14342239729176157,0.08902676524124617,0.09551940144920326,0.0691371619445054,8
0.5112075065183488,0.02308023603751336,0.046377272489481314,0.28719884211826113,0.03258799742758796,0.006990995662563941,0.010944907657669829,0.04027498085204545,0.026805434223836373,0.014531827012692261,0
0.23784730198497805,0.048305001764599474,0.05797502261238803,0.13505972048217552,0.02879445363859147,0.04271984187860007,0.03248284626759658,0.2640564263921778,0.015140974717255224,0.1376184102616383,7
0.06932582378411317,0.02895430883469623,0.30714096733005974,0.024225708947270306,0.011762807400645269,0.07146915238118152,0.17436338674538293,0.2794907957794497,0.01895995764700943,0.014307091150191785,2
0.059507097163179354,0.08224877556156657,0.12303774298053395,0.2372532929151979,0.021791398704029803,0.04891715859393502,0.027725860536700432,0.25108502748525985,0.1214743556756332,0.026959290383964305,2
0.002141981002659387,0.025927543161788424,0.6735431801584421,0.0007723335302569302,0.010939402728191645,0.017843430208170096,0.08185913926713671,0.0183718617186339,0.01375151763514993,0.15484961058957075,2
0.013045910903593184,0.05463274317351004,0.0040211069526260804,0.0044958631223933065,0.3498253524197287,0.12170491895376959,0.2413267921132979,0.1048920969353806,0.08699731649204953,0.019057898933651143,4
0.18293892744564164,0.20337888942069005,0.061103565709289924,0.19164271913920283,0.17074645012839712,0.03608049831876924,0.010723447340112303,0.048369589148194704,0.06982623451424227,0.025189678835459955,0
0.008949861104327352,0.00511029985100291,0.005589670529734707,0.7344556198710989,0.0007577064252184181,0.029429538121113707,0.1473611495994102,0.05426856667616561,0.009609838042691402,0.004467749779236498,3
0.24744829414827177,0.010201772099060678,0.24534638820321342,0.005172838164403467,0.006681005589247548,0.06870975875900684,0.3533561883371506,0.04418840341170076,0.008998418829668302,0.009896932458276903,0
0.010307665295864117,0.003854748025543664,0.0077805341600180565,0.002467857811684811,0.002683852413990205,0.19152753780729717,0.13123602064986217,0.06452558506767889,0.0059132597376922134,0.579702939030369,9
0.03958022233859034,0.3541356624899029,0.2265893902527913,0.018972804079816216,0.012768731683591272,0.13070997296424186,0.05895306692074381,0.04826394025398418,0.047691585167081725,0.062334623849256296,1
0.15286506215337162,0.27367645242228655,0.043183791575627004,0.12379436225491093,0.1599080925175738,0.06467523429472433,0.028363765558482114,0.06638855953112933,0.05233900023856347,0.03480567945333093,1
0.006793001294307063,0.07500463363514119,0.07558025971322632,0.005971778942053034,0.009972803536744864,0.03584667824188147,0.11122788477363256,0.023192368482616525,0.5689036494093939,0.08750694197100378,8
0.7302888900589257,0.0696076790153903,0.012642904515134525,0.004283764157875137,0.0033560962569596335,0.0023296301156375257,0.04669473815429336,0.10220557771279112,0.007224767942333364,0.02136595207065958,0
0.14484864296802555,0.0722104313088804,0.07193988297395287,0.15920679926444964,0.2613281837360327,0.035579856980070615,0.012870557761561586,0.15343634946005866,0.07440291173544236,0.014176383811525521,7
0.1357422920528646,0.007376720354355659,0.012270263845874138,0.013337473492266091,0.0036493938070506944,0.5226245475579354,0.18277308907028567,0.09186281467035634,0.005457753495337434,0.024905651653673987,5
0.9816075813637781,0.0004125952517476582,0.0027461467720876344,7.51698710883935e-05,0.0002208289676193295,0.0003793419656510208,0.010191057078265918,0.002522467191881969,6.252597919118929e-05,0.001782285558688727,0
0.22787603538480802,0.14550304461396535,0.20290621196873254,0.08995199875082964,0.10138328352560394,0.08202918536636813,0.019661909949645815,0.04055168280436635,0.05099473415108749,0.03914191348459263,5
0.037940936174152534,0.21825603292330978,0.00669073957651434,0.007143909020138915,0.4732303127417931,0.013038756001078672,0.03565176879754672,0.01490885596688586,0.09266908608498511,0.10046960271359566,4
0.051560314520281855,0.0006530198242087266,0.009545234457389527,0.8734335328408152,0.0002623574482551516,0.0034367081826529237,0.0012653066125826874,0.05586835783173206,0.0020289840796575372,0.0019461842024245876,3
0.6320362268280679,0.01782734636420639,0.040711238847886536,0.01813039000410257,0.02836967395347959,0.028423288974248458,0.08107956055356819,0.06581780158853051,0.05622654921167536,0.03137792367423429,0
0.08860803825160554,0.05412652901118592,0.25302788066450677,0.012273284894869679,0.038935396322138445,0.060772683737603854,0.3125392262054,0.0948574593538509,0.06801842456162639,0.01684107699721244,6
0.18476914345207954,0.10384839435383783,0.2579634329733097,0.08701908402474769,0.04804457773407527,0.0491662027821563,0.022182101598523782,0.10355101622190674,0.08150353501746933,0.06195251184189396,2
0.028301975869150783,0.01161025567673378,0.10590459541976044,0.003058733360552713,0.07649818668417853,0.6486346260784634,0.06163157823774122,0.009953356138402562,0.01915788429458761,0.035248808240428676,5
0.06717320238947118,0.09037800465945897,0.07494442795011692,0.028161964491100564,0.3401835899862792,0.1365575231914675,0.04321690518609868,0.04768569424657705,0.11495689396251708,0.05674179393691268,4
0.16827171424979556,0.19001203964559077,0.07519524071857926,0.11820639595837261,0.10901434984532807,0.04645986770921363,0.02521038411340005,0.09172909062089009,0.07856417596737017,0.0973367411714596,7
0.3388610045322627,0.06617839945040843,0.2113587902736086,0.19275742924172146,0.07393243340206332,0.0188336245322707,0.010881688457648643,0.04582665358417985,0.024778942477902983,0.01659103404793302,2
0.13441087632853344,0.1258754820630259,0.06343063260692149,0.2984931323812583,0.15238627099298194,0.04256460043817399,0.010522163304213768,0.05076163828244158,0.07865043073761473,0.04290477286483443,5
0.1493280385268156,0.049039170625880785,0.05528175164136495,0.01351643795893008,0.013659612914986144,0.041874008126291565,0.25144242505980285,0.07012230828987762,0.18884615061664242,0.16689009623940837,6
0.004980639138478697,0.17569212073103652,0.02188191772800607,0.0044115549246261454,0.02213138596054017,0.006229386630994871,0.0659054479449651,0.6615531105886235,0.02726632332688371,0.009948113025844953,2
0.07503958065769259,0.3720218976672911,0.04710661309284662,0.07325506769232293,0.04001184016381104,0.07241359721849042,0.06849241128679044,0.12271728585403927,0.07353163668414456,0.05541006968257067,1
0.05017002782672062,0.03407690891953406,0.02839911344066678,0.3458854526904728,0.41459565152902733,0.01950060416013301,0.00856794827364798,0.03912191986142739,0.039920381821026585,0.01976199147734339,4
