0,1,2,3,4,5,6,7,8,9,Y
0.21958558130784264,0.02136453273406477,0.0037706928279784566,0.028966511873318564,0.07078367451784089,0.15220810558215933,0.37246860644840807,0.02977539226076666,0.07656540450462676,0.024511497942993257,0
0.003272556128918522,0.009660271428407695,0.06801564566955064,0.002778805231623315,0.8924113626048028,0.00474570399635067,0.006013054903013881,0.010894719226394345,0.0011019097443389606,0.0011059710665994437,4
0.000622967092699653,0.01650357416938648,0.8943887804462756,0.06085256213452147,0.003225930673157247,0.0001434129106482307,0.00046850041199289076,0.0005707696588990812,0.0075348132302128674,0.0156886892722068,2
1.2114423256609366e-12,2.614343930671104e-12,0.9999977840226298,4.994249569023227e-08,1.707278243605556e-08,1.2845260658432062e-08,1.1125784171435836e-07,1.98110995568208e-06,1.698687954886831e-08,2.6758328575955364e-08,2
0.027976511737193458,0.027507014334049402,0.001696670405963765,0.6474851021783747,0.005817360912879272,0.01425204304715884,0.1932711691203393,0.018686705924304714,0.03891167996181734,0.024395742377919822,3
0.15269924397380644,0.1917618154755017,0.016316430749248358,0.024614002354644258,0.06330912312899609,0.010095830306669842,0.08225896073249626,0.040952269597553395,0.05077137207321313,0.36722095160787044,9
0.017265103260933924,0.02789786722155569,0.028301737395394908,0.03363369129769448,0.5806683477369372,0.02150274188356664,0.20382985466788725,0.026976248164155836,0.02024891561392806,0.03967549275794632,4
0.7923277186026059,0.03015995300752478,0.018498773394547533,0.03800249426658127,0.0062320104805610056,0.012281819119057666,0.056674704618685366,0.029409439914537115,0.0075792798725700565,0.008833806723330142,0
7.623933002435839e-05,0.0002829880177856036,0.00011071761271742299,0.00011665651904332417,2.7184752242547886e-06,0.9976925310073913,5.446024241602083e-05,0.00143941934918429,4.723167677755351e-06,0.00021954627853568975,5
0.047571765936579746,0.007760020587247856,0.006989741655695464,0.004201984451917928,0.8917804847535457,0.0012790919068242246,0.0030924612037706942,0.033451287197094295,0.002979682774806478,0.0008934795325172106,4
0.02432046969874188,0.014712228371471644,0.0033135706677293953,0.013392606635102692,0.046262943907658664,0.07282705543529835,0.4171884715889755,0.02230065319117198,0.34938768007630416,0.036294320427545435,8
0.020697003210182023,0.22440010763508222,0.11978554208033186,0.062260196380462256,0.00237394364999864,0.506080769196317,0.0052945727428665035,0.02229091499821715,0.0034942741077897384,0.033322675998752896,5
0.00010653994270258324,0.004201865254312189,0.9590665400987536,0.02924751312523254,0.0011715563600813537,0.00023949016389655732,0.0011207117684414298,0.0010573695535662953,0.0018019183348377949,0.0019864953981758578,2
0.004728281126948877,0.17166746043663322,0.011561335589156452,0.31126096423471794,0.10666320682941334,0.002662699566595004,0.25630663991539215,0.0077642900051940345,0.030820212704766675,0.0965649095911827,9
4.619658152645184e-06,0.0023939327779000114,0.9969237868287054,0.00034312034205591867,2.9067312422241724e-06,1.388905854769417e-06,6.122539386954367e-05,0.00021422379701326245,3.545737079658341e-05,1.9338194409724888e-05,2
0.02186375800537538,0.05741630605632281,0.05190447360757419,0.007082603795625892,0.7240709520763575,0.027583316650154642,0.03285783441988027,0.006886504974025139,0.06187986080856484,0.008454389606119295,4
0.031189670611899468,0.03475211228915262,0.008117727559858469,0.06884648675703535,0.0579224709511303,0.04934312142116575,0.5416811389546515,0.021599230798948318,0.10677548640932559,0.0797725542468329,6
0.01550137577238785,0.3870968546839955,0.008501956837585178,0.17554169012721269,0.05309446964875536,0.0240172124976358,0.04129158896287412,0.036872729189056604,0.19197885494695513,0.066103267333541,1
6.248571531041569e-06,0.005434462654163371,3.341198949279103e-06,0.9941330469478883,1.3460128148420779e-05,1.3759238092064072e-06,5.5400401238225274e-05,0.0002872371842501775,1.957662150779515e-06,6.346932787122468e-05,3
0.08055848503335185,0.4785277199934588,0.015535033243731915,0.018467301263713487,0.02170718931415476,0.00706545337701305,0.05153123381410844,0.024717963203447022,0.016108419960625515,0.2857812007963955,6
0.015979785451901887,0.023272176387338812,0.0011822789820855482,0.016184466052783338,0.01845818923039974,0.028741056131758598,0.8365096644291116,0.023421515218935963,0.004897807216983468,0.031353060898700776,6
0.0361550963622613,0.0529907977153056,0.4065367859511889,0.02482855203783203,0.053206112456827166,0.008949380390161469,0.031223442702784026,0.020540763902909764,0.04032988031246039,0.32523918816826963,2
0.7100836126838977,0.06176152659245913,0.0011978589514121973,0.010647141854801914,0.011412478634072215,0.10046198892172169,0.04966247824313775,0.02303889656683936,0.018815153854840533,0.01291886369681725,5
1.625787166123052e-05,0.9926324995870636,0.006233445019027041,2.179652806302825e-05,9.139405026144322e-06,3.83844933852778e-06,0.0006431746689119832,0.00030143476684580257,3.389999553661876e-05,0.00010451370852589152,1
0.050042505683161265,0.03537201030255976,0.040757962438459625,0.6391814401640985,0.009889524309009074,0.007770473207692922,0.03842860909925894,0.009332670543579375,0.020571856717608604,0.1486529475345718,3
1.880788287104919e-13,0.9999992591643784,4.574748736061159e-07,1.3611756126419616e-07,1.6537115098718e-08,1.2494472975470705e-08,3.6584659548903416e-08,3.8289520044096674e-08,1.7959168686448943e-08,2.5378062165789246e-08,1
0.00034891258656776034,0.041029757915008416,0.0029069000646353292,0.003583550142288614,0.002453958711790864,0.0011808922722641303,0.0070920139733272715,0.002927709400994894,0.9049823737543011,0.033493931178822316,8
0.0002228426022045099,0.04906955993587497,0.0015516176650828696,0.005444413372913214,0.0028761285415377005,0.00010785220850084324,0.004621998438896156,0.00031093091842942686,0.007973716269403056,0.9278209400471571,9
1.4487096036481834e-09,0.9999141692135327,2.6454604155499006e-06,3.641556647304683e-08,1.623530285505917e-08,1.4701166549299164e-08,6.896998806587875e-08,8.300387154470155e-05,1.8172026600992247e-08,2.5511746823136645e-08,1
0.01886762080641962,0.010476823015485658,0.0018599183511047344,0.01436555031515299,0.043970086207118765,0.04306346728308699,0.7278602733149194,0.016890031968463445,0.10411246294656044,0.018533765791687792,6
0.004263630074513619,0.02120416513554701,0.0036695903721711493,0.8558113047845566,0.01550957158277164,0.004811203778089598,0.016800863581434847,0.04786326417270505,0.009761316551325247,0.020305089966884817,3
0.6650194593976225,0.0472113684443297,0.01098690524444754,0.023862424999597034,0.072051968642349,0.05571615365339405,0.025127600234802653,0.0503700097587735,0.005867190683942472,0.0437869189407413,0
0.04491148582617012,0.01262069273262905,0.0031588426125481787,0.01967609195322299,0.04499262276190308,0.09652744300399446,0.632605824682642,0.0491344964115895,0.08112006922028646,0.01525243079501418,6
0.0023619623020856057,0.7074975155819582,0.09438359026164975,0.010783273840535524,0.0030641871970433056,0.13564488691272794,0.0016185865970790231,0.04004329789773342,0.0010883103616094777,0.0035143890475779643,5
0.018907243852968887,0.029656030460524785,0.0062484901493858516,0.20920270684254808,0.003823425026042117,0.00235571468996067,0.6926708241375514,0.00781509682762012,0.009484305639638502,0.019836162373759465,6
1.1271666288059138e-06,0.9907773359759455,0.0017590758160557628,0.0005455067858891965,1.9013179436878709e-06,5.288667680850428e-07,2.8753781267458816e-06,1.5161925151731271e-05,0.0005767468471662721,0.006319739920324022,1
0.04771528179014259,0.009123985469639884,0.007843504918938022,0.05285719867278708,0.0059003805934663926,0.053427356015943575,0.043274819268526464,0.7587528534420145,0.010011229983541564,0.011093389844999793,7
0.9767621246770676,0.0072470839616409636,0.0014171450455878374,0.003908709466439767,0.002014111741215624,0.0009603199477943888,0.002236538261350496,0.004520524965850428,0.00010474786937925982,0.0008286940636739048,0
0.0038168598150893442,0.07462333068440202,0.001968503716930424,0.7454906841021722,0.0077940503605782975,0.0024559254374201763,0.054073850155024174,0.004305520515696148,0.007901758670690893,0.09756951654199576,3
0.01308713279922601,0.008831234295815261,0.0017353973897568634,0.009846546097350261,0.005647852198838956,0.9018265979031053,0.01591151924731449,0.035053241161148496,0.006824444071667337,0.0012360348357772714,5
1.2449399341543377e-07,0.999751596065556,8.53637889941289e-06,3.603675078710566e-05,1.7678094895560037e-06,1.0358324552857587e-07,0.00010555611798294128,3.988189085092596e-05,1.838435205437074e-05,3.801255714072387e-05,1
4.8854380099221e-09,2.5227884369133053e-08,0.9998741493849765,2.837474282422161e-06,7.246423457751173e-06,1.0096715623603825e-06,3.13257992680753e-06,8.596782373288301e-05,1.9699631560201305e-05,5.92689717864594e-06,2
0.6371065417803358,0.1404208615370651,0.033039516028419126,0.03051316389477771,0.023704554899910545,0.047705680999642966,0.027199610249792262,0.05006748351947821,0.007267324165977808,0.0029752629246011715,0
0.0014495578525225681,0.732147368914323,0.005312478340450861,0.042067512855644806,0.021060911816678643,0.0008013156132233335,0.004716602111879428,0.004061699359349766,0.050475376485607196,0.13790717665032057,6
4.5726415748128086e-05,0.20201837617055662,0.00020932093601559227,0.00127944115797507,0.00039512361236521923,2.1926397249161202e-05,0.0009190634567096199,0.00012313523159449645,0.0022415216994654966,0.7927463649223203,9
6.599829437525093e-06,0.9942487512000843,0.004483917330108395,5.344072743019344e-05,1.471518162646756e-06,8.514854771657113e-07,0.00021390479440684389,6.9861143831396835e-06,8.895154299673267e-06,0.0009751818462099926,1
0.011756045173834273,0.004776225978674541,0.0017890861470697785,0.006117255055982895,0.0036852938032571575,0.9300568991750433,0.022620688291117217,0.013084502047367632,0.0031052814423034847,0.0030087228853497177,5
0.27429507632047606,0.04591930366649495,0.15362292291277474,0.037061451105220744,0.005624103229534701,0.06361462557875908,0.03203941966437063,0.35989818676231566,0.01788989941374661,0.010035011346307235,0
0.6542178932848324,0.11760731621641363,0.004900419927911871,0.010230976264297512,0.002158440286610062,0.003969456462654238,0.005050519945859254,0.19498635923024457,0.0020795649910473513,0.004799053390128896,0
0.032422248008217365,0.035904011894411704,0.0010582026247288416,0.011890828674012663,0.005895854142235376,0.8621853160545067,0.0043340809151437626,0.04082313234691368,0.0033530734225484505,0.0021332519172821396,5
0.0030299069538628556,0.022256406091563423,0.0011137473685374243,0.009815596885307701,0.18410066430485533,0.002091701493946782,0.033422384761588375,0.008513691436896568,0.7176009588728919,0.018054941830549665,8
0.9464189103823589,0.0028976656989663963,0.00023257462601440434,0.00019526610941248296,0.00015961800277744441,0.0005852235096272546,0.0001832601000090099,0.04912414272088072,4.154861660203516e-05,0.00016179023335165712,0
0.003812717193407301,0.2745373070395623,0.2323569300631823,0.06859410160923755,0.03238194396306486,0.00467484792938721,0.07048653286463803,0.007695040746756605,0.048265613928229915,0.25719496466253366,6
0.018398625122461727,0.17855000472303625,0.03704398298660565,0.03636576323691565,0.603649897075597,0.004368568454936741,0.02621530049513538,0.038018493905178974,0.034193539792759825,0.023195824207372512,4
0.1486972649646811,0.04926788137345495,0.021767686290584856,0.26828029495655303,0.06831229700852795,0.07713626061719037,0.11273437738764576,0.04578521736532296,0.07482727937082603,0.13319144066521277,3
0.054208945645900626,0.04367799211763866,0.002307366723412937,0.006580560905228633,0.013711663487880202,0.007356109254672869,0.02717745880959204,0.8325473483369229,0.007725919987103864,0.004706634731647461,7
0.08010139141251565,0.017742930992736366,0.0028189143012989897,0.02557406786772321,0.05211674083373681,0.05843584059484995,0.6700591168929466,0.03208194617781911,0.04082160523354734,0.02024744569282631,6
0.029461100438865632,0.07829141884872133,0.044813637874561794,0.659333391545618,0.008596627436096996,0.06185308898414852,0.024408011658600695,0.027029825117400267,0.018419537601499367,0.0477933604944878,3
0.0554112207464132,0.013260618488518842,0.0027278162081785747,0.023646905187017182,0.0336339048155076,0.09176379071536796,0.6656871473712069,0.03040440521231273,0.05886183293450893,0.02460235832096815,6
0.027189407634502866,0.012820875313294457,0.003218960870405864,0.016409544609738907,0.13581949717045982,0.16273100010781175,0.48098471041227486,0.027392414146174927,0.11196643377413201,0.02146715596120481,4
0.0006033791319631992,0.012042287403556243,0.002664615915950949,0.007459666436416589,0.9631490163806997,0.00040055709187404115,0.0036409801354899143,0.004353891173241674,0.003419857971788987,0.0022657483590187264,4
0.029411445967824155,0.09780909615093081,0.012096822708871857,0.04306021951239996,0.08254584941843267,0.05940590796499981,0.289044274015611,0.04882565452929046,0.20637528938347113,0.131425440348168,1
0.04817908510692925,0.04678231151464758,0.007657961491419481,0.028845052529944012,0.09819109394063737,0.05885133369541753,0.3139689545260634,0.24164009738364917,0.12164254232762764,0.034241567483664456,7
0.012726086583228486,0.016716777896121842,0.0018969280993832835,0.012989778427279178,0.1389850292791581,0.04800016654648553,0.5362280528464441,0.02912941845517908,0.18514666305028574,0.01818109881643478,4
0.11592527874809345,0.10600942041104464,0.1330426816453879,0.01364852160493137,0.03376174807874778,0.050581328665529945,0.1077686207409125,0.02577589249408503,0.28451147447305214,0.12897503313821523,8
1.7714194334850616e-14,8.504100343905299e-14,0.9999998140839254,4.664648036437928e-08,1.9290299229575302e-08,1.4271836482300472e-08,1.1519201847213494e-08,4.359924224684555e-08,1.3925011327173356e-08,3.666390012193295e-08,2
0.02119476706574078,0.010910551040212074,0.003332180125567772,0.017238123247319798,0.15160893930385438,0.03496263422990124,0.6470416669724504,0.01912752457279857,0.07263146771394922,0.02195214572820586,4
0.03552955409023421,0.057271490990570176,0.004287321559731222,0.1056276392877942,0.04410471875435465,0.04777242679288707,0.5370734915346569,0.039596166560105436,0.05121717303500578,0.07752001739466087,6
0.014490188857710069,0.0495370453502503,0.002351211920646341,0.2426858027003478,0.00663261426511739,0.02015169453392974,0.6078717356284381,0.022927734491958937,0.017564527203105487,0.015787445048496003,6
0.01081075505418573,0.49916178095662417,0.0007064741459206942,0.0006005876313674869,0.001151439490076667,0.001845624803339557,0.002207377928837647,0.012591063144374094,0.4653340546482435,0.005590842197030239,8
0.0033948697644229898,0.017877709162275865,0.03423435375381533,0.005275363192624522,0.009248446970588905,0.006496518581040432,0.004677357215913955,0.011195094385098274,0.9012324657072467,0.006367821266973286,8
0.43794500362083777,0.018142437411297254,0.004310583626607083,0.016276047026526522,0.03065296496302317,0.16116861488114867,0.19268300506244532,0.02675483957989661,0.08288518490896049,0.029181318919257168,0
0.02218340996326252,0.016608328255842523,0.005401031215493738,0.032280700446155636,0.24416745005135904,0.029965987998989287,0.22078103179105008,0.03311644802778305,0.3148483306885422,0.08064728156152226,8
0.01335090851695672,0.010568433357996879,0.9103296862072738,0.0028209747550527087,0.0015636285391467226,0.001317533255246692,0.0011445335576947316,0.05008360741488341,0.00798320857635036,0.000837485819398312,2
0.9901380820560415,0.0026339730442573586,0.0005667146456944063,0.00031178597971403936,0.0003843989354171794,0.0004711417726437508,0.0011486541920188945,0.0035492371490435408,0.0005866432750270845,0.0002093689501422281,0
0.5968856234463631,0.11882908907907087,0.021512290569475043,0.014565274227347559,0.017491711952017285,0.004974517625062608,0.04360805935338498,0.10938633657870502,0.011683371962132157,0.06106372520644106,1
0.00014899120115543436,0.0160771879924939,0.00018064284491178603,0.057424455846799005,0.004611467132178481,9.930504187146726e-05,0.010601173532516954,0.003835067187859065,0.804448179045101,0.10257353017511293,9
0.02514557532550762,0.03882328364932084,0.6881821835760871,0.04316765576820664,0.026005892566641434,0.007627874980537079,0.007237583788404055,0.08897353770423765,0.044673624052818786,0.030162788588239165,2
0.00026717875618880664,0.003313670333837474,7.872317829132944e-05,0.00023859916935553788,0.9382652883875288,0.000639500516363433,0.002791582356333292,0.001655552125960334,0.05093942383825529,0.0018104813378858951,4
0.22520493052610524,0.05191629819853378,0.0033984423934324097,0.027836505924413786,0.012297274263973286,0.017625606221353958,0.5564230240693742,0.0994517687509922,0.003556090232747564,0.002290059419073626,6
0.008050972698005816,0.04966723630343458,0.01631749178549409,0.10715380517804597,0.036325916694365974,0.00850007831339856,0.04031545870617349,0.01044969470273321,0.03457710070977233,0.6886422449085755,6
0.01014990369560599,0.024801892646511888,0.002987525783047572,0.010550579881211292,0.8610169407900702,0.016586673034112553,0.018506815940240718,0.021234442805066447,0.021753504145037086,0.012411721279095707,4
0.0024966739172347634,0.003659687234347001,0.9324493786058478,0.0031087254758743427,0.04154042232509108,0.011900806185424802,0.0016660951052324387,0.0019413138624691337,0.0009955855355513357,0.00024131175292727646,2
0.014087241110318189,0.38778289834181323,0.009281841031998741,0.3185917645867088,0.0071632231585594675,0.01426900018174112,0.05941917307772355,0.043015173043491575,0.04960990500664531,0.09677978046100016,9
0.023755094671245345,0.19343257725039134,0.01987477449910423,0.2151226366806408,0.10611490521637533,0.03599631418097757,0.06691462277059856,0.0630264837433075,0.06815633377362228,0.20760625721373732,1
5.782599825484194e-09,2.2019304145680807e-08,0.9999479868850998,5.318507708071511e-08,9.444033847753235e-08,3.1148766106310404e-07,9.080052365058758e-07,4.871854105290435e-05,1.7902485184014888e-06,1.0940511179970536e-07,2
0.0005222350001498951,0.00580712757346587,0.0017727392279379994,0.0014772504163842928,0.9773252786212582,0.0002899068467607872,0.005592536168300455,0.0007595158225331761,0.003104549104643173,0.0033488612185664994,4
0.0010587964006524015,0.9875508664978851,2.6370984088956947e-05,0.0003733133098152984,0.0017797792516832107,0.0002737684859413095,0.006559491629079048,0.0011605351620763973,0.0006095093668583019,0.0006075689119196615,1
0.01584902189305967,0.028539037085672226,0.0016077617624329205,0.0032710035121116974,0.00012988874205861517,0.001771181204175044,0.0011625220178570939,0.9471223547325526,0.00026563957516470733,0.0002815894749156822,7
6.655029423606546e-06,0.9962716834204544,3.7547218902543205e-05,5.4833419087261884e-05,0.00010681478167319595,4.194613803455732e-05,0.0007028224137589728,0.0024040631416886306,6.309662496328862e-05,0.00031053781201360024,1
5.912949234575573e-11,0.9999955888581221,2.1397407951366082e-07,5.829079451279383e-07,1.9464567893809227e-08,1.4214617067496607e-08,3.081006218063074e-06,2.500068397967559e-07,6.193921005783795e-08,1.87569270685153e-07,1
0.0005829510691311452,0.009790319929044885,0.9673771832920754,0.01008148822819923,0.0033310203920899994,7.53611516076202e-05,0.0011603004695309215,0.002107615180183432,0.002026385412652113,0.0034673748754852273,2
0.8473241806898603,0.020181371437206344,0.0022609681147597377,0.0037213516600867256,0.0034366806060757973,0.02308559939736291,0.024675993604039326,0.07100994635118156,0.0033414076036788415,0.0009625005357488915,0
7.362348724134866e-05,0.8970528004396757,0.015104176938920239,0.08731189555722016,5.1880107772209544e-05,5.005827728203286e-05,3.754092041285579e-05,0.00016221129347280183,6.982661997042835e-05,8.598635803209446e-05,3
2.295645910652353e-05,0.054501773829747246,0.9363173189957006,0.003367910354682497,0.000113885117309416,1.31940880150952e-05,0.00020843942037981395,0.0023454581280972085,0.0023329169960742266,0.0007761466108870293,1
0.06787350453699993,0.018220831137652504,0.002675178824230925,0.015298275927841665,0.04729643310845327,0.1552758348864714,0.5777368258252785,0.03445651944140294,0.059263284182162014,0.021903312129507045,5
0.05912396167361564,0.043858145078849144,0.0038054908832119857,0.015305463062655077,0.09577401030576221,0.04071984352216415,0.5749087528895789,0.09033484606776118,0.04724927045201643,0.028920216064385773,6
0.001040471493677084,0.017407777576449304,0.011499059946767271,0.03802598632010481,0.0010825395405883963,0.0036723761653472053,0.002893784978287718,0.01506655428173335,0.9059886305067283,0.0033228191903172176,8
0.07816511050079435,0.026227441939968888,0.012927758007147313,0.1156484745930327,0.00927861546380526,0.3253559973759173,0.16251306344491687,0.19806964686171583,0.038166863130048,0.03364702868265393,7
1.0376218527895872e-09,0.999967932989636,6.316406028832064e-07,3.2110747818717675e-06,1.4768330284633772e-08,1.3487517168393467e-08,9.525083631201973e-06,1.1408029515012513e-05,5.2836841962865756e-06,1.978204167204291e-06,1
0.004492975830849811,0.0060073114528498535,0.003043997628726218,0.014706571141948904,0.006832214529850176,0.9310517182796546,0.003236873368799901,0.02708771780320659,0.0026637065347703687,0.0008769134293435925,5
0.008091523934277329,0.170793637588289,0.009682207299709521,0.06811866264105552,0.03932222558629001,0.004585689873537503,0.16836848199812385,0.05173063418595026,0.06321289577807662,0.41609404111469056,9
0.09919842176438372,0.05005114046434787,0.03144589513887622,0.18514222647315492,0.0200308567766128,0.05101912232518937,0.30409602359808885,0.18485116206579724,0.010741982074675159,0.0634231693188736,6
8.995212925925127e-08,2.1727876968506752e-07,0.9993830943548856,4.608792948231866e-05,3.383846234258628e-07,5.58941203418866e-07,5.500001439138314e-07,0.0005665964316788974,2.313698462567656e-06,1.530286207361714e-07,2
0.032274284782275287,0.15780704887111824,0.003476864590377629,0.05835488147128575,0.049978273824196645,0.006807911816327564,0.4183727779405275,0.05050672815798092,0.026702781322912223,0.19571844722299844,6
0.0012011075960234436,0.9806245251815076,0.004800928634794018,3.627606265368489e-05,0.00015369162174045392,1.5179680127314605e-05,2.4038921169686194e-05,0.013041466314212822,1.7026901785715925e-05,8.575908598495839e-05,1
0.9988399350335788,0.00021400532473987526,0.00017906494006678583,2.7335708305178427e-05,1.5314788473589888e-07,5.655519881846421e-07,1.269968031863778e-07,0.0007386448721874496,7.160912196682737e-08,9.681532417860948e-08,0
0.09314623741525496,0.023536089439018033,0.01312884451315747,0.21739611315227916,0.0570924832887987,0.12697020814910318,0.3153742956028974,0.07690842760657975,0.031222832024514268,0.04522446880839663,3
0.02362539216407627,0.02660509806987526,0.004699779982996329,0.012699578800936074,0.6773047609777972,0.040223216602725514,0.1162839946746164,0.030693421895113607,0.042351293743099976,0.025513463088763382,4
0.0027595843271914014,0.5911811839057665,0.0039294948463316146,0.06834613451880668,0.00964013456151019,0.004001368912274709,0.16340181492840988,0.008046485001236368,0.03640749033999932,0.11228630865847335,1
0.00132622546782933,0.10991644943163707,0.23331060377571738,0.5465883753087748,0.002541803515152574,0.0010165717866878151,0.010691776688372796,0.006724146641511753,0.019345197589901487,0.06853884979441524,6
0.02966249217207565,0.04236614932008597,0.0024094439544834895,0.337876936955362,0.012534086883724012,0.3497366843324174,0.026054491056177506,0.15829552885255835,0.027766834981098765,0.013297351492016723,5
0.0016787627563919732,0.002836207953543353,0.9807317459588532,0.0020233244304570554,0.0001893882986109923,0.0008546494445198859,0.0007588948283090725,0.006780055630640667,0.0014585893676420652,0.0026883813310318422,2
0.0023828334925364634,0.767561336106178,0.004372556517188624,0.0028627937112830283,0.0029775138745463327,0.00012070193545395885,0.001912072972334658,0.006846832501661913,0.008171741335321123,0.2027916175534959,1
2.2256985623418365e-09,0.9999308628079736,7.588211933752892e-07,2.732479238772949e-06,2.7105508489201397e-08,1.3812654553164792e-08,3.3904658933700537e-06,1.3030414333162956e-05,4.8627297805887346e-06,4.431913772549091e-05,1
2.3364058702588857e-08,0.9997824741900312,5.596719685404045e-05,1.0192694718418589e-07,4.198639131892869e-08,3.6300902749978255e-08,2.8506618336802557e-08,2.7223396629578052e-06,0.00015604075807719423,2.563430456329443e-06,1
0.0020812596888087507,0.010466883061680365,0.0011821442355144467,0.0014587095000775923,0.005087686893003611,0.0025035664548114516,0.025623419287985172,0.003598586289689311,0.9397252909091478,0.008272453679281495,8
0.0013235091471134135,0.006708187762208787,0.0006198298224138359,0.005630638437679446,0.012804774598424565,0.003355754020825742,0.03444431602100079,0.0016791088501221865,0.9170778649948418,0.016356016345369265,8
0.002322597507406954,0.30797177141997817,0.08906883628585383,0.4427906559291729,0.005464975452672363,0.0027331872136102556,0.004802194012055197,0.003998414381421519,0.004733093063192661,0.13611427473463636,3
0.0029035707317734945,0.01160329796355309,0.00046257184156159477,0.9586240552437172,0.004463357269267594,0.0009434847271210692,0.009564124421228738,0.003973368483678648,0.004931757089857147,0.002530412228241335,3
0.8482844481877052,0.009763710423114356,0.0010021784385970017,0.0032214812481084136,0.002419252285944853,0.029173382062138768,0.006410494035941009,0.09477700451640339,0.002430422154775231,0.002517626647271484,0
0.018017268138634173,0.016833344491403977,0.002966558848525445,0.011558008400653226,0.7350188853864495,0.024665039012122563,0.12598488789283266,0.017938078397235206,0.03607423002411567,0.01094369940802747,4
0.0003090681311284007,0.8847711944402213,0.002421329956149056,0.020911869863574153,0.0018350732219889249,0.00029301568502811647,0.002597012428728017,0.0009944786795928924,0.01591824276306537,0.06994871483052295,1
0.9210007927317474,0.014044371023033103,0.00022550019298704516,0.0027356741437196317,0.0029893285902716825,0.008906018182209567,0.002707590293620238,0.04650410105874136,0.00024971678883317324,0.0006369069948373535,0
0.009057436398343817,0.0631824073595642,0.012465779147271103,0.03720626768206976,0.006260131197343682,0.09527393059822084,0.05387211085825927,0.7013200941984137,0.01746902897954945,0.0038928135809639113,7
0.25405150661107917,0.027238024471387904,0.0015550396861199213,0.009299877497087277,0.0526182973398477,0.46499907900276816,0.02897161695801179,0.15103044786358108,0.006269084730684581,0.0039670258394323655,5
0.0019175463870114509,0.025757858509196565,0.022108213658718654,0.020965917335851878,0.011436701760598737,0.021128320670518005,0.7700092163941501,0.12178085489322944,0.0028891941265978952,0.002006176264127156,6
0.01970312265236837,0.16764596279128532,0.0029095227468584448,0.021150471507377946,0.01142820784237616,0.006520863787710404,0.03365724252870275,0.058363846398890855,0.6308746499872696,0.04774610975716017,8
0.9435037639044379,0.04261571515787772,0.00044587016837428176,0.0023000761069430246,1.8706629143022312e-06,1.817482328164637e-06,5.1113188739966756e-06,0.010948331371664292,0.00016285892247621474,1.4584904110273894e-05,0
2.1271059614925952e-06,0.0006550328638433192,0.998795305275051,4.98845007100719e-05,1.0538263636299465e-05,1.230753012032331e-07,1.5219344309465416e-05,0.00026324924733142207,4.782809153272709e-05,0.00016069223232362509,2
0.0001169409108669651,0.015198470411135262,0.0016035422484448007,0.00862307572319517,0.0013806741873598409,6.820917486701149e-05,0.00125052157166681,0.0002824758169576218,0.19539931408365202,0.7760767758718543,9
0.05535670619318775,0.10612428460915593,0.14082557379211735,0.35548273105490064,0.2577094772740937,0.001771349526982941,0.011086954560943496,0.006884614882291341,0.023956240843877544,0.040802067262449455,4
0.0019028732503853806,0.4521884637903652,0.013576556368867105,0.036549430998856776,0.011360403584329212,0.00048029275946895756,0.005464242041533908,0.03311833488606471,0.03303087412303816,0.41232852819709065,6
0.01679887600220707,0.1607065597391456,0.07384823354632737,0.1572282074322318,0.04208639189289098,0.008141009962681096,0.021646555939611827,0.029873576513920686,0.17269153812538607,0.3169790508455975,1
4.122132253534995e-06,0.0017629572828539324,0.9809191659205992,0.0001789996743010074,3.7243099429169732e-06,2.416170173815441e-05,7.065448234613227e-06,0.017090967502825342,5.123478849954643e-06,3.7125484015190476e-06,2
0.0004081823360448556,0.003334611884535432,0.9730475199494022,0.003166130451987462,0.007253885691603764,0.00017371584688116975,0.0027381665195229145,0.009099561774887709,0.0002885975365152866,0.0004896280086186691,2
0.120546986126184,0.033029941593280314,0.008016994982620132,0.49482318946465575,0.021673542841826734,0.009683162010818855,0.17147843181553976,0.07843098201670207,0.030798289848928618,0.03151847929944372,3
0.0006627456514601022,0.9247912565783765,0.002957400491572284,0.015271463377038661,0.0016707009578462604,0.00043830466584838314,0.00557783930257546,0.02272599599125882,0.007105765709023663,0.018798527274999758,1
0.6479655418300453,0.014102904187279023,0.014528392574218152,0.15891560598414783,0.004424304228270705,0.020929152110321154,0.02070500085151442,0.09659782481197757,0.013910850054170703,0.00792042336805486,0
0.021591342442356783,0.03737827026211715,0.026569239305785527,0.8768018315282669,0.0011588232220797715,0.0021119064445892025,0.00404569020715567,0.021200011259127988,0.0064866178593479635,0.0026562674691730584,3
0.054399533077742854,0.03241375849514899,0.010742796804829615,0.003727120715765457,0.00026810271054962184,8.515009057957541e-05,0.000562978583290194,0.897368775541126,0.0002131523582593554,0.00021863162270896344,7
0.05842307256069542,0.04008532226842235,0.18629983915102985,0.1464512596769544,0.06489038047350248,0.060810496021083876,0.12775898585440892,0.05481649740797307,0.09257298306769642,0.1678911635182333,2
0.0010302706104639513,0.04724866496995597,0.05924745958046959,0.8391245107588262,0.016988713224440462,0.0005652212770066053,0.00459536874334607,0.007644651801860745,0.00429496070507036,0.01926017832856031,3
0.0236241220037888,0.04154861930988857,0.01343582663707773,0.04272246379971208,0.11333957681249017,0.06663846195011708,0.40767734675645906,0.03849079083058425,0.08275586414733081,0.16976692775255145,6
0.09811620607951317,0.013389426335822756,0.005818304290236373,0.12527812810406302,0.10670623134406074,0.2215992272750068,0.1944813496944048,0.03580268538642641,0.14423210885063922,0.054576332639827044,3
7.121559787746139e-07,0.9983002009239212,0.00022714426203036153,9.256420749795854e-05,0.0003764904671414894,5.021367690347376e-07,1.763370926675963e-05,5.66770633387698e-06,3.27079520408688e-05,0.0009463764790194955,1
0.05698107440482514,0.011590967338286809,0.002752977852574684,0.01621503364513262,0.0477743121373018,0.13577229299975904,0.6205304410902537,0.032970292825676845,0.058010042098092955,0.017402565608095947,7
0.9747129225240779,0.009271001394139134,0.006089047453520385,0.0016459600416574554,0.00022226791190920608,0.00036424101995162077,0.00027726116723096025,0.005923306597471866,0.0005289539057746673,0.0009650379842666787,0
0.8386064131673909,0.020053586931867956,0.0020405505205707726,0.00948636598019105,0.012777373071148521,0.03180861485713993,0.00486062463148184,0.05832882984651772,0.0017138961399354577,0.02032374485375542,0
0.10825455718603906,0.06414360543374792,0.004866660644226129,0.05078987505434983,0.20515474095672936,0.05790229582139874,0.2810401825531186,0.06740594767472186,0.12689516574019571,0.03354696893547297,7
0.13936779928462958,0.030888111055829285,0.007547955870235568,0.08837112180202779,0.04090344556414545,0.07846037282383049,0.4496706651581304,0.07030137484556205,0.06762147836857557,0.02686767522703398,3
0.002249573743909721,0.03028247554196537,0.0060988850005267705,0.02186113303951375,0.0038349073758199965,0.001095313373980489,0.10313355778599803,0.004473109943317015,0.8015507063948609,0.025420337800107686,8
0.9915162136208936,0.005652640343974533,1.321994979691678e-05,9.072803039143502e-05,0.00036451708622817507,0.00013050443158167327,3.92892109744349e-05,0.002125098702463391,1.0458819000644991e-05,5.732980469505616e-05,0
0.004511360654328628,0.1379603388526267,0.0008584261846474121,0.0016169893934466627,0.00011975762302367319,9.128642149504715e-05,0.0025367115385769435,0.8519851496483578,0.00020782356890404466,0.00011215611459342343,7
0.15048380398000813,0.014693970670185042,0.0038077156757955516,0.018409881579873496,0.056300818297744436,0.11600845063254017,0.5068501495308004,0.05368614355332939,0.06267351696447084,0.017085549115252466,0
5.599156701107445e-06,0.0022281717516650294,0.00016648430635255238,0.9950532007928512,1.5528883830355486e-06,9.907252958790134e-07,4.558381302994977e-06,0.002537284908314521,8.865910361991378e-07,1.2704980973201528e-06,3
2.981979729134854e-12,1.418102323691256e-11,0.9999986769577462,3.188568605916995e-07,1.2565616998021407e-08,1.640327258768075e-08,2.2045378249658786e-07,7.610317413829545e-08,6.353039864369034e-07,4.333839747018964e-08,2
0.009190285886407672,0.22773260627665054,0.009692720901447573,0.007723892857251878,0.006974788912416403,0.006372514802167017,0.001387202972071863,0.41704250576730345,0.24004274090671968,0.0738407407175638,8
0.3011112465100599,0.029922667711743876,0.006608394828331077,0.0754644766796713,0.020864719379237836,0.016608366148139965,0.47065458344594296,0.041382551252843014,0.01700633464807851,0.020376659395951128,0
0.00010258636588927662,0.011017052432385243,0.0007373451941930561,0.9856293382261714,7.674635958824178e-05,1.2119450628987437e-05,0.0005013099745356664,0.0005961583791749173,9.685807663367914e-05,0.0012304855407996712,3
0.005069211785736879,0.02173900187882847,0.005174759167039023,0.06860846751288559,0.004169392123092201,0.004732993971656698,0.7973285757128256,0.006236046696272237,0.05301466053684714,0.03392689061481602,6
0.01536005430633716,0.17302348050668626,0.008984203085576863,0.05116039049443787,0.023878840931954765,0.003030351255161239,0.18728620336062002,0.022178660951306474,0.15214674538053327,0.3629510697273861,9
0.005959953921878478,0.011937118169012913,0.8804056676579463,0.03696102302679927,0.002840369760492527,0.008857556477520156,0.004485035072801281,0.032359027479357365,0.014342194662179657,0.0018520537720121393,2
0.0002933530418464613,0.002890992110155189,0.9928860091066234,0.0004455628649912463,9.758323390585823e-05,2.27306923113251e-05,0.0001130867490080966,0.0005897300378578422,0.002213543318618809,0.0004474088446823388,2
0.00706968992042144,0.02822303478144424,0.01077416393804576,0.0022344231472021464,0.00018844092701787908,0.00097668451972143,0.00031996703042584245,0.9474974245233958,0.0013513798496846787,0.0013647913626404567,7
0.07050461680882975,0.029059837087038066,0.00393298267750296,0.030465744188904083,0.06737400889782504,0.20846678825387413,0.45311535035104095,0.03762873164086606,0.054761615429315846,0.044690324664803785,5
0.06461266132511463,0.017524288255381913,0.004989856753807839,0.031043138062704385,0.33179840275249173,0.09085743768841263,0.3607244777347966,0.021316471875617155,0.058178382452936696,0.01895488309873627,4
0.022473422487728663,0.039831605565584474,0.3086888827946055,0.15154662095543847,0.14897546848169885,0.03020020224204514,0.09415382065293211,0.015654104867194325,0.06437633251957345,0.12409953943319957,2
0.0037453845315371923,0.002647154333270163,0.0009620112216319472,0.003910230078846674,0.0008060689093612197,0.9687947524482201,0.0039438539621816345,0.009118668283181757,0.003381919906032377,0.002689956325736876,5
0.8967249449316423,0.014466983582621443,0.0034337627170018727,0.015489708955385937,0.008318421510455216,0.01661007884207934,0.023872301428917317,0.00964883439506143,0.003820293302591686,0.00761467033424403,0
0.0020113772001139714,0.050677081218155375,0.007152047007961535,0.9257030967109764,0.0002984997639331501,4.353503287670962e-05,0.0020049606020546254,0.0016315503059216925,0.0013397190320496505,0.00913813312595731,3
1.1582949856132447e-05,0.0007082466305651336,0.9956678123982872,0.002811920674273235,9.696943663134052e-06,1.9538171988916976e-06,7.260673410107412e-05,3.5976677324456744e-05,2.5181146822495247e-05,0.0006550220279084458,2
0.071460830818823,0.01056389952531414,0.0199818387195653,0.012191133347571086,0.708536139119795,0.030746555805885416,0.055976015035814175,0.05986863562655452,0.008673012805917252,0.022001939194760674,4
1.9903746695381714e-13,0.9999988640319919,7.108647095774656e-08,9.408117574478769e-07,1.6465009568713083e-08,1.250364586701051e-08,1.1111419988280762e-08,2.8833653996739503e-08,2.043078687078709e-08,3.472506430253813e-08,1
0.05485862571320485,0.028956757073212065,0.005195049726988772,0.0068634600988620635,0.024819301113781528,0.6480097906903163,0.14993944107669352,0.058262302631268366,0.018427821452134983,0.004667450423538046,5
0.027998347602292945,0.023641137599989148,0.0018925504601446234,0.013168461608487222,0.00544882825765135,0.02184312416452987,0.8753924416279855,0.012480208594845112,0.011578216427149277,0.006556683656925224,6
0.021948235905435497,0.0050055402717467876,0.0027585151720768302,0.005294183113104559,0.007892064269597831,0.8169709196590133,0.007687263349938819,0.12323577489564454,0.008016417472515702,0.0011910858909258573,5
9.317010924651781e-05,0.5181180150611571,0.0013190807572121474,0.46667509008275,0.0010468151388262896,6.884699584237349e-05,0.0008851294990806521,0.0035315022770845595,0.004528702342930708,0.0037336477358700633,3
0.0033074485369786804,0.1516088774114824,0.07594476730262503,0.7281840254600584,0.015368987348328665,0.0028573256820157793,0.009945176893234297,0.007532110102953634,0.0029560579003834945,0.002295223361939371,3
0.005266140464774616,0.21178267276292975,0.0036387953195355506,0.467436755752445,0.006116195566755718,0.0017817120611169188,0.0037376838354749205,0.002863824840527228,0.002655293378261762,0.29472092601817823,9
0.031284986869042915,0.10247968617279617,0.0006356674893805581,0.03146650206171534,0.0027158291659568697,0.0010503493052164356,0.01571027825646533,0.0072213810257231855,0.7956601905205148,0.011775129133188995,8
0.1954819010380003,0.7080399394942701,0.001135821196825313,0.006598285205498869,0.003964913152259947,0.004191937115806076,0.011620365805981775,0.03758387001586556,0.013962689017224812,0.01742027795826751,1
0.014429440442619759,0.04775614227056818,0.0359694730649033,0.049301036002370846,0.5084172409362305,0.02832804105545065,0.17187711779729187,0.040061327867132755,0.030602005532014694,0.07325817503141764,4
0.011570578120502356,0.05052056027175941,0.00891548364408263,0.09853291811266732,0.2688864532387008,0.02343187041855005,0.36353324775468276,0.04094421791387416,0.05238907094468255,0.08127559958049793,2
0.03807535702043535,0.010087255375287789,0.0027351449996487246,0.006391224254428797,0.07185715164506974,0.0041601187849399195,0.004075119006236761,0.8448281771803499,0.00815187939353113,0.009638572340072036,7
1.4826523989371424e-14,8.49960323824101e-14,0.9999998177939295,4.646433729258634e-08,1.428730939302974e-08,1.2500013193943711e-08,1.1113406739574177e-08,3.978148269219777e-08,2.2319149452299058e-08,3.574027179408321e-08,2
0.00488951155520762,0.23443962270608248,0.2630895481705857,0.41713938252473215,0.00472168282244924,0.0002919453453149507,0.0028758972121066036,0.002247976741476264,0.008881133298500163,0.06142329962354489,3
0.0001780786266162325,0.031018372928765674,0.0012720856012262277,0.006010943305005457,0.0010496851829359401,0.0001415593437753835,0.0005747911821527211,0.000264864077504507,0.0005680786434293074,0.9589215411085884,9
